LTE(1) or 5G(2)
2 2 2 2 2 2 2 2 2 2 2 2 2 2 2 2 2 2 2 2 2 2 2 2 2 2 2 2 2 2 2 2 2 2 2 2 2 2 2 2 2 2 2 2 2 2 2 2 2 2 2 2 2 2 2 2 2 2 2 2 2 2 2 2 2 2 2 2 2 2 2 2 2 2 2 2 2 2 2 2 2 2 2 2 2 2 2 2 2 2 2 2 2 2 2 2 2 2 2 2 2 2 2 2 2 2 2 2 2 2 2 2 2 2 2 2 2 2 2 2 2 2 2 2 2 2 2 2 2 2 2 2 2 2 2 2 2 2 2 2 2 2 2 2 2 2 2 2 2 2 2 2 2 2 2 2 2 2 2 2 2 2 2 2 2 2 2 2 2 2 2 2 2 2 2 2 2 2 2 2 2 2 2 2 2 2 2 2 2 2 2 2 2 2 2 2 2 2 2 2 2 2 2 2 2 2 2 2 2 2 2 2 2 2 2 2 2 2 2 2 2 2 2 2 2 2 2 2 2 2 2 2 2 2 2 2 2 2 2 2 2 2 2 2 2 2 2 2 2 2 2 2 2 2 2 2 2 2 2 2 2 2 2 2 2 2 2 2 2 2 2 2 2 2 2 2 2 2 2 
SNR of LTE
12 12 12 12 12 12 12 12 12 12 12 12 12 12 12 12 12 12 12 12 12 12 12 12 12 12 12 12 12 12 12 12 12 12 12 12 12 12 12 12 12 12 12 12 12 12 12 12 12 12 12 12 12 12 12 12 12 12 12 12 12 12 12 12 12 12 12 12 12 12 12 12 12 12 12 12 12 12 12 12 12 12 12 12 12 12 12 12 12 12 12 12 12 12 12 12 12 12 12 12 12 12 12 12 12 12 12 12 12 12 12 12 12 12 12 12 12 12 12 12 12 12 12 12 12 12 12 12 12 12 12 12 12 12 12 12 12 12 12 12 12 12 12 12 12 12 12 12 12 12 12 12 12 12 12 12 12 12 12 12 12 12 12 12 12 12 12 12 12 12 12 12 12 12 12 12 12 12 12 12 12 12 12 12 12 12 12 12 12 12 12 12 12 12 12 12 12 12 12 12 12 12 12 12 12 12 12 12 12 12 12 12 12 12 12 12 12 12 12 12 12 12 12 12 12 12 12 12 12 12 12 12 12 12 12 12 12 12 12 12 12 12 12 12 12 12 12 12 12 12 12 12 12 12 12 12 12 12 12 12 12 12 12 12 12 12 12 12 13 13 13 13 13 13 13 13 13 13 13 
SNR of 5G
13 13 13 13 13 13 13 13 13 13 13 13 13 13 13 13 13 13 13 13 13 13 13 13 13 13 13 13 13 13 13 13 13 13 13 13 13 13 13 13 13 13 13 13 13 13 13 13 13 13 13 13 13 13 13 13 13 13 13 13 13 13 13 13 13 13 13 13 13 13 13 13 13 13 13 13 13 13 13 13 13 13 13 13 13 13 13 13 13 13 13 13 13 13 13 13 13 13 13 13 13 13 13 13 13 13 13 13 13 13 13 13 13 13 13 13 13 13 13 13 13 13 13 13 13 13 13 13 13 13 13 13 13 13 13 13 13 13 13 13 13 13 13 13 13 13 13 13 13 13 13 13 13 13 13 13 13 13 13 13 13 13 13 13 13 13 13 13 13 13 13 13 13 13 13 13 13 13 13 13 13 13 13 13 13 13 13 13 13 13 13 13 13 13 13 13 13 13 13 13 13 13 13 13 13 13 13 13 13 13 13 13 13 13 13 13 13 13 13 13 13 13 13 13 13 13 13 13 13 13 13 13 13 13 13 13 13 13 13 13 13 13 13 13 13 13 13 13 13 13 13 13 13 13 13 13 13 13 13 13 13 13 13 13 13 13 13 13 13 13 13 13 13 13 13 13 13 13 13 
RSSI
-51 -51 -51 -51 -51 -51 -51 -51 -51 -51 -51 -51 -51 -51 -51 -51 -51 -51 -51 -51 -51 -51 -51 -51 -51 -51 -51 -51 -51 -51 -51 -51 -51 -51 -51 -51 -51 -51 -51 -51 -51 -51 -51 -51 -51 -51 -51 -51 -51 -51 -51 -51 -51 -51 -51 -51 -51 -51 -51 -51 -51 -51 -51 -51 -51 -51 -51 -51 -51 -51 -51 -51 -51 -51 -51 -51 -51 -51 -51 -51 -51 -51 -51 -51 -51 -51 -51 -51 -51 -51 -51 -51 -51 -51 -51 -51 -51 -51 -51 -51 -51 -51 -51 -51 -51 -51 -51 -51 -51 -51 -51 -51 -51 -51 -51 -51 -51 -51 -51 -51 -51 -51 -51 -51 -51 -51 -51 -51 -51 -51 -51 -51 -51 -51 -51 -51 -51 -51 -51 -51 -51 -51 -51 -51 -51 -51 -51 -51 -51 -51 -51 -51 -51 -51 -51 -51 -51 -51 -51 -51 -51 -51 -51 -51 -51 -51 -51 -51 -51 -51 -51 -51 -51 -51 -51 -51 -51 -51 -51 -51 -51 -51 -51 -51 -51 -51 -51 -51 -51 -51 -51 -51 -51 -51 -51 -51 -51 -51 -51 -51 -51 -51 -51 -51 -51 -51 -51 -51 -51 -51 -51 -51 -51 -51 -51 -51 -51 -51 -51 -51 -51 -51 -51 -51 -51 -51 -51 -51 -51 -51 -51 -51 -51 -51 -51 -51 -51 -51 -51 -51 -51 -51 -51 -51 -51 -51 -51 -51 -51 -51 -51 -51 -51 -51 -51 -51 -51 -51 -51 -51 -51 -51 -51 -51 -51 -51 -51 -51 -51 -51 -51 -51 -51 -51 -51 -51 -51 -51 -51 
RSRP
-67 -67 -67 -67 -67 -67 -67 -67 -67 -67 -67 -67 -67 -67 -67 -67 -67 -67 -67 -67 -67 -67 -67 -67 -67 -67 -67 -67 -67 -67 -67 -69 -69 -69 -69 -69 -68 -68 -68 -68 -68 -68 -68 -68 -68 -68 -68 -68 -68 -68 -68 -68 -68 -68 -68 -68 -68 -68 -68 -68 -68 -68 -68 -68 -68 -68 -68 -68 -68 -68 -68 -68 -68 -68 -68 -68 -68 -68 -68 -68 -68 -68 -68 -68 -68 -68 -68 -68 -68 -68 -69 -69 -69 -69 -69 -69 -69 -69 -69 -69 -69 -69 -69 -69 -69 -69 -69 -69 -69 -69 -69 -69 -69 -69 -69 -69 -69 -69 -69 -69 -69 -69 -69 -69 -69 -69 -69 -69 -69 -69 -69 -69 -69 -69 -69 -69 -69 -69 -69 -69 -69 -69 -69 -69 -69 -69 -69 -69 -69 -69 -69 -69 -69 -69 -69 -69 -69 -69 -69 -69 -69 -69 -69 -69 -69 -69 -69 -69 -69 -69 -69 -69 -69 -69 -69 -69 -69 -69 -69 -69 -69 -69 -69 -69 -69 -69 -69 -69 -69 -69 -69 -69 -69 -69 -69 -69 -69 -69 -69 -69 -69 -69 -69 -69 -69 -69 -69 -69 -69 -69 -69 -69 -69 -69 -69 -69 -69 -69 -69 -69 -69 -69 -69 -69 -69 -69 -69 -69 -69 -69 -69 -69 -69 -69 -69 -69 -69 -69 -69 -69 -69 -69 -69 -69 -69 -69 -69 -69 -69 -69 -69 -69 -69 -69 -69 -69 -69 -69 -69 -69 -69 -69 -69 -69 -69 -69 -69 -69 -68 -68 -68 -68 -68 -68 -68 -68 -68 -68 -68 
CID
13678086 13678086 13678086 13678086 13678086 13678086 13678086 13678086 13678086 13678086 13678086 13678086 13678086 13678086 13678086 13678086 13678086 13678086 13678086 13678086 13678086 13678086 13678086 13678086 13678086 13678086 13678086 13678086 13678086 13678086 13678086 13678086 13678086 13678086 13678086 13678086 13678086 13678086 13678086 13678086 13678086 13678086 13678086 13678086 13678086 13678086 13678086 13678086 13678086 13678086 13678086 13678086 13678086 13678086 13678086 13678086 13678086 13678086 13678086 13678086 13678086 13678086 13678086 13678086 13678086 13678086 13678086 13678086 13678086 13678086 13678086 13678086 13678086 13678086 13678086 13678086 13678086 13678086 13678086 13678086 13678086 13678086 13678086 13678086 13678086 13678086 13678086 13678086 13678086 13678086 13678086 13678086 13678086 13678086 13678086 13678086 13678086 13678086 13678086 13678086 13678086 13678086 13678086 13678086 13678086 13678086 13678086 13678086 13678086 13678086 13678086 13678086 13678086 13678086 13678086 13678086 13678086 13678086 13678086 13678086 13678086 13678086 13678086 13678086 13678086 13678086 13678086 13678086 13678086 13678086 13678086 13678086 13678086 13678086 13678086 13678086 13678086 13678086 13678086 13678086 13678086 13678086 13678086 13678086 13678086 13678086 13678086 13678086 13678086 13678086 13678086 13678086 13678086 13678086 13678086 13678086 13678086 13678086 13678086 13678086 13678086 13678086 13678086 13678086 13678086 13678086 13678086 13678086 13678086 13678086 13678086 13678086 13678086 13678086 13678086 13678086 13678086 13678086 13678086 13678086 13678086 13678086 13678086 13678086 13678086 13678086 13678086 13678086 13678086 13678086 13678086 13678086 13678086 13678086 13678086 13678086 13678086 13678086 13678086 13678086 13678086 13678086 13678086 13678086 13678086 13678086 13678086 13678086 13678086 13678086 13678086 13678086 13678086 13678086 13678086 13678086 13678086 13678086 13678086 13678086 13678086 13678086 13678086 13678086 13678086 13678086 13678086 13678086 13678086 13678086 13678086 13678086 13678086 13678086 13678086 13678086 13678086 13678086 13678086 13678086 13678086 13678086 13678086 13678086 13678086 13678086 13678086 13678086 13678086 13678086 13678086 13678086 13678086 13678086 13678086 13678086 13678086 13678086 13678086 13678086 13678086 13678086 13678086 13678086 13678086 13678086 13678086 13678086 13678086 13678086 13678086 13678086 13678086 13678086 13678086 13678086 13678086 13678086 13678086 
RSRP of 5G
-80 -80 -80 -80 -80 -80 -80 -80 -80 -80 -80 -80 -80 -80 -80 -80 -80 -80 -80 -80 -80 -80 -80 -80 -80 -80 -80 -80 -80 -80 -80 -79 -79 -79 -79 -79 -79 -79 -79 -79 -79 -79 -79 -79 -79 -79 -79 -79 -79 -79 -79 -79 -79 -79 -79 -79 -79 -79 -79 -79 -79 -79 -79 -79 -79 -79 -79 -79 -79 -79 -79 -79 -79 -79 -79 -79 -79 -79 -79 -79 -79 -79 -79 -79 -79 -79 -79 -79 -79 -79 -80 -80 -80 -80 -80 -80 -80 -80 -80 -80 -80 -80 -80 -80 -80 -80 -80 -80 -80 -80 -80 -80 -80 -80 -80 -80 -80 -80 -80 -80 -80 -80 -80 -80 -80 -80 -80 -80 -80 -80 -80 -80 -80 -80 -80 -80 -80 -80 -80 -80 -80 -80 -80 -80 -80 -80 -80 -80 -80 -80 -80 -80 -80 -80 -80 -80 -80 -80 -80 -80 -80 -80 -80 -80 -80 -80 -80 -80 -80 -80 -80 -80 -80 -80 -80 -80 -80 -80 -80 -80 -80 -80 -80 -80 -80 -80 -80 -80 -80 -80 -80 -80 -80 -80 -80 -80 -80 -80 -80 -80 -80 -80 -80 -80 -80 -80 -80 -80 -80 -80 -80 -80 -80 -80 -80 -80 -80 -80 -80 -80 -80 -80 -80 -80 -80 -80 -80 -80 -80 -80 -80 -80 -80 -80 -80 -80 -80 -80 -80 -80 -80 -80 -80 -80 -80 -80 -80 -80 -80 -80 -80 -80 -80 -80 -80 -80 -80 -80 -80 -80 -80 -80 -80 -80 -80 -80 -80 -80 -80 -80 -80 -80 -80 -80 -80 -80 -80 -80 -80 
CQI
2147483647 2147483647 2147483647 2147483647 2147483647 2147483647 2147483647 2147483647 2147483647 2147483647 2147483647 2147483647 2147483647 2147483647 2147483647 2147483647 2147483647 2147483647 2147483647 2147483647 2147483647 2147483647 2147483647 2147483647 2147483647 2147483647 2147483647 2147483647 2147483647 2147483647 2147483647 2147483647 2147483647 2147483647 2147483647 2147483647 2147483647 2147483647 2147483647 2147483647 2147483647 2147483647 2147483647 2147483647 2147483647 2147483647 2147483647 2147483647 2147483647 2147483647 2147483647 2147483647 2147483647 2147483647 2147483647 2147483647 2147483647 2147483647 2147483647 2147483647 2147483647 2147483647 2147483647 2147483647 2147483647 2147483647 2147483647 2147483647 2147483647 2147483647 2147483647 2147483647 2147483647 2147483647 2147483647 2147483647 2147483647 2147483647 2147483647 2147483647 2147483647 2147483647 2147483647 2147483647 2147483647 2147483647 2147483647 2147483647 2147483647 2147483647 2147483647 2147483647 2147483647 2147483647 2147483647 2147483647 2147483647 2147483647 2147483647 2147483647 2147483647 2147483647 2147483647 2147483647 2147483647 2147483647 2147483647 2147483647 2147483647 2147483647 2147483647 2147483647 2147483647 2147483647 2147483647 2147483647 2147483647 2147483647 2147483647 2147483647 2147483647 2147483647 2147483647 2147483647 2147483647 2147483647 2147483647 2147483647 2147483647 2147483647 2147483647 2147483647 2147483647 2147483647 2147483647 2147483647 2147483647 2147483647 2147483647 2147483647 2147483647 2147483647 2147483647 2147483647 2147483647 2147483647 2147483647 2147483647 2147483647 2147483647 2147483647 2147483647 2147483647 2147483647 2147483647 2147483647 2147483647 2147483647 2147483647 2147483647 2147483647 2147483647 2147483647 2147483647 2147483647 2147483647 2147483647 2147483647 2147483647 2147483647 2147483647 2147483647 2147483647 2147483647 2147483647 2147483647 2147483647 2147483647 2147483647 2147483647 2147483647 2147483647 2147483647 2147483647 2147483647 2147483647 2147483647 2147483647 2147483647 2147483647 2147483647 2147483647 2147483647 2147483647 2147483647 2147483647 2147483647 2147483647 2147483647 2147483647 2147483647 2147483647 2147483647 2147483647 2147483647 2147483647 2147483647 2147483647 2147483647 2147483647 2147483647 2147483647 2147483647 2147483647 2147483647 2147483647 2147483647 2147483647 2147483647 2147483647 2147483647 2147483647 2147483647 2147483647 2147483647 2147483647 2147483647 2147483647 2147483647 2147483647 2147483647 2147483647 2147483647 2147483647 2147483647 2147483647 2147483647 2147483647 2147483647 2147483647 2147483647 2147483647 2147483647 2147483647 2147483647 2147483647 2147483647 2147483647 2147483647 2147483647 2147483647 2147483647 2147483647 2147483647 2147483647 2147483647 2147483647 2147483647 2147483647 2147483647 2147483647 2147483647 2147483647 2147483647 2147483647 2147483647 2147483647 2147483647 2147483647 2147483647 2147483647 2147483647 2147483647 2147483647 2147483647 2147483647 2147483647 2147483647 2147483647 
Altitude
-118.27346801757812 -118.2364730834961 -118.24176025390625 -118.24703979492188 -118.19947814941406 -118.05680084228516 -118.2840347290039 -118.2364730834961 -118.08322143554688 -118.17305755615234 -118.22061920166016 -118.09907531738281 -118.21533203125 -118.18891143798828 -118.09907531738281 -118.2364730834961 -118.24703979492188 -118.2840347290039 -118.24703979492188 -118.24703979492188 -118.19419860839844 -118.15191650390625 -118.21005249023438 -118.28932189941406 -118.18362426757812 -118.27874755859375 -118.4002914428711 -118.3421630859375 -118.22590637207031 -118.28932189941406 -118.2364730834961 -118.1572036743164 -118.19947814941406 -118.28932189941406 -118.35272979736328 -118.28932189941406 -118.33159637451172 -118.27874755859375 -118.28932189941406 -118.33687591552734 -118.3210220336914 -118.3210220336914 -118.26818084716797 -118.20476531982422 -118.21533203125 -118.13606262207031 -118.20476531982422 -118.2840347290039 -118.18891143798828 -118.18891143798828 -118.24176025390625 -118.16777038574219 -118.13078308105469 -118.12020874023438 -118.15191650390625 -118.08850860595703 -118.1572036743164 -118.28932189941406 -118.16777038574219 -118.26818084716797 -118.18362426757812 -118.28932189941406 -118.2364730834961 -118.27346801757812 -118.28932189941406 -118.24703979492188 -118.15191650390625 -118.19947814941406 -118.26818084716797 -118.13606262207031 -118.06208038330078 -118.1572036743164 -118.17305755615234 -118.19419860839844 -118.25761413574219 -118.14134979248047 -118.16777038574219 -118.13078308105469 -118.13078308105469 -118.13606262207031 -118.09907531738281 -118.13606262207031 -118.04622650146484 -118.07793426513672 -118.11492919921875 -118.12549591064453 -118.15191650390625 -118.13606262207031 -118.09378814697266 -118.12020874023438 -118.12020874023438 -118.13078308105469 -118.15191650390625 -118.1096420288086 -118.1783447265625 -118.1572036743164 -118.0303726196289 -118.2364730834961 -118.08850860595703 -118.11492919921875 -118.18891143798828 -118.0726547241211 -118.17305755615234 -118.15191650390625 -118.09378814697266 -118.17305755615234 -118.18891143798828 -118.19947814941406 -118.26289367675781 -118.25761413574219 -118.18362426757812 -118.15191650390625 -118.17305755615234 -118.16249084472656 -118.19419860839844 -118.19419860839844 -118.29460144042969 -118.20476531982422 -118.13078308105469 -118.29460144042969 -118.2364730834961 -118.08322143554688 -118.18891143798828 -118.19947814941406 -118.1783447265625 -118.21533203125 -118.18891143798828 -118.3633041381836 -118.3210220336914 -118.31574249267578 -118.37915802001953 -118.4002914428711 -118.37915802001953 -118.4002914428711 -118.29460144042969 -118.06736755371094 -118.00395202636719 -118.01980590820312 -117.66045379638672 -117.64988708496094 -117.86126708984375 -118.15191650390625 -117.97224426269531 -117.95111083984375 -118.0303726196289 -118.14134979248047 -118.24176025390625 -118.2364730834961 -118.27346801757812 -118.04094696044922 -118.18891143798828 -118.10436248779297 -118.11492919921875 -118.1783447265625 -118.04622650146484 -118.0303726196289 -118.11492919921875 -118.0726547241211 -118.20476531982422 -118.22061920166016 -118.26289367675781 -118.18891143798828 -118.16249084472656 -118.26818084716797 -118.21533203125 -118.17305755615234 -118.10436248779297 -118.17305755615234 -118.31574249267578 -118.15191650390625 -118.08850860595703 -118.16249084472656 -118.1783447265625 -118.13078308105469 -118.13078308105469 -118.08850860595703 -118.20476531982422 -118.01451873779297 -118.04622650146484 -118.04622650146484 -118.21533203125 -118.16777038574219 -118.06736755371094 -118.13078308105469 -118.24176025390625 -118.21533203125 -118.2840347290039 -118.20476531982422 -118.23118591308594 -118.1572036743164 -118.13606262207031 -117.97224426269531 -118.14134979248047 -118.04622650146484 -118.0726547241211 -118.051513671875 -118.04094696044922 -118.18891143798828 -118.09378814697266 -118.0303726196289 -118.0726547241211 -118.09907531738281 -118.06208038330078 -118.00923919677734 -118.04622650146484 -117.90354919433594 -117.9246826171875 -117.87712097167969 -118.00395202636719 -118.03565979003906 -118.04622650146484 -118.03565979003906 -117.97224426269531 -118.09907531738281 -118.17305755615234 -118.09907531738281 -118.00923919677734 -117.90882873535156 -118.12020874023438 -118.11492919921875 -118.06208038330078 -118.05680084228516 -118.21533203125 -118.06208038330078 -118.09907531738281 -118.03565979003906 -118.04622650146484 -117.91940307617188 -118.09907531738281 -117.82955932617188 -118.03565979003906 -117.94053649902344 -118.01980590820312 -118.06736755371094 -118.04622650146484 -118.03565979003906 -118.12549591064453 -118.30516815185547 -118.24703979492188 -118.06736755371094 -117.9458236694336 -118.12020874023438 -118.07793426513672 -118.18891143798828 -118.0726547241211 -117.9828109741211 -117.9458236694336 -117.97224426269531 -117.89826202392578 -117.72915649414062 -117.7978515625 -117.66045379638672 -117.71858978271484 -117.86126708984375 -117.91411590576172 -117.91411590576172 -118.05680084228516 -117.98809814453125 -117.96167755126953 -118.01980590820312 -117.93525695800781 -117.90882873535156 -117.86126708984375 -117.91411590576172 -118.01451873779297 -118.01451873779297 -118.08322143554688 -117.97753143310547 -117.99866485595703 -117.96695709228516 -117.90354919433594 -117.97224426269531 -118.01451873779297 -117.97753143310547 -118.02509307861328 -118.04622650146484 -118.06736755371094 -118.21005249023438 -118.58525085449219 