LTE(1) or 5G(2)
2 2 2 2 2 2 2 2 2 2 2 2 2 2 2 2 2 2 2 2 2 2 2 2 2 2 2 2 2 2 2 2 2 2 2 2 2 2 2 2 2 2 2 2 2 2 2 2 2 2 2 1 1 2 2 2 2 2 2 2 2 2 2 2 2 2 2 2 2 2 2 2 2 2 2 2 2 2 2 2 2 2 1 1 1 1 2 2 2 2 2 2 2 2 2 2 2 2 2 2 2 2 2 1 1 1 1 1 1 1 1 1 1 1 1 2 2 2 2 2 2 2 2 2 2 2 2 2 2 2 2 2 2 2 2 2 2 2 2 2 2 2 2 2 2 2 2 2 2 2 2 2 2 2 2 2 2 2 2 2 2 2 2 2 2 2 2 2 2 2 2 2 2 2 2 2 2 2 2 2 2 2 2 2 2 2 2 2 2 2 2 2 2 2 2 2 2 2 2 2 2 2 2 2 1 1 1 1 1 1 1 1 1 1 2 2 1 1 2 2 2 2 2 2 2 2 2 2 2 2 2 2 2 2 2 2 2 2 2 2 2 2 2 2 2 2 2 2 2 2 2 2 2 2 2 2 2 2 2 2 2 2 2 2 2 2 2 2 2 2 2 2 2 2 2 2 2 2 2 2 2 2 2 2 2 2 2 2 2 2 2 2 2 2 2 2 2 2 2 2 2 2 2 2 2 2 
SNR of LTE
8 8 8 8 8 5 5 5 5 5 5 5 5 5 2 2 2 2 2 1 1 1 1 1 1 1 1 1 1 1 1 1 1 0 0 0 0 -1 -1 -1 -1 -1 -1 -1 -1 -1 -1 -1 -2 -2 -2 -2 -2 -2 -2 -2 -2 -2 -2 -1 -1 -1 -1 -1 -1 -2 -2 -2 -2 -2 -2 -2 -2 0 0 0 0 0 0 0 0 0 0 0 0 0 0 0 0 0 0 0 0 0 0 -1 -1 -1 -1 -1 -2 -2 -3 -3 -3 -3 -3 -3 -3 -3 -3 -3 -4 -4 -5 -5 -5 -5 -5 -5 -5 -5 -5 -5 -5 -4 -3 -3 -3 -3 -3 -3 -3 -3 -3 -3 -1 -1 -1 -1 -1 0 0 0 0 0 0 0 0 0 0 0 0 0 0 2 2 2 2 2 3 3 3 3 3 3 3 4 4 4 4 3 3 3 3 3 3 3 2 2 1 1 1 1 0 0 0 0 0 0 -2 -2 -2 -2 -2 -2 -2 -2 -2 -2 -2 -2 -6 -6 -6 -6 -8 -8 -8 -8 -9 -9 -9 -9 -9 -9 -9 -9 -9 -9 -10 -10 -9 -9 -7 -7 -7 -7 -6 -6 -5 -5 -5 -5 -5 -5 -5 -5 -5 -5 -4 -4 -4 -4 -4 -4 -4 -4 -4 -4 -4 -4 -4 -4 -2 -2 -2 -2 -3 -3 -3 -3 -3 -3 -3 -3 -3 -3 -3 -3 -2 -2 -2 -2 -1 -1 -1 -1 0 0 0 0 0 0 0 0 0 0 0 0 1 1 1 1 1 1 0 0 0 0 0 0 0 0 0 0 
SNR of 5G
10 10 10 10 10 8 8 8 7 11 11 11 11 11 8 6 6 6 6 2 2 2 2 3 3 4 4 5 5 5 5 5 5 5 5 4 4 3 3 3 3 3 3 3 4 -1 -1 -1 5 4 4 0 0 4 4 4 4 4 4 4 4 4 4 6 6 8 8 9 9 7 7 7 7 2 2 -1 -1 -2 -2 -2 -2 -2 0 0 0 0 3 3 3 3 3 3 0 0 -1 0 3 3 1 1 -1 -1 -4 0 0 0 0 0 0 0 0 0 0 0 0 0 0 -3 -3 0 0 -1 -1 -3 -2 4 4 2 2 1 1 0 0 1 1 3 3 2 2 3 3 -2 -2 2 2 1 1 4 4 7 7 5 5 5 5 4 4 5 5 3 3 1 1 0 0 0 0 -2 -2 -2 -2 -2 -2 -2 -1 0 0 -1 -1 -3 -2 0 0 1 1 1 1 1 1 1 1 0 0 0 0 0 0 -1 -1 -1 -1 -3 -3 -5 0 0 0 0 0 0 0 0 0 0 3 3 0 0 3 3 2 2 1 0 -1 -1 -2 -2 0 0 4 4 4 4 4 4 4 4 4 4 6 6 5 5 5 5 5 5 5 5 5 5 5 5 0 0 0 0 -3 -3 -4 -4 5 5 5 5 5 5 3 3 3 3 3 3 2 2 1 1 3 3 3 3 6 6 8 8 8 8 8 8 12 12 9 9 5 5 3 3 9 9 9 9 9 9 9 9 
RSSI
-51 -51 -51 -51 -51 -51 -51 -51 -51 -51 -51 -51 -51 -51 -51 -51 -51 -51 -51 -51 -51 -51 -51 -51 -51 -51 -51 -51 -51 -51 -51 -51 -51 -51 -51 -51 -51 -51 -51 -51 -51 -55 -55 -55 -55 -55 -51 -51 -51 -51 -51 -51 -51 -51 -51 -51 -51 -51 -51 -51 -51 -51 -51 -51 -51 -51 -51 -51 -51 -51 -51 -51 -51 -51 -51 -51 -51 -51 -51 -51 -51 -51 -51 -51 -51 -51 -51 -51 -51 -51 -51 -51 -51 -51 -51 -51 -51 -51 -51 -51 -51 -51 -51 -51 -51 -51 -51 -51 -51 -51 -51 -51 -51 -51 -51 -51 -51 -51 -51 -51 -51 -51 -51 -51 -51 -51 -51 -51 -51 -51 -51 -51 -51 -51 -51 -51 -51 -51 -51 -51 -51 -51 -51 -51 -51 -51 -51 -51 -51 -51 -51 -51 -51 -51 -51 -51 -51 -51 -51 -51 -51 -51 -51 -51 -51 -51 -51 -51 -51 -51 -51 -51 -51 -51 -51 -51 -51 -51 -51 -51 -51 -51 -51 -51 -51 -51 -51 -51 -51 -51 -51 -51 -51 -51 -51 -51 -51 -51 -51 -51 -51 -51 -51 -51 -51 -51 -51 -51 -51 -51 -51 -51 -51 -51 -51 -51 -51 -51 -51 -51 -51 -51 -51 -51 -51 -51 -51 -51 -51 -51 -51 -51 -51 -51 -51 -51 -51 -51 -51 -51 -51 -51 -51 -51 -51 -51 -51 -51 -51 -51 -51 -51 -51 -51 -51 -51 -51 -51 -51 -51 -51 -51 -51 -51 -51 -51 -51 -51 -51 -51 -51 -51 -51 -51 -51 -51 -51 -51 -51 -51 -51 -51 -51 -51 -51 -51 -51 -51 -51 -51 -51 -51 -51 -51 -51 -51 -51 -51 -51 -51 -51 -51 -51 -51 -51 -51 
RSRP
-78 -78 -78 -78 -78 -78 -78 -78 -78 -78 -78 -78 -78 -78 -76 -76 -76 -76 -76 -76 -76 -76 -76 -76 -76 -76 -76 -76 -76 -76 -76 -76 -76 -76 -76 -76 -76 -77 -77 -77 -77 -77 -77 -77 -77 -77 -78 -78 -78 -78 -78 -78 -78 -78 -78 -78 -78 -78 -78 -78 -78 -78 -78 -78 -78 -78 -78 -78 -78 -77 -77 -77 -77 -76 -76 -76 -76 -76 -76 -76 -76 -76 -76 -76 -76 -76 -76 -76 -76 -76 -76 -76 -76 -76 -76 -77 -77 -77 -77 -77 -77 -77 -77 -77 -77 -77 -77 -77 -77 -77 -75 -75 -75 -75 -75 -75 -75 -75 -75 -75 -75 -75 -75 -75 -75 -75 -75 -75 -75 -75 -75 -75 -75 -75 -75 -75 -74 -74 -74 -74 -74 -74 -74 -73 -72 -72 -72 -72 -72 -71 -71 -71 -71 -71 -71 -69 -69 -68 -68 -68 -68 -68 -68 -67 -67 -67 -67 -68 -68 -68 -68 -68 -68 -68 -68 -68 -68 -68 -69 -69 -70 -70 -70 -70 -72 -72 -72 -72 -72 -72 -75 -75 -75 -75 -75 -75 -75 -75 -75 -75 -75 -75 -77 -77 -77 -77 -77 -77 -77 -77 -78 -78 -78 -78 -78 -78 -78 -78 -78 -78 -79 -79 -79 -79 -79 -79 -79 -79 -80 -80 -79 -79 -79 -79 -79 -79 -79 -79 -79 -79 -79 -79 -79 -79 -79 -79 -79 -79 -79 -79 -79 -79 -79 -79 -79 -79 -79 -79 -79 -79 -79 -79 -79 -79 -79 -79 -79 -79 -79 -79 -78 -78 -78 -78 -78 -78 -77 -77 -77 -77 -77 -77 -76 -76 -76 -76 -76 -76 -76 -76 -76 -76 -76 -76 -76 -76 -76 -76 -76 -76 -76 -76 -76 -76 -76 -76 
CID
13792258 13792258 13792258 13792258 13792258 13792258 13792258 13792258 13792258 13792258 13792258 13792258 13792258 13792258 13792258 13792258 13792258 13792258 13792258 13792258 13792258 13792258 13792258 13792258 13792258 13792258 13792258 13792258 13792258 13792258 13792258 13792258 13792258 13792258 13792258 13792258 13792258 13792258 13792258 13792258 13792258 13769739 13769739 13769739 13769739 13769739 13769739 13769739 13792258 13792258 13792258 13792258 13792258 13792258 13792258 13792258 13792258 13792258 13792258 13792513 13792513 13792513 13792513 13792513 13792513 13792513 13792513 13792513 13792513 13792513 13792513 13792513 13792513 13792513 13769739 13769739 13769739 13769739 13769739 13769739 13769739 13769739 13769739 13769739 13769739 13769739 13769739 13769739 13769739 13769739 13769739 13769739 13769739 13769739 13769739 13769739 13769739 13769739 13769739 13769739 13769739 13769739 13769739 13769739 13769739 13769739 13769739 13769739 13769739 13769739 13769739 13769739 13769739 13769739 13769739 13769739 13769739 13769739 13769739 13769739 13769739 13769739 13769739 13769739 13769739 13769739 13769739 13769739 13769739 13769739 13769739 13769739 13769739 13769739 13769739 13769739 13769739 13769739 13769739 13792258 13792258 13769739 13769739 13769739 13769739 13769739 13769739 13769739 13769739 13769739 13769739 13769739 13769739 13769739 13769739 13769739 13769739 13769739 13769739 13769739 13769739 13769739 13769739 13769739 13769739 13769739 13769739 13769739 13769739 13769739 13769739 13769739 13769739 13769739 13769739 13769739 13769739 13769739 13769739 13769739 13769739 13769739 13769739 13769739 13769739 13769739 13769739 13769739 13769739 13769739 13769739 13769739 13769739 13769739 13769739 13769739 13769739 13769739 13769739 13769739 13769739 13769739 13769739 13769739 13769739 13769739 13769739 13769739 13769739 13769739 13754890 13754890 13754890 13754890 13754890 13754890 13754890 13792257 13792257 13792257 13792257 13792257 13792258 13792258 13792258 13792258 13792258 13792258 13792258 13792258 13792258 13792258 13792258 13792258 13792258 13792258 13792258 13792258 13792258 13792258 13792258 13792258 13792258 13792258 13792258 13792258 13792258 13792258 13792258 13792258 13792258 13792258 13792258 13792258 13792258 13792258 13792258 13792258 13792258 13792258 13792258 13792258 13792258 13792258 13792258 13792258 13792258 13792258 13792258 13792258 13792258 13792258 13792258 13792258 13792258 13792258 13792258 13792258 13792258 13792258 13792258 13792258 13792258 13792258 13792258 13792258 13792258 13792258 13792258 13792258 13792258 13792258 13792258 13792258 13792258 13792258 13792258 13792258 13792258 13792258 13792258 13792258 13792258 13792258 13792258 13792258 
RSRP of 5G
-84 -84 -84 -84 -84 -83 -83 -83 -74 -75 -75 -75 -75 -75 -80 -83 -83 -83 -83 -85 -85 -85 -85 -84 -84 -87 -87 -85 -85 -85 -85 -85 -85 -79 -79 -88 -88 -81 -81 -95 -95 -76 -76 -97 -79 -108 -84 -84 -86 -87 -87 -87 -87 -85 -85 -85 -85 -85 -85 -83 -83 -83 -83 -80 -80 -82 -82 -80 -80 -86 -86 -86 -86 -83 -83 -88 -88 -87 -87 -92 -92 -103 -103 -103 -103 -103 -84 -84 -84 -84 -84 -84 -82 -82 -98 -78 -80 -80 -82 -82 -109 -109 -139 -139 -139 -139 -139 -139 -139 -139 -139 -139 -139 -139 -139 -83 -83 -96 -82 -84 -84 -94 -94 -92 -83 -84 -84 -83 -83 -82 -82 -82 -82 -83 -83 -81 -81 -85 -85 -81 -81 -99 -83 -84 -84 -78 -78 -75 -75 -71 -71 -80 -80 -80 -80 -82 -82 -79 -79 -81 -81 -82 -82 -88 -79 -81 -81 -82 -82 -88 -88 -88 -88 -89 -80 -80 -80 -80 -80 -93 -81 -81 -81 -78 -78 -78 -78 -78 -78 -78 -78 -79 -79 -78 -78 -80 -80 -82 -82 -93 -93 -95 -95 -110 -110 -110 -110 -110 -110 -110 -110 -110 -110 -110 -83 -83 -83 -83 -83 -83 -85 -85 -121 -87 -93 -93 -91 -91 -79 -79 -74 -74 -74 -74 -74 -74 -74 -74 -74 -74 -75 -75 -75 -75 -75 -75 -77 -77 -77 -77 -77 -77 -77 -77 -80 -80 -82 -82 -86 -86 -80 -80 -84 -84 -80 -80 -88 -88 -86 -86 -88 -88 -82 -82 -87 -87 -85 -85 -82 -82 -82 -82 -82 -82 -79 -79 -79 -79 -79 -79 -74 -74 -79 -79 -85 -85 -79 -79 -83 -83 -83 -83 -83 -83 -83 -83 
CQI
2147483647 2147483647 2147483647 2147483647 2147483647 2147483647 2147483647 2147483647 2147483647 2147483647 2147483647 2147483647 2147483647 2147483647 2147483647 2147483647 2147483647 2147483647 2147483647 2147483647 2147483647 2147483647 2147483647 2147483647 2147483647 2147483647 2147483647 2147483647 2147483647 2147483647 2147483647 2147483647 2147483647 2147483647 2147483647 2147483647 2147483647 2147483647 2147483647 2147483647 2147483647 2147483647 2147483647 2147483647 2147483647 2147483647 2147483647 2147483647 2147483647 2147483647 2147483647 2147483647 2147483647 2147483647 2147483647 2147483647 2147483647 2147483647 2147483647 2147483647 2147483647 2147483647 2147483647 2147483647 2147483647 2147483647 2147483647 2147483647 2147483647 2147483647 2147483647 2147483647 2147483647 2147483647 2147483647 2147483647 2147483647 2147483647 2147483647 2147483647 2147483647 2147483647 2147483647 2147483647 2147483647 2147483647 2147483647 2147483647 2147483647 2147483647 2147483647 2147483647 2147483647 2147483647 2147483647 2147483647 2147483647 2147483647 2147483647 2147483647 2147483647 2147483647 2147483647 2147483647 2147483647 2147483647 2147483647 2147483647 2147483647 2147483647 2147483647 2147483647 2147483647 2147483647 2147483647 2147483647 2147483647 2147483647 2147483647 2147483647 2147483647 2147483647 2147483647 2147483647 2147483647 2147483647 2147483647 2147483647 2147483647 2147483647 2147483647 2147483647 2147483647 2147483647 2147483647 2147483647 2147483647 2147483647 2147483647 2147483647 2147483647 2147483647 2147483647 2147483647 2147483647 2147483647 2147483647 2147483647 2147483647 2147483647 2147483647 2147483647 2147483647 2147483647 2147483647 2147483647 2147483647 2147483647 2147483647 2147483647 2147483647 2147483647 2147483647 2147483647 2147483647 2147483647 2147483647 2147483647 2147483647 2147483647 2147483647 2147483647 2147483647 2147483647 2147483647 2147483647 2147483647 2147483647 2147483647 2147483647 2147483647 2147483647 2147483647 2147483647 2147483647 2147483647 2147483647 2147483647 2147483647 2147483647 2147483647 2147483647 2147483647 2147483647 2147483647 2147483647 2147483647 2147483647 2147483647 2147483647 2147483647 2147483647 2147483647 2147483647 2147483647 2147483647 2147483647 2147483647 2147483647 2147483647 2147483647 2147483647 2147483647 2147483647 2147483647 2147483647 2147483647 2147483647 2147483647 2147483647 2147483647 2147483647 2147483647 2147483647 2147483647 2147483647 2147483647 2147483647 2147483647 2147483647 2147483647 2147483647 2147483647 2147483647 2147483647 2147483647 2147483647 2147483647 2147483647 2147483647 2147483647 2147483647 2147483647 2147483647 2147483647 2147483647 2147483647 2147483647 2147483647 2147483647 2147483647 2147483647 2147483647 2147483647 2147483647 2147483647 2147483647 2147483647 2147483647 2147483647 2147483647 2147483647 2147483647 2147483647 2147483647 2147483647 2147483647 2147483647 2147483647 2147483647 2147483647 2147483647 2147483647 2147483647 2147483647 2147483647 2147483647 2147483647 2147483647 2147483647 2147483647 2147483647 2147483647 2147483647 2147483647 2147483647 2147483647 2147483647 2147483647 2147483647 2147483647 2147483647 2147483647 2147483647 2147483647 2147483647 2147483647 2147483647 2147483647 2147483647 2147483647 2147483647 2147483647 2147483647 2147483647 2147483647 
Altitude
-117.91411590576172 -117.14257049560547 -116.4502944946289 -115.56249237060547 -114.85436248779297 -113.97183990478516 -113.21086883544922 -112.2913589477539 -110.7482681274414 -108.62916564941406 -106.27225494384766 -104.22713470458984 -101.76453399658203 -99.73526763916016 -97.95966339111328 -96.00437927246094 -93.8271484375 -91.3064193725586 -89.48324584960938 -87.8133316040039 -85.7682113647461 -83.51171112060547 -81.47715759277344 -79.31049346923828 -77.08041381835938 -74.82391357421875 -73.06415557861328 -71.510498046875 -70.13123321533203 -68.89993286132812 -68.02269744873047 -67.1190414428711 -66.40562438964844 -65.74505615234375 -64.98937225341797 -64.5401840209961 -64.47676849365234 -64.19139862060547 -63.96416473388672 -63.615386962890625 -63.45156478881836 -63.330020904541016 -63.45684814453125 -63.23489761352539 -63.20319366455078 -62.84912872314453 -61.73937225341797 -61.49628448486328 -59.75238037109375 -57.918643951416016 -56.914581298828125 -56.28571701049805 -55.18653106689453 -53.27352523803711 -51.05929946899414 -49.19913864135742 -47.101173400878906 -45.00849533081055 -43.28573226928711 -40.971099853515625 -39.269474029541016 -37.30890655517578 -35.09468078613281 -32.8328971862793 -31.215824127197266 -29.11785888671875 -27.072738647460938 -24.293066024780273 -22.3166446685791 -20.287378311157227 -18.247543334960938 -16.181285858154297 -14.019905090332031 -12.672346115112305 -10.727632522583008 -8.756495475769043 -7.53048038482666 -6.362595558166504 -5.723165512084961 -5.163002967834473 -4.629263877868652 -4.021540641784668 -3.7308907508850098 -3.218289613723755 -3.028045892715454 -2.8060948848724365 -2.673981189727783 -2.832517623901367 -2.779672145843506 -2.4044692516326904 -2.7691030502319336 -2.2512173652648926 -2.2089409828186035 -2.7162575721740723 -3.6780452728271484 -5.136580467224121 -6.061376571655273 -7.699585914611816 -9.797552108764648 -11.83210277557373 -14.141449928283691 -15.023969650268555 -15.975188255310059 -17.428438186645508 -18.136568069458008 -18.754859924316406 -21.106483459472656 -22.63900375366211 -24.520301818847656 -26.285341262817383 -28.060949325561523 -28.7637939453125 -30.02680015563965 -31.062572479248047 -33.25037384033203 -34.629642486572266 -36.65362548828125 -38.09630584716797 -40.15199279785156 -41.325164794921875 -43.62394332885742 -44.69142150878906 -46.255645751953125 -47.55036163330078 -48.607269287109375 -48.934913635253906 -50.31946563720703 -52.03694152832031 -53.47433853149414 -55.345069885253906 -56.67677688598633 -57.8710823059082 -58.758888244628906 -59.21864318847656 -60.38652801513672 -60.777584075927734 -61.263763427734375 -61.998313903808594 -62.4686393737793 -62.193843841552734 -62.29425048828125 -62.38936996459961 -62.30481719970703 -62.87026596069336 -62.8861198425293 -63.00766372680664 -63.27717590332031 -62.85969543457031 -63.22433090209961 -63.974735260009766 -63.65766143798828 -62.54262161254883 -60.17514419555664 -57.46417236328125 -56.24344253540039 -57.61214065551758 -57.051979064941406 -55.22880935668945 -53.61173629760742 -51.55076217651367 -49.43165969848633 -47.55036163330078 -45.15645980834961 -42.59873962402344 -40.971099853515625 -39.42801284790039 -37.837364196777344 -34.95199966430664 -32.9967155456543 -31.210538864135742 -29.51948356628418 -27.41094970703125 -25.915422439575195 -23.981277465820312 -21.90973472595215 -19.84876251220703 -18.004453659057617 -16.329252243041992 -15.436163902282715 -14.236572265625 -11.879663467407227 -10.341859817504883 -9.543893814086914 -9.142267227172852 -8.29673957824707 -7.826415061950684 -7.398366928100586 -6.980887413024902 -6.758936882019043 -6.5845465660095215 -6.647961139678955 -6.53170108795166 -6.330888271331787 -6.320319175720215 -6.256904602050781 -5.215848922729492 -5.50649881362915 -5.406092643737793 -4.930482864379883 -5.717880725860596 -7.149992942810059 -7.88454532623291 -9.327226638793945 -10.817469596862793 -12.95242691040039 -14.70161247253418 -16.651609420776367 -18.099576950073242 -19.098356246948242 -20.794694900512695 -22.205669403076172 -23.384124755859375 -25.265422821044922 -26.649974822998047 -28.018672943115234 -29.73615074157715 -30.808914184570312 -32.6479377746582 -34.68248748779297 -36.495086669921875 -37.65768814086914 -39.57069396972656 -40.749149322509766 -41.4044303894043 -43.37556838989258 -44.44304656982422 -45.325565338134766 -48.06824493408203 -48.87678146362305 -50.29304122924805 -50.55727005004883 -52.41743087768555 -52.924747467041016 -54.23003005981445 -55.20238494873047 -57.02555465698242 -58.10888671875 -60.1064453125 -60.1064453125 -60.80929183959961 -61.66539001464844 -62.36823272705078 -62.93368148803711 -63.21376037597656 -63.95359802246094 -64.60887908935547 -64.85197448730469 -65.01579284667969 -65.14790344238281 -65.25359344482422 -65.61294555664062 -65.50196838378906 -65.38571166992188 -64.59302520751953 -63.488555908203125 -62.86498260498047 -62.88083267211914 -63.525550842285156 -64.65644073486328 -66.22066497802734 -67.75846862792969 -69.47066497802734 -70.94505310058594 -72.60440063476562 -74.11578369140625 -75.69586181640625 -76.82147216796875 -78.25886535644531 -80.14545440673828 -81.83650970458984 -82.79829406738281 -84.53691101074219 -85.79463195800781 -87.79747772216797 -89.13446807861328 -90.58771514892578 -92.07795715332031 -93.7003173828125 -95.16941833496094 -96.90275573730469 -98.10762786865234 -99.56088256835938 -101.01412963867188 -102.6312026977539 -103.8730697631836 -105.15193176269531 -106.60518646240234 -108.21168518066406 -109.37428283691406 -110.32550811767578 -111.641357421875 -112.75111389160156 -114.63240814208984 -115.30355072021484 -115.53607177734375 -117.35923767089844 -117.61817932128906 -117.58647155761719 -117.66574096679688 -117.7978515625 -117.91411590576172 -117.72915649414062 -117.77671813964844 -118.41614532470703 -118.95516967773438 -118.5746841430664 