LTE(1) or 5G(2)
2 2 2 2 2 2 2 2 2 2 2 2 2 2 2 2 2 2 2 2 2 2 2 2 2 2 2 2 2 2 2 2 2 2 2 2 2 2 2 2 2 1 1 2 2 2 2 2 2 2 2 2 2 2 2 2 2 2 2 2 2 2 2 2 2 2 2 2 2 2 2 2 2 2 2 2 2 2 2 2 2 2 2 2 2 2 2 2 2 2 2 2 2 2 2 2 2 2 2 2 2 2 2 2 2 1 1 2 2 2 2 2 2 2 2 2 2 2 2 2 2 2 2 1 2 2 2 2 2 2 2 1 1 1 1 1 2 1 1 1 1 2 2 2 2 1 1 1 2 2 2 2 2 2 2 2 2 2 2 2 2 2 2 2 2 2 2 2 2 2 2 2 2 2 2 2 2 2 2 2 2 2 2 2 2 2 2 2 2 2 2 2 2 2 2 2 2 2 2 2 2 2 2 2 2 2 2 2 2 2 2 2 2 2 2 2 2 2 2 2 2 2 2 2 2 2 2 2 2 2 2 2 2 2 2 2 2 2 2 2 2 2 2 2 2 2 1 1 2 2 2 2 2 2 2 2 2 2 2 2 2 2 2 2 2 1 1 1 1 1 1 1 1 1 1 2 2 2 2 2 2 2 2 2 2 2 2 2 2 2 2 2 2 2 2 2 2 2 2 2 2 2 2 2 2 2 2 2 2 2 2 2 2 2 2 2 2 2 2 2 2 2 2 2 2 2 2 2 2 2 2 2 2 2 2 2 2 2 2 2 2 2 2 
SNR of LTE
11 11 11 9 9 8 8 8 8 8 8 6 5 5 5 5 5 5 5 5 5 5 5 5 5 5 5 5 5 5 5 5 5 5 5 0 0 0 0 0 0 -1 -1 -1 -1 -1 -1 -1 -1 -1 -1 -1 -3 -3 -3 -3 -3 -3 -3 -3 -3 -3 -3 -3 -3 -3 -3 -3 -3 -3 -3 -3 -3 -3 -3 -3 -3 -3 -3 -4 -4 -4 -4 -5 -5 -5 -5 -5 -5 -6 -6 -6 -6 -6 -6 -6 -6 -6 -6 -6 -6 -6 -6 -6 -6 -6 -6 -5 -5 -5 -5 -5 -5 -5 -6 -6 -6 -6 -6 -6 -6 -6 -6 -6 -7 -7 -7 -7 -7 -7 -7 -6 -6 -6 -6 -6 -6 -6 -6 -4 -4 -4 -4 -4 -4 -3 -3 -3 -3 -3 -2 -2 -1 -1 -1 0 0 0 0 0 1 1 1 1 1 1 1 1 2 3 3 3 3 1 0 0 0 0 -1 -3 -3 -3 -4 -4 -4 -4 -4 -4 -4 -4 -4 -4 -5 -5 -5 -5 -5 -5 -5 -5 -4 -4 -4 -3 -3 -3 -3 -3 -2 -2 -2 -2 -2 -2 -2 -2 -2 -2 -2 -2 -2 -2 -2 -1 -1 -1 -1 -1 -1 -1 -1 -1 -1 0 0 0 0 0 0 0 -1 -1 -1 -1 -1 -1 -1 -1 -1 -1 -1 -1 -1 -1 -1 -1 -1 -1 -2 -2 -2 -2 -2 -1 -1 -1 -1 -1 -3 -3 -4 -4 -4 -4 -4 -4 -4 -5 -5 -5 -5 -5 -5 -5 -5 -5 -5 -5 -5 -3 -3 -3 -3 -3 -4 -4 -4 -4 -4 -4 -4 -4 -4 -4 -4 -4 -4 -4 -4 -4 -4 -4 -3 -3 -3 -3 -3 -3 -3 -3 -3 -3 -1 -1 -1 -1 0 0 0 0 0 0 0 0 3 3 3 3 3 3 4 4 4 
SNR of 5G
8 8 8 6 6 6 6 6 6 6 6 6 6 6 6 2 2 2 2 2 2 4 4 4 4 4 4 4 4 4 4 4 4 4 4 1 1 0 0 2 2 0 0 3 3 3 3 3 3 3 3 3 3 3 3 3 3 3 3 3 3 3 3 3 3 3 3 3 3 3 3 3 3 3 3 3 3 3 3 1 1 0 0 1 1 1 1 1 1 1 1 0 0 0 0 0 0 -1 -1 -2 -2 -1 -1 -2 -2 0 0 -4 3 3 3 3 3 3 0 0 -3 -3 3 3 1 1 -2 0 -1 3 3 3 3 0 0 0 0 0 0 0 0 0 0 0 0 -3 -3 -3 -3 0 0 0 -1 -1 0 0 1 1 -1 -1 -3 -3 1 1 1 1 0 0 3 3 0 0 2 2 2 2 5 5 2 2 -1 -1 -2 -2 -3 -3 -4 -4 -4 -7 -7 -7 -7 -7 -7 -7 -3 -3 -3 -3 0 0 2 2 3 3 3 3 2 2 2 2 2 2 1 1 0 0 0 0 -1 -1 1 1 0 0 -1 -1 -1 -1 -2 -2 -2 -2 -2 -2 -2 -2 0 0 0 0 0 0 0 0 -1 -1 -2 -2 0 0 -1 -1 -2 -2 -2 -2 -1 -1 -1 -1 -2 -2 -1 -1 -3 -4 3 0 0 0 0 0 0 0 0 0 0 -2 -3 4 4 4 4 4 4 4 4 4 4 4 4 2 2 1 1 1 1 0 0 0 0 -1 -3 1 1 0 1 1 1 0 0 0 0 0 6 6 6 6 6 4 3 3 1 1 0 0 2 2 3 3 3 3 3 3 3 3 7 7 7 7 7 7 9 9 5 
RSSI
-51 -51 -51 -51 -51 -51 -51 -51 -51 -51 -51 -51 -51 -51 -51 -51 -51 -51 -51 -51 -51 -51 -51 -51 -51 -51 -51 -51 -51 -51 -51 -51 -51 -51 -51 -51 -51 -51 -51 -51 -51 -51 -51 -51 -51 -51 -51 -51 -51 -51 -51 -51 -51 -51 -51 -51 -51 -51 -51 -51 -51 -51 -51 -51 -51 -51 -51 -51 -51 -51 -51 -51 -51 -51 -51 -51 -51 -51 -51 -51 -51 -51 -51 -51 -51 -51 -51 -51 -51 -51 -51 -51 -51 -51 -51 -51 -51 -51 -51 -51 -51 -51 -51 -51 -51 -51 -51 -51 -51 -51 -51 -51 -51 -51 -51 -51 -51 -51 -51 -51 -51 -51 -51 -51 -51 -51 -51 -51 -51 -51 -51 -51 -51 -51 -51 -51 -51 -51 -51 -51 -51 -51 -51 -51 -51 -51 -51 -51 -51 -51 -51 -51 -51 -51 -51 -51 -51 -51 -51 -51 -51 -51 -51 -51 -51 -51 -51 -51 -51 -51 -51 -51 -51 -51 -51 -51 -51 -51 -51 -51 -51 -51 -51 -51 -51 -51 -51 -51 -51 -51 -51 -51 -51 -51 -51 -51 -51 -51 -51 -51 -51 -51 -51 -51 -51 -51 -51 -51 -51 -51 -51 -51 -51 -51 -51 -51 -51 -51 -51 -51 -51 -51 -51 -51 -51 -51 -51 -51 -51 -51 -51 -51 -51 -51 -51 -51 -51 -51 -51 -51 -51 -51 -51 -51 -51 -51 -51 -51 -51 -51 -51 -51 -51 -51 -51 -51 -51 -51 -51 -51 -51 -51 -51 -51 -51 -51 -51 -51 -51 -51 -51 -51 -51 -51 -51 -51 -51 -51 -51 -51 -51 -51 -51 -51 -51 -51 -51 -51 -51 -51 -51 -51 -51 -51 -51 -51 -51 -51 -51 -51 -51 -51 -51 -51 -51 -51 -51 -51 -51 -51 -51 -51 -51 -51 -51 -51 -51 -51 -51 -51 -51 -51 -51 -51 -51 -51 -51 -51 -51 -51 -51 -51 -51 -51 -51 -51 -51 -51 -51 -51 -51 -51 -51 
RSRP
-68 -68 -68 -69 -69 -69 -69 -69 -69 -69 -69 -69 -69 -69 -69 -69 -69 -69 -69 -69 -69 -69 -69 -69 -69 -69 -69 -69 -69 -69 -69 -69 -69 -69 -69 -70 -70 -70 -70 -71 -71 -72 -72 -72 -72 -72 -72 -72 -72 -72 -72 -72 -75 -75 -75 -75 -75 -75 -75 -75 -75 -75 -75 -75 -75 -75 -75 -75 -75 -75 -75 -75 -75 -75 -75 -75 -75 -75 -75 -76 -76 -76 -76 -76 -76 -76 -77 -77 -77 -77 -77 -77 -77 -77 -77 -77 -77 -77 -77 -77 -77 -77 -77 -78 -78 -78 -78 -77 -77 -77 -77 -77 -77 -77 -78 -78 -78 -78 -78 -78 -78 -78 -78 -78 -79 -79 -79 -79 -79 -79 -79 -79 -79 -79 -79 -79 -79 -79 -79 -78 -78 -78 -77 -77 -77 -77 -77 -76 -76 -76 -76 -76 -76 -76 -76 -74 -74 -74 -74 -74 -74 -74 -74 -74 -74 -74 -74 -74 -73 -73 -73 -73 -73 -73 -73 -73 -73 -73 -74 -75 -75 -75 -76 -76 -76 -76 -76 -76 -76 -76 -76 -76 -77 -77 -77 -77 -77 -77 -77 -77 -77 -77 -77 -76 -76 -76 -76 -76 -76 -76 -75 -75 -75 -75 -75 -75 -75 -75 -75 -75 -75 -75 -76 -75 -75 -75 -75 -74 -74 -74 -74 -74 -74 -73 -73 -73 -73 -73 -73 -73 -72 -72 -72 -72 -72 -72 -72 -72 -72 -72 -72 -72 -73 -73 -73 -73 -73 -73 -73 -73 -74 -74 -74 -74 -74 -74 -74 -74 -75 -75 -76 -76 -76 -77 -78 -78 -78 -78 -78 -78 -78 -78 -78 -78 -78 -78 -78 -78 -78 -80 -80 -80 -80 -79 -79 -79 -79 -79 -79 -80 -80 -80 -80 -80 -80 -80 -80 -80 -80 -80 -80 -80 -79 -79 -79 -79 -79 -79 -79 -79 -79 -79 -78 -78 -78 -78 -77 -77 -76 -76 -76 -76 -76 -76 -75 -75 -75 -75 -75 -75 -74 -74 -74 
CID
13678086 13678086 13678086 13678086 13678086 13678086 13678086 13678086 13678086 13678086 13678086 13678086 13678086 13678086 13678086 13678086 13678086 13678086 13678086 13678086 13678086 13678086 13678086 13678086 13678086 13678086 13678086 13678086 13678086 13678086 13678086 13678086 13678086 13678086 13678086 13678086 13678086 13678086 13678086 13769742 13769742 13769742 13769742 13769742 13769742 13769742 13769742 13769742 13769742 13769742 13769742 13769742 13769742 13769742 13769742 13769742 13769742 13769742 13769742 13769742 13769742 13769742 13769742 13769742 13769742 13769742 13769742 13769742 13769742 13769742 13769742 13769742 13769742 13769742 13769742 13769742 13769742 13769742 13769742 13769742 13769742 13769742 13678086 13678086 13678086 13678086 13769742 13769742 13769742 13769742 13769742 13769742 13769742 13769742 13769742 13769742 13769742 13769742 13769742 13769742 13769742 13769742 13769742 13769742 13769742 13769742 13769742 13769742 13769742 13769742 13769742 13769742 13769742 13769742 13769742 13769742 13769742 13769742 13769742 13769742 13769742 13769742 13769742 13769742 13792526 13678088 13678088 13678088 13678088 13678088 13678088 13678088 13792526 13792526 13792526 13792526 13792526 13792526 13792526 13792526 13792526 13792526 13792526 13792526 13792526 13792526 13792526 13792526 13792526 13792526 13792526 13792526 13792526 13792526 13792526 13792526 13792526 13792526 13792526 13792526 13792526 13792526 13792526 13792526 13792526 13792526 13792526 13792526 13792526 13792526 13792526 13792526 13792526 13678086 13678086 13678086 13678086 13678086 13678086 13678086 13678086 13678086 13678086 13678086 13678086 13678086 13678086 13678086 13678086 13678086 13678086 13678086 13678086 13678086 13678086 13678086 13678086 13678086 13678086 13678086 13678086 13678086 13678086 13678086 13678086 13678086 13678086 13678086 13678086 13678086 13678086 13678086 13678086 13678086 13678086 13678086 13678086 13678086 13678086 13678086 13678086 13678086 13678086 13678086 13678086 13678086 13678086 13678086 13678086 13678086 13678086 13678086 13678086 13678086 13678086 13678086 13678086 13678086 13678086 13678086 13678086 13678086 13678086 13678086 13678086 13678086 13678086 13678086 13678086 13678086 13678086 13678086 13678086 13678086 13678086 13678086 13678086 13678086 13678086 13678086 13678086 13678086 13678086 13678086 13792261 13792261 13792261 13792261 13792261 13792261 13792258 13792258 13792258 13792258 13792258 13792258 13792258 13792258 13792258 13769739 13769739 13769739 13769739 13769739 13769739 13769739 13769739 13769739 13769739 13769739 13769739 13769739 13769739 13769739 13769739 13769739 13769739 13769739 13769739 13769739 13769739 13769739 13769739 13769739 13769739 13769739 13769739 13769739 13769739 13769739 13769739 13769739 13792258 13792258 13792258 13792258 13792258 13792258 13792258 13792258 13792258 13792258 13792258 13792258 13792258 13792258 13792258 13792258 13792258 13792258 13792258 13792258 13792258 13792258 13792258 13792258 13792258 13792258 13792258 13792258 13792258 13792258 13792258 
RSRP of 5G
-83 -83 -83 -84 -76 -76 -76 -76 -76 -76 -76 -81 -81 -81 -81 -83 -83 -84 -84 -86 -86 -83 -83 -83 -83 -83 -83 -83 -83 -83 -83 -83 -83 -83 -83 -80 -80 -84 -84 -81 -81 -91 -91 -85 -85 -85 -85 -85 -85 -85 -85 -85 -83 -83 -83 -83 -83 -83 -83 -83 -83 -83 -83 -83 -83 -83 -83 -83 -83 -83 -83 -83 -83 -83 -83 -83 -83 -83 -83 -90 -81 -81 -81 -81 -81 -81 -82 -82 -82 -81 -81 -81 -81 -82 -82 -83 -83 -83 -83 -83 -83 -89 -89 -86 -86 -86 -86 -80 -79 -79 -79 -79 -79 -79 -83 -83 -84 -84 -84 -84 -90 -90 -94 -94 -78 -79 -79 -79 -79 -103 -103 -104 -104 -104 -104 -104 -120 -120 -120 -120 -120 -121 -121 -106 -106 -106 -106 -106 -92 -92 -94 -94 -85 -85 -85 -85 -92 -92 -82 -82 -80 -80 -87 -87 -80 -80 -85 -85 -77 -77 -91 -91 -84 -84 -87 -87 -80 -80 -83 -83 -85 -85 -87 -87 -87 -82 -82 -82 -82 -82 -82 -82 -80 -80 -80 -80 -78 -78 -79 -79 -78 -78 -78 -77 -77 -77 -77 -77 -77 -77 -78 -78 -79 -79 -84 -84 -94 -94 -83 -83 -96 -96 -90 -84 -84 -84 -87 -87 -86 -86 -86 -86 -88 -81 -81 -81 -81 -81 -89 -89 -87 -87 -92 -92 -78 -78 -78 -78 -80 -80 -80 -80 -80 -80 -80 -80 -80 -80 -80 -80 -79 -79 -82 -83 -81 -81 -81 -81 -81 -81 -81 -81 -81 -81 -81 -108 -83 -84 -84 -83 -83 -83 -83 -83 -83 -83 -83 -83 -83 -87 -87 -87 -81 -81 -81 -86 -86 -85 -85 -95 -86 -86 -86 -86 -94 -80 -80 -84 -91 -91 -93 -83 -82 -82 -82 -82 -82 -81 -93 -83 -84 -84 -87 -87 -84 -84 -85 -85 -85 -85 -85 -85 -85 -85 -78 -78 -78 -78 -78 -78 -76 -76 -84 
CQI
2147483647 2147483647 2147483647 2147483647 2147483647 2147483647 2147483647 2147483647 2147483647 2147483647 2147483647 2147483647 2147483647 2147483647 2147483647 2147483647 2147483647 2147483647 2147483647 2147483647 2147483647 2147483647 2147483647 2147483647 2147483647 2147483647 2147483647 2147483647 2147483647 2147483647 2147483647 2147483647 2147483647 2147483647 2147483647 2147483647 2147483647 2147483647 2147483647 2147483647 2147483647 2147483647 2147483647 2147483647 2147483647 2147483647 2147483647 2147483647 2147483647 2147483647 2147483647 2147483647 2147483647 2147483647 2147483647 2147483647 2147483647 2147483647 2147483647 2147483647 2147483647 2147483647 2147483647 2147483647 2147483647 2147483647 2147483647 2147483647 2147483647 2147483647 2147483647 2147483647 2147483647 2147483647 2147483647 2147483647 2147483647 2147483647 2147483647 2147483647 2147483647 2147483647 2147483647 2147483647 2147483647 2147483647 2147483647 2147483647 2147483647 2147483647 2147483647 2147483647 2147483647 2147483647 2147483647 2147483647 2147483647 2147483647 2147483647 2147483647 2147483647 2147483647 2147483647 2147483647 2147483647 2147483647 2147483647 2147483647 2147483647 2147483647 2147483647 2147483647 2147483647 2147483647 2147483647 2147483647 2147483647 2147483647 2147483647 2147483647 2147483647 2147483647 2147483647 2147483647 2147483647 2147483647 2147483647 2147483647 2147483647 2147483647 2147483647 2147483647 2147483647 2147483647 2147483647 2147483647 2147483647 2147483647 2147483647 2147483647 2147483647 2147483647 2147483647 2147483647 2147483647 2147483647 2147483647 2147483647 2147483647 2147483647 2147483647 2147483647 2147483647 2147483647 2147483647 2147483647 2147483647 2147483647 2147483647 2147483647 2147483647 2147483647 2147483647 2147483647 2147483647 2147483647 2147483647 2147483647 2147483647 2147483647 2147483647 2147483647 2147483647 2147483647 2147483647 2147483647 2147483647 2147483647 2147483647 2147483647 2147483647 2147483647 2147483647 2147483647 2147483647 2147483647 2147483647 2147483647 2147483647 2147483647 2147483647 2147483647 2147483647 2147483647 2147483647 2147483647 2147483647 2147483647 2147483647 2147483647 2147483647 2147483647 2147483647 2147483647 2147483647 2147483647 2147483647 2147483647 2147483647 2147483647 2147483647 2147483647 2147483647 2147483647 2147483647 2147483647 2147483647 2147483647 2147483647 2147483647 2147483647 2147483647 2147483647 2147483647 2147483647 2147483647 2147483647 2147483647 2147483647 2147483647 2147483647 2147483647 2147483647 2147483647 2147483647 2147483647 2147483647 2147483647 2147483647 2147483647 2147483647 2147483647 2147483647 2147483647 2147483647 2147483647 2147483647 2147483647 2147483647 2147483647 2147483647 2147483647 2147483647 2147483647 2147483647 2147483647 2147483647 2147483647 2147483647 2147483647 2147483647 2147483647 2147483647 2147483647 2147483647 2147483647 2147483647 2147483647 2147483647 2147483647 2147483647 2147483647 2147483647 2147483647 2147483647 2147483647 2147483647 2147483647 2147483647 2147483647 2147483647 2147483647 2147483647 2147483647 2147483647 2147483647 2147483647 2147483647 2147483647 2147483647 2147483647 2147483647 2147483647 2147483647 2147483647 2147483647 2147483647 2147483647 2147483647 2147483647 2147483647 2147483647 2147483647 2147483647 2147483647 2147483647 2147483647 2147483647 2147483647 2147483647 2147483647 2147483647 2147483647 2147483647 2147483647 2147483647 2147483647 2147483647 2147483647 2147483647 2147483647 2147483647 2147483647 2147483647 2147483647 2147483647 2147483647 2147483647 2147483647 2147483647 2147483647 2147483647 2147483647 2147483647 2147483647 2147483647 2147483647 2147483647 2147483647 2147483647 2147483647 2147483647 2147483647 
Altitude
-128.06573486328125 -127.28890228271484 -126.39053344726562 -124.89500427246094 -122.89744567871094 -120.41370391845703 -118.26289367675781 -116.0750961303711 -113.95598602294922 -111.88444519042969 -109.88159942626953 -107.94745635986328 -105.99217224121094 -103.81494140625 -101.49502563476562 -99.58201599121094 -97.36779022216797 -95.43364715576172 -93.22999572753906 -91.32227325439453 -89.19259643554688 -87.16861724853516 -84.89097595214844 -82.88813018798828 -80.73204040527344 -78.80846405029297 -76.68936157226562 -74.8186264038086 -72.83692169189453 -70.72838592529297 -68.76253509521484 -66.5166015625 -64.58245849609375 -62.42636489868164 -60.28083801269531 -58.293846130371094 -56.39669418334961 -54.26702117919922 -52.29059982299805 -50.155643463134766 -48.06824493408203 -46.1763801574707 -43.967437744140625 -41.874755859375 -39.771507263183594 -37.842647552490234 -35.79224395751953 -33.73655319213867 -31.82354736328125 -29.709728240966797 -27.981679916381836 -25.95241355895996 -24.509733200073242 -23.294286727905273 -22.20038604736328 -21.3178653717041 -20.630874633789062 -19.906890869140625 -19.457704544067383 -18.960956573486328 -18.71786880493164 -18.69144630432129 -18.115428924560547 -17.888195037841797 -17.819496154785156 -17.67681312561035 -17.375593185424805 -17.27518653869629 -17.285755157470703 -17.174779891967773 -16.862991333007812 -16.51949691772461 -16.598764419555664 -16.556488037109375 -16.646326065063477 -16.508926391601562 -16.292261123657227 -15.848359107971191 -15.864212036132812 -16.12315559387207 -16.10201644897461 -16.424373626708984 -16.92112159729004 -16.9422607421875 -16.87884521484375 -16.894699096679688 -16.862991333007812 -16.646326065063477 -16.76786994934082 -16.826000213623047 -16.841854095458984 -16.746732711791992 -16.730878829956055 -16.83656883239746 -16.762584686279297 -16.83128547668457 -16.693885803222656 -16.80486297607422 -16.815431594848633 -16.83656883239746 -16.868276596069336 -16.87356185913086 -16.910552978515625 -17.063804626464844 -17.402015686035156 -16.76786994934082 -16.59347915649414 -16.117870330810547 -15.927627563476562 -15.969903945922852 -16.049171447753906 -16.133724212646484 -16.17071533203125 -16.234130859375 -16.292261123657227 -16.3239688873291 -16.334537506103516 -16.34510612487793 -16.646326065063477 -16.514211654663086 -16.41380500793457 -16.376813888549805 -15.906488418579102 -15.94876480102539 -16.107301712036133 -16.98453712463379 -17.750795364379883 -18.12071418762207 -18.945104598999023 -18.469493865966797 -18.443071365356445 -18.43250274658203 -18.231689453125 -18.326812744140625 -18.538192749023438 -18.548763275146484 -18.390226364135742 -18.353235244750977 -18.178844451904297 -18.18941307067871 -18.067869186401367 -18.025592803955078 -17.909332275390625 -17.98331642150879 -18.15770721435547 -18.00973892211914 -17.930471420288086 -17.80892562866211 -17.904048919677734 -18.083723068237305 -18.437788009643555 -18.855266571044922 -18.067869186401367 -17.481285095214844 -17.44957733154297 -17.734943389892578 -18.199981689453125 -17.734943389892578 -17.502422332763672 -17.158926010131836 -17.09551239013672 -17.148357391357422 -17.238195419311523 -17.037382125854492 -17.285755157470703 -16.98453712463379 -16.910552978515625 -16.65689468383789 -16.979251861572266 -18.215835571289062 -17.814210891723633 -17.34388542175293 -17.882909774780273 -17.91990089416504 -18.390226364135742 -18.87112045288086 -19.00851821899414 -19.20404624938965 -19.130062103271484 -19.045509338378906 -18.823558807373047 -18.591039657592773 -18.749576568603516 -18.754859924316406 -18.728437423706055 -18.659738540649414 -18.511770248413086 -18.506486892700195 -18.458925247192383 -18.36380386352539 -18.332096099853516 -18.427217483520508 -18.289819717407227 -18.501201629638672 -18.538192749023438 -18.73900604248047 -18.78656768798828 -21.42355728149414 -19.822338104248047 -19.47355842590332 -18.532909393310547 -18.147136688232422 -18.05201530456543 -17.951608657836914 -17.89876365661621 -17.861770629882812 -17.824779510498047 -17.904048919677734 -17.988601684570312 -17.904048919677734 -17.94632339477539 -17.91461753845215 -17.91990089416504 -17.62925148010254 -17.026813507080078 -17.153642654418945 -17.12193489074707 -17.428438186645508 -17.581689834594727 -17.576406478881836 -18.601608276367188 -18.733722686767578 -18.665023803710938 -18.82884407043457 -18.633316040039062 -18.511770248413086 -18.469493865966797 -18.247543334960938 -18.34266471862793 -18.49591827392578 -18.855266571044922 -18.9398193359375 -18.71786880493164 -18.421934127807617 -18.443071365356445 -18.427217483520508 -18.12071418762207 -18.791851043701172 -18.712583541870117 -19.066648483276367 -19.045509338378906 -18.749576568603516 -18.44835662841797 -19.108924865722656 -19.278030395507812 -18.791851043701172 -18.110145568847656 -18.147136688232422 -17.94632339477539 -17.956893920898438 -18.215835571289062 -17.703235626220703 -17.666242599487305 -18.242259979248047 -18.326812744140625 -17.9410400390625 -17.54469871520996 -17.174779891967773 -17.127220153808594 -17.174779891967773 -17.312179565429688 -17.349170684814453 -17.000391006469727 -16.604049682617188 -17.01624298095703 -17.169496536254883 -17.549983978271484 -18.427217483520508 -19.975589752197266 -21.518678665161133 -23.362985610961914 -24.409326553344727 -25.63534164428711 -27.141437530517578 -28.705663681030273 -29.794281005859375 -31.104848861694336 -32.77476501464844 -33.84224319458008 -35.08939743041992 -36.39996337890625 -37.583702087402344 -38.94183349609375 -40.36337661743164 -41.43613815307617 -43.35443115234375 -44.88166427612305 -46.535728454589844 -48.16865158081055 -49.864994049072266 -51.13328552246094 -52.63409423828125 -54.018646240234375 -55.64628982543945 -57.24750518798828 -58.695472717285156 -60.074737548828125 -61.63896560668945 -63.43571090698242 -64.7515640258789 -66.2946548461914 -67.89058685302734 -69.32270050048828 -70.39017486572266 -72.27147674560547 -74.25846862792969 -75.18854522705078 -76.43041229248047 -77.90480041503906 -79.56414794921875 -81.21821594238281 -82.81414794921875 -84.30967712402344 -85.62024688720703 -87.30601501464844 -89.07105255126953 -90.19666290283203 -91.98812103271484 -93.44137573242188 -94.85234832763672 -96.28974914550781 -97.93852233886719 -99.6929931640625 -101.09868621826172 -102.67876434326172 -104.5230712890625 -105.60111999511719 -107.19705200195312 -108.40193176269531 -109.81819152832031 -111.25558471679688 -112.93607330322266 -114.50029754638672 -116.00110626220703 -117.49134826660156 -119.1771240234375 -120.71492767333984 -122.19459533691406 -123.4047622680664 -125.02183532714844 -126.01004028320312 -127.42630004882812 -128.92710876464844 