LTE(1) or 5G(2)
1 1 1 1 1 1 1 1 1 1 1 1 1 1 1 1 1 1 1 1 1 1 1 1 1 1 1 1 1 2 2 2 2 2 2 2 2 2 2 2 2 2 2 2 2 2 2 2 2 2 2 2 2 2 2 2 2 2 2 2 2 2 2 2 2 2 2 2 2 2 2 2 2 2 2 2 2 2 2 2 2 2 2 2 2 2 2 2 2 1 1 1 1 1 1 1 1 1 1 1 2 2 2 2 2 2 2 2 2 2 2 2 2 2 2 2 2 2 2 2 2 1 1 2 2 2 1 1 1 1 1 1 1 1 1 1 1 1 1 1 1 1 1 1 1 1 1 1 1 1 1 1 1 1 1 1 1 1 1 1 1 1 1 1 1 2 2 2 2 2 2 2 2 2 2 2 2 2 2 2 2 2 2 2 2 2 2 2 2 2 2 2 2 2 2 2 2 2 2 2 2 2 2 2 2 2 2 2 2 2 2 2 2 2 2 2 2 2 2 2 2 2 2 2 2 2 2 2 2 2 2 2 2 2 2 2 2 2 2 2 2 2 2 2 2 2 2 2 2 2 2 2 2 2 2 2 2 2 2 2 2 2 2 2 2 2 2 2 2 2 2 2 2 2 2 2 1 1 1 1 1 1 1 1 1 1 1 1 1 1 1 1 1 1 1 1 1 1 1 1 1 1 1 1 1 1 1 1 1 1 1 1 1 1 1 1 1 1 1 1 1 1 1 1 1 1 1 
SNR of LTE
14 14 14 14 14 14 12 10 10 10 10 10 8 8 8 8 8 8 8 8 8 5 5 5 5 5 5 5 3 2 2 2 2 3 1 1 1 1 1 1 1 1 1 1 1 1 1 0 0 0 0 0 0 0 0 0 0 0 0 0 0 0 0 0 0 0 -1 -1 -1 -1 -1 -1 -1 -1 -1 -1 -1 -1 -1 -1 -1 -1 -1 -1 -1 -1 -1 -1 -1 -1 -1 -1 -1 -1 -1 -1 -1 -1 -1 0 0 0 0 0 0 0 0 0 0 0 0 0 0 0 -2 -2 -2 -2 -2 -2 -2 -2 -2 -2 -2 -2 -2 -2 -2 -2 -2 -2 -2 -2 -2 -2 -2 -2 -2 -2 0 0 0 0 0 0 0 0 0 0 0 0 1 1 1 1 1 1 1 1 1 1 1 1 0 0 0 0 0 0 0 -1 -1 -1 -1 -1 -1 -3 -3 -3 -3 -3 -4 -4 -4 -4 -4 -4 -5 -5 -5 -5 -5 -5 -5 -5 -5 -5 -5 -4 -4 -5 -5 -5 -5 -4 -4 -4 -4 -4 -4 -4 -4 -4 -4 -4 -4 -4 -4 -3 -3 -3 -3 -3 -3 -2 -2 -3 -3 -3 -3 -3 -3 -3 -3 -3 -3 -3 -3 -3 -3 -3 -3 -3 -3 -3 -3 -3 -3 -2 -2 -2 -2 -2 -2 -2 -2 -2 -2 -2 -2 -2 -2 -3 -3 -3 -3 -3 -3 -3 -3 -3 -3 -3 -3 -3 -3 -3 -3 -3 -3 -3 -3 -3 -3 -3 -3 -3 -1 -1 0 0 0 0 0 0 0 0 0 0 0 0 3 3 3 3 3 3 3 3 3 3 3 3 3 3 3 3 3 3 2 2 2 2 2 2 2 
SNR of 5G
0 0 0 0 0 0 0 0 0 0 0 0 0 0 0 0 0 0 0 0 0 0 0 0 0 0 0 0 0 2 2 -1 -1 3 3 3 3 3 3 3 3 1 1 0 0 0 0 0 0 0 0 0 0 0 0 1 1 0 1 1 2 2 0 0 0 0 4 4 2 2 2 2 5 5 5 5 5 5 3 3 3 3 1 1 1 1 1 1 0 0 0 0 0 0 0 0 0 0 0 0 5 5 4 4 4 4 4 4 4 4 4 4 6 6 -3 -4 1 1 1 1 -3 0 0 -1 -1 -5 0 0 0 0 0 0 0 0 0 0 0 0 0 0 0 0 0 0 0 0 0 0 0 0 0 0 0 0 0 0 0 0 0 0 0 0 0 0 0 1 1 1 1 1 1 2 2 0 0 2 2 2 2 0 0 1 1 0 0 0 -1 3 3 4 4 4 4 4 4 4 4 4 4 2 2 1 1 -2 -2 -1 -1 -1 -1 -1 -1 1 1 2 2 2 2 2 2 3 3 3 3 3 3 3 3 5 5 5 5 5 5 5 5 4 4 4 4 7 7 7 7 7 7 7 7 7 7 3 3 2 2 3 3 2 2 -1 -1 -1 -1 -1 -1 -1 -1 -1 -1 -1 -1 -2 -2 0 0 0 0 0 0 0 0 0 0 0 0 0 0 0 0 0 0 0 0 0 0 0 0 0 0 0 0 0 0 0 0 0 0 0 0 0 0 0 0 0 0 0 0 0 0 0 0 0 0 0 0 0 0 0 0 
RSSI
-51 -51 -51 -51 -51 -51 -51 -51 -51 -51 -51 -51 -51 -51 -51 -51 -51 -51 -51 -51 -51 -51 -51 -51 -51 -51 -51 -51 -51 -51 -51 -51 -51 -51 -51 -51 -51 -51 -51 -51 -51 -51 -51 -51 -51 -51 -51 -51 -51 -51 -51 -51 -51 -51 -51 -51 -51 -51 -51 -51 -51 -51 -51 -51 -51 -51 -51 -51 -51 -51 -51 -51 -51 -51 -51 -51 -51 -51 -51 -51 -51 -51 -51 -51 -51 -51 -51 -51 -51 -51 -51 -51 -51 -51 -51 -51 -51 -51 -51 -51 -51 -51 -51 -51 -51 -51 -51 -51 -51 -51 -51 -51 -51 -51 -51 -51 -51 -51 -51 -51 -51 -51 -51 -51 -51 -51 -51 -51 -51 -51 -51 -51 -51 -51 -51 -51 -51 -51 -51 -51 -51 -51 -51 -51 -51 -51 -51 -51 -51 -51 -51 -51 -51 -51 -51 -51 -51 -51 -51 -51 -51 -51 -51 -51 -51 -51 -51 -51 -51 -51 -51 -51 -51 -51 -51 -51 -51 -51 -51 -51 -51 -51 -51 -51 -51 -51 -51 -51 -51 -51 -51 -51 -51 -51 -51 -51 -51 -51 -51 -51 -51 -51 -51 -51 -51 -51 -51 -51 -51 -51 -51 -51 -51 -51 -51 -51 -51 -51 -51 -51 -51 -51 -51 -51 -51 -51 -51 -51 -51 -51 -51 -51 -51 -51 -51 -51 -51 -51 -51 -51 -51 -51 -51 -51 -51 -51 -51 -51 -51 -51 -51 -51 -51 -51 -51 -51 -51 -51 -51 -51 -51 -51 -51 -51 -51 -51 -51 -51 -51 -51 -51 -51 -51 -51 -51 -51 -51 -51 -51 -51 -51 -51 -51 -51 -51 -51 -51 -51 -51 -51 -51 -51 -51 -51 -51 -51 -51 -51 -51 -51 -51 -51 -51 -51 -51 -51 -51 -51 -51 -51 -51 -51 -51 -51 -51 -51 -51 -51 -51 -51 -51 -51 -51 -51 -51 -51 -51 
RSRP
-68 -68 -68 -68 -68 -68 -68 -68 -68 -69 -69 -69 -69 -69 -69 -69 -69 -69 -69 -69 -69 -71 -71 -71 -71 -71 -71 -71 -72 -72 -72 -72 -72 -73 -73 -73 -73 -73 -73 -73 -73 -73 -73 -73 -73 -73 -73 -74 -74 -74 -74 -74 -74 -74 -74 -74 -75 -75 -75 -75 -75 -75 -75 -75 -75 -75 -76 -76 -76 -76 -76 -76 -76 -76 -76 -76 -76 -76 -76 -76 -76 -76 -77 -77 -77 -77 -77 -77 -77 -77 -77 -77 -77 -77 -77 -77 -77 -77 -77 -75 -75 -75 -75 -75 -74 -74 -74 -74 -74 -74 -74 -74 -74 -74 -75 -75 -75 -75 -75 -75 -77 -77 -77 -76 -76 -77 -77 -77 -77 -77 -77 -77 -77 -77 -77 -77 -77 -77 -77 -77 -76 -76 -76 -76 -76 -76 -76 -76 -76 -76 -76 -76 -74 -74 -74 -74 -74 -74 -74 -74 -74 -74 -74 -74 -75 -75 -75 -75 -75 -75 -75 -75 -75 -76 -76 -76 -76 -78 -78 -78 -78 -78 -79 -79 -79 -79 -80 -80 -81 -81 -81 -81 -81 -81 -81 -81 -81 -81 -81 -82 -82 -82 -82 -82 -82 -82 -82 -82 -82 -82 -82 -82 -82 -82 -82 -82 -82 -82 -82 -81 -81 -81 -81 -81 -81 -81 -81 -81 -81 -81 -81 -81 -81 -81 -81 -80 -80 -80 -80 -80 -80 -80 -80 -80 -80 -80 -80 -80 -80 -80 -80 -80 -80 -80 -80 -79 -79 -79 -79 -79 -79 -79 -79 -79 -79 -79 -79 -79 -79 -79 -79 -78 -78 -78 -78 -78 -78 -78 -78 -78 -78 -78 -78 -78 -78 -78 -78 -78 -74 -74 -73 -73 -73 -73 -73 -73 -73 -73 -73 -73 -73 -73 -72 -72 -72 -72 -72 -72 -72 -72 -72 -72 -72 -72 -72 -72 -72 -72 -72 -72 -73 -73 -73 -73 -73 -73 -75 
CID
13678086 13678086 13678086 13678086 13678086 13678086 13754896 13754896 13754896 13754896 13754896 13754896 13754896 13769745 13769745 13769745 13769745 13769745 13769745 13769745 13769745 13769745 13769745 13769745 13769745 13769745 13769745 13769745 13769745 13769745 13769745 13769745 13769745 13769745 13769745 13769745 13769745 13769745 13769745 13769745 13769745 13769745 13769745 13769745 13769745 13769745 13769745 13769745 13769745 13769745 13769745 13769745 13769745 13769745 13769745 13769745 13769745 13769745 13769745 13769745 13769745 13769745 13769745 13769745 13769745 13769745 13769745 13769745 13769745 13769745 13769745 13769745 13769745 13769745 13769745 13769745 13769745 13769745 13769745 13769745 13769745 13769745 13769745 13769745 13769745 13769745 13769745 13769745 13769745 13769745 13769745 13769745 13769745 13769745 13769745 13769745 13769745 13769745 13769745 13769745 13769745 13769745 13769745 13769745 13769745 13769745 13769745 13769745 13769745 13769745 13769745 13769745 13769745 13769745 13754896 13754896 13754896 13754896 13754896 13754896 13754896 13754896 13754896 13754896 13754896 13754896 13754896 13754896 13754896 13754896 13754896 13754896 13754896 13754896 13754896 13754896 13754896 13754896 13754896 13754896 13754896 13754896 13754896 13754896 13754896 13754896 13754896 13754896 13754896 13754896 13754896 13754896 13754896 13754896 13754896 13754896 13754896 13754896 13754896 13754896 13754896 13754896 13754896 13754896 13769745 13769745 13769745 13769745 13769745 13769745 13769745 13769745 13769745 13769745 13769745 13769745 13769745 13769745 13769745 13769745 13769745 13769745 13769745 13769745 13769745 13769745 13769745 13769745 13769745 13792278 13792278 13792278 13792278 13792278 13792278 13792278 13792278 13792278 13792278 13769745 13769745 13769745 13769745 13769745 13769745 13792279 13792279 13792279 13769745 13769745 13754896 13754896 13754896 13754896 13754896 13769745 13769745 13769745 13769745 13769745 13769745 13769745 13769745 13769745 13769745 13769745 13769745 13769745 13769745 13769745 13769745 13792279 13792279 13792279 13792279 13792279 13792279 13792279 13792279 13792279 13792279 13792279 13792279 13792279 13792279 13792279 13792279 13792279 13792279 13792279 13792279 13792279 13792279 13792279 13792279 13792279 13769745 13769745 13769745 13769745 13769745 13769745 13769745 13769745 13769745 13769745 13769745 13769745 13769745 13769745 13769745 13769745 13769745 13769745 13769745 13769745 13769745 13769745 13769745 13769745 13769745 13769745 13769745 13769745 13769745 13769745 13769745 13769745 13769745 13769745 13769745 13769745 13769745 13769745 13769745 13769745 13769745 13769745 13769745 13769745 13769745 13769745 13769745 13769745 13769745 13769745 13769745 13769745 13769745 13769745 13769745 13769745 13769745 13769745 13769745 13769745 13769745 13769745 13769745 13769745 13769745 13769745 13754896 13754896 13754896 13754896 13754896 
RSRP of 5G
-79 -79 -79 -79 -79 -79 -79 -79 -79 -79 -79 -79 -79 -79 -79 -79 -79 -79 -79 -79 -79 -79 -79 -79 -79 -79 -79 -79 -79 -82 -82 -81 -81 -81 -81 -81 -81 -85 -85 -85 -85 -86 -86 -85 -85 -84 -84 -83 -83 -91 -85 -85 -85 -88 -88 -82 -82 -83 -84 -84 -86 -86 -90 -90 -85 -85 -84 -84 -87 -87 -86 -86 -79 -79 -79 -79 -79 -79 -82 -82 -82 -82 -83 -83 -83 -83 -83 -83 -81 -81 -81 -81 -81 -81 -81 -81 -81 -81 -81 -81 -88 -88 -90 -90 -87 -87 -86 -86 -83 -83 -83 -83 -86 -86 -93 -82 -81 -81 -81 -81 -138 -138 -138 2147483647 2147483647 2147483647 2147483647 2147483647 2147483647 2147483647 2147483647 2147483647 2147483647 2147483647 2147483647 2147483647 2147483647 2147483647 2147483647 2147483647 2147483647 2147483647 2147483647 2147483647 2147483647 2147483647 2147483647 2147483647 2147483647 2147483647 2147483647 2147483647 2147483647 2147483647 2147483647 2147483647 2147483647 2147483647 2147483647 2147483647 2147483647 2147483647 2147483647 2147483647 2147483647 -83 -83 -83 -83 -78 -78 -79 -79 -79 -79 -82 -82 -80 -80 -80 -80 -78 -78 -82 -82 -83 -76 -77 -77 -80 -80 -80 -80 -80 -80 -80 -80 -80 -80 -76 -76 -77 -77 -82 -82 -87 -87 -87 -83 -83 -84 -83 -83 -82 -82 -80 -80 -81 -81 -82 -82 -79 -79 -82 -82 -80 -80 -81 -81 -81 -81 -82 -82 -82 -82 -76 -76 -73 -73 -77 -77 -77 -77 -77 -77 -77 -77 -77 -77 -81 -81 -79 -79 -82 -82 -82 -82 -83 -83 -86 -86 -86 -86 -82 -82 -84 -84 -84 -84 -83 -83 -90 -90 -90 -90 -85 -85 -85 -85 -85 -85 -85 -85 -85 -85 -85 -85 -85 -85 -85 -85 -85 -85 -85 -85 -85 -85 -85 -85 -85 -85 -85 -85 -85 -85 -85 -85 -85 -85 -85 -85 -85 -85 -85 -85 -85 -85 -85 -85 -85 -85 -85 -85 -85 -85 -85 -85 
CQI
2147483647 2147483647 2147483647 2147483647 2147483647 2147483647 2147483647 2147483647 2147483647 2147483647 2147483647 2147483647 2147483647 2147483647 2147483647 2147483647 2147483647 2147483647 2147483647 2147483647 2147483647 2147483647 2147483647 2147483647 2147483647 2147483647 2147483647 2147483647 2147483647 2147483647 2147483647 2147483647 2147483647 2147483647 2147483647 2147483647 2147483647 2147483647 2147483647 2147483647 2147483647 2147483647 2147483647 2147483647 2147483647 2147483647 2147483647 2147483647 2147483647 2147483647 2147483647 2147483647 2147483647 2147483647 2147483647 2147483647 2147483647 2147483647 2147483647 2147483647 2147483647 2147483647 2147483647 2147483647 2147483647 2147483647 2147483647 2147483647 2147483647 2147483647 2147483647 2147483647 2147483647 2147483647 2147483647 2147483647 2147483647 2147483647 2147483647 2147483647 2147483647 2147483647 2147483647 2147483647 2147483647 2147483647 2147483647 2147483647 2147483647 2147483647 2147483647 2147483647 2147483647 2147483647 2147483647 2147483647 2147483647 2147483647 2147483647 2147483647 2147483647 2147483647 2147483647 2147483647 2147483647 2147483647 2147483647 2147483647 2147483647 2147483647 2147483647 2147483647 2147483647 2147483647 2147483647 2147483647 2147483647 2147483647 2147483647 2147483647 2147483647 2147483647 2147483647 2147483647 2147483647 2147483647 2147483647 2147483647 2147483647 2147483647 2147483647 2147483647 2147483647 2147483647 2147483647 2147483647 2147483647 2147483647 2147483647 2147483647 2147483647 2147483647 2147483647 2147483647 2147483647 2147483647 2147483647 2147483647 2147483647 2147483647 2147483647 2147483647 2147483647 2147483647 2147483647 2147483647 2147483647 2147483647 2147483647 2147483647 2147483647 2147483647 2147483647 2147483647 2147483647 2147483647 2147483647 2147483647 2147483647 2147483647 2147483647 2147483647 2147483647 2147483647 2147483647 2147483647 2147483647 2147483647 2147483647 2147483647 2147483647 2147483647 2147483647 2147483647 2147483647 2147483647 2147483647 2147483647 2147483647 2147483647 2147483647 2147483647 2147483647 2147483647 2147483647 2147483647 2147483647 2147483647 2147483647 2147483647 2147483647 2147483647 2147483647 2147483647 2147483647 2147483647 2147483647 2147483647 2147483647 2147483647 2147483647 2147483647 2147483647 2147483647 2147483647 2147483647 2147483647 2147483647 2147483647 2147483647 2147483647 2147483647 2147483647 2147483647 2147483647 2147483647 2147483647 2147483647 2147483647 2147483647 2147483647 2147483647 2147483647 2147483647 2147483647 2147483647 2147483647 2147483647 2147483647 2147483647 2147483647 2147483647 2147483647 2147483647 2147483647 2147483647 2147483647 2147483647 2147483647 2147483647 2147483647 2147483647 2147483647 2147483647 2147483647 2147483647 2147483647 2147483647 2147483647 2147483647 2147483647 2147483647 2147483647 2147483647 2147483647 2147483647 2147483647 2147483647 2147483647 2147483647 2147483647 2147483647 2147483647 2147483647 2147483647 2147483647 2147483647 2147483647 2147483647 2147483647 2147483647 2147483647 2147483647 2147483647 2147483647 2147483647 2147483647 2147483647 2147483647 2147483647 2147483647 2147483647 2147483647 2147483647 2147483647 2147483647 2147483647 2147483647 2147483647 2147483647 2147483647 2147483647 2147483647 2147483647 2147483647 2147483647 2147483647 2147483647 2147483647 2147483647 2147483647 2147483647 2147483647 2147483647 2147483647 2147483647 2147483647 2147483647 2147483647 2147483647 2147483647 2147483647 2147483647 2147483647 2147483647 2147483647 2147483647 
Altitude
-93.35681915283203 -92.70682525634766 -91.8665771484375 -90.91535949707031 -90.3446273803711 -89.4726791381836 -88.69056701660156 -87.998291015625 -87.20560455322266 -85.78935241699219 -83.79179382324219 -81.69911193847656 -79.46903228759766 -77.16497039794922 -75.0300064086914 -73.24911499023438 -71.2198486328125 -69.46537780761719 -67.12960815429688 -65.08448791503906 -63.00766372680664 -60.80929183959961 -58.980838775634766 -56.83531188964844 -55.00157165527344 -52.94060134887695 -51.05929946899414 -48.823936462402344 -46.678409576416016 -44.701988220214844 -42.49304962158203 -40.50605773925781 -38.57191467285156 -36.54264831542969 -34.38655090332031 -32.172325134277344 -30.285743713378906 -28.54712677001953 -26.295909881591797 -24.425180435180664 -22.612579345703125 -20.699573516845703 -19.00323486328125 -17.5605525970459 -16.12315559387207 -14.59592056274414 -13.82966136932373 -12.99470329284668 -12.307711601257324 -11.567874908447266 -11.06584358215332 -10.59023380279541 -10.151616096496582 -9.956088066101074 -9.728852272033691 -9.195113182067871 -8.952024459838867 -8.65080451965332 -8.597959518432617 -8.497552871704102 -8.3073091506958 -8.095927238464355 -8.021944046020508 -8.312593460083008 -8.053650856018066 -8.317878723144531 -8.41828441619873 -8.265032768249512 -5.797148704528809 -2.980484962463379 -0.8825194835662842 -1.7016243934631348 -2.753249406814575 -1.0410559177398682 1.117681860923767 2.8008103370666504 5.184141159057617 7.200196266174316 9.012796401977539 10.571738243103027 11.924582481384277 13.20872688293457 13.974987030029297 15.026611328125 15.481082916259766 15.946123123168945 16.46929359436035 16.773155212402344 17.272544860839844 17.76664924621582 17.814210891723633 18.173559188842773 18.601608276367188 18.556690216064453 18.622745513916016 19.22518539428711 20.440631866455078 20.377216339111328 19.909534454345703 20.485549926757812 20.646728515625 20.04164695739746 20.440631866455078 21.18046760559082 20.511972427368164 19.587177276611328 19.917461395263672 20.408924102783203 19.901607513427734 20.38250160217285 20.926809310913086 21.418272018432617 21.019289016723633 21.140832901000977 19.86989974975586 17.737585067749023 16.009536743164062 15.211570739746094 13.356694221496582 11.55466365814209 9.414422035217285 8.066862106323242 7.88454532623291 6.650603294372559 5.08373498916626 3.966053009033203 2.2565019130706787 -0.517885684967041 -0.34349560737609863 -2.0821118354797363 -3.3715415000915527 -3.3134114742279053 -6.536985397338867 -5.622758865356445 -7.29796028137207 -7.361374855041504 -7.35080623626709 -8.878040313720703 -8.413000106811523 -8.65080451965332 -9.173974990844727 -9.253243446350098 -9.501617431640625 -8.365439414978027 -8.740642547607422 -9.026007652282715 -8.545113563537598 -8.265032768249512 -8.323163032531738 -8.444707870483398 -8.423568725585938 -8.508121490478516 -8.624382019042969 -8.571537017822266 -8.730072975158691 -8.724788665771484 -8.708934783935547 -8.386577606201172 -8.508121490478516 -8.465845108032227 -8.159341812133789 -7.747147083282471 -6.050806999206543 -3.746744394302368 -3.1178832054138184 -2.5682902336120605 -0.8613812923431396 0.6156498193740845 2.5392251014709473 4.44694709777832 6.854058265686035 8.708934783935547 10.03799819946289 11.419907569885254 11.879663467407227 12.98413372039795 14.083319664001465 15.16665267944336 16.13636589050293 17.069089889526367 17.30953598022461 17.499780654907227 18.514413833618164 19.1115665435791 19.315021514892578 18.583112716674805 19.764209747314453 18.90546989440918 18.395511627197266 19.632095336914062 20.115631103515625 20.9373779296875 20.1473388671875 20.07071304321289 20.04164695739746 21.143476486206055 21.658720016479492 21.571523666381836 21.550386428833008 21.56888198852539 21.39713478088379 21.270305633544922 21.6455078125 22.020709991455078 21.809328079223633 21.45790672302246 20.089208602905273 18.709941864013672 16.820714950561523 15.50222110748291 14.532506942749023 12.28657341003418 11.670924186706543 9.142267227172852 7.068082809448242 7.689017295837402 5.0784502029418945 3.577638864517212 2.2987782955169678 1.6461366415023804 0.6288611888885498 -0.6922757625579834 -3.0491840839385986 -3.7097525596618652 -4.729670524597168 -5.585766792297363 -6.219912528991699 -7.1182861328125 -7.22926139831543 -8.89389419555664 -8.333731651306152 -8.201618194580078 -8.698366165161133 -9.380072593688965 -9.602023124694824 -9.628446578979492 -10.082917213439941 -8.275602340698242 -8.492268562316895 -8.634950637817383 -8.69308090209961 -8.66137409210205 -8.603243827819824 -8.53982925415039 -8.560967445373535 -8.70365047454834 -8.69308090209961 -9.18454360961914 -9.036577224731445 -8.8251953125 -8.69308090209961 -8.804056167602539 -8.793487548828125 -8.740642547607422 -8.444707870483398 -8.428853988647461 -8.23861026763916 -8.3073091506958 -8.254463195800781 -8.455276489257812 -10.193892478942871 -11.515029907226562 -13.237792015075684 -14.194295883178711 -15.843074798583984 -17.396732330322266 -18.670307159423828 -20.38250160217285 -22.00485610961914 -23.17802619934082 -24.88493537902832 -26.116235733032227 -27.215421676635742 -29.249971389770508 -30.89346694946289 -32.8328971862793 -33.884521484375 -35.6442756652832 -37.208499908447266 -38.76215744018555 -40.31581497192383 -42.07028579711914 -42.73085403442383 -43.92516326904297 -46.34548568725586 -47.962554931640625 -49.78572463989258 -51.32352828979492 -52.7714958190918 -54.48897171020508 -55.8735237121582 -57.37961959838867 -58.721893310546875 -60.360103607177734 -61.9930305480957 -63.85847473144531 -65.21131896972656 -66.94464874267578 -67.92757415771484 -69.31212615966797 -71.01903533935547 -72.53570556640625 -73.67716217041016 -75.2361068725586 -76.26659393310547 -78.5336685180664 -79.83895111083984 -81.0068359375 -82.95154571533203 -84.78528594970703 -85.93731689453125 -87.74991607666016 -89.21373748779297 -90.29178619384766 -91.2852783203125 -91.73974609375 -92.18365478515625 -92.33161926269531 -92.58528137207031 -92.61698150634766 -92.87593078613281 -93.08202362060547 -93.26698303222656 -93.53121185302734 -93.8271484375 -94.10194396972656 -94.35559844970703 