LTE(1) or 5G(2)
2 2 2 2 2 2 2 2 2 2 2 2 2 2 2 2 2 2 2 2 2 2 2 2 2 2 2 2 2 2 2 2 2 2 2 2 2 2 2 2 2 2 2 2 2 2 2 2 2 2 2 2 2 2 2 2 2 2 2 2 2 2 2 2 2 2 2 2 2 2 2 2 2 2 2 2 2 2 2 2 2 2 2 2 2 2 2 2 2 2 2 2 1 1 1 2 2 2 2 2 2 2 2 2 2 2 2 2 2 2 2 2 2 2 2 2 2 2 2 2 2 1 1 1 1 1 1 1 1 1 1 1 1 1 1 1 1 2 2 2 1 1 1 1 2 2 2 2 1 2 2 2 2 1 1 2 2 2 2 1 1 2 2 2 2 2 2 2 2 2 2 2 1 1 2 2 2 2 2 2 2 2 2 2 2 2 2 2 2 2 2 2 2 2 2 2 2 2 2 2 2 2 2 2 2 2 2 2 2 2 2 2 2 2 2 2 2 2 1 1 1 1 1 1 1 1 1 1 2 2 2 2 2 2 2 2 2 2 2 2 2 2 2 2 2 2 2 2 2 2 2 2 2 2 2 2 2 2 2 2 2 2 2 2 2 2 2 2 2 2 2 2 2 2 2 2 2 2 2 2 2 2 2 2 2 2 2 2 2 2 2 2 2 2 2 2 2 2 2 2 2 2 2 2 2 2 2 2 2 2 2 2 2 2 2 2 2 2 2 2 2 2 2 2 2 2 2 2 2 2 2 2 2 2 2 2 2 2 2 2 2 
SNR of LTE
2 2 2 2 2 2 2 2 2 2 2 2 2 2 1 1 1 1 1 1 0 0 0 0 0 0 0 0 0 0 0 0 0 0 0 0 0 0 -1 -1 -1 -1 -1 -1 -2 -2 -2 -2 -2 -2 -2 -2 -2 -2 -3 -3 -3 -3 -3 -3 -3 -3 -3 -3 -3 -3 -3 -3 -3 -3 -3 -3 -3 -3 -2 -2 -2 -3 -3 -3 -3 -3 -3 -3 -3 -3 -3 -3 -3 -3 -3 -3 -3 -3 -3 -3 -3 -3 -3 -3 -3 -3 -3 -3 -3 -3 -3 -3 -3 -3 -3 -1 -1 -1 -1 -1 -1 0 0 0 0 0 0 0 -2 -2 -2 -2 -3 -3 -3 -3 -3 -3 -3 -3 -3 -3 -3 -3 -2 -2 -2 -2 -2 -2 -2 -2 -3 -3 -3 -3 -3 -3 -3 -3 -3 -3 -3 -3 -3 -3 -3 -3 -3 -3 -3 -2 -2 -2 -2 -1 -1 -1 -1 -1 -1 -1 -1 -1 -2 -2 -2 -2 -1 -1 -1 -1 -1 -1 -1 -1 -1 -1 -2 -2 -2 -2 -3 -3 -3 -3 -3 -3 -3 -3 -3 -3 -3 -3 -3 -3 -3 -3 -3 -3 -3 -3 -5 -5 -5 -5 -5 -5 -3 -3 -3 -3 -3 -2 -3 -3 -3 -3 -3 -3 -2 -2 -1 -1 -1 -1 -2 -2 -2 -2 -2 -2 -2 -2 -2 -3 -3 -3 -3 -3 -4 -4 -4 -4 -5 -5 -5 -5 -5 -4 -4 -4 -4 -4 -4 -4 -4 -4 -4 -4 -4 -4 -4 -4 -4 -4 -4 -4 -4 -4 -4 -4 -4 -4 -4 -4 -4 -4 -4 -4 -4 -4 -4 -4 -4 -4 -3 -3 -3 -3 -3 -3 -3 -3 -2 -2 -2 -2 -2 -2 -1 -1 0 0 0 0 0 0 0 0 0 0 0 0 0 0 2 2 2 2 3 3 3 3 3 
SNR of 5G
8 8 8 8 5 5 5 5 5 5 5 5 5 5 1 1 2 2 3 3 4 4 4 4 3 3 3 3 3 3 3 3 2 2 2 2 0 0 0 0 2 2 -2 -2 -3 -3 -1 -3 3 3 3 3 3 3 3 3 3 3 3 3 3 3 3 3 3 3 3 3 4 4 3 3 4 4 5 5 1 1 0 0 1 1 2 2 2 2 3 3 2 2 1 1 0 0 0 0 0 0 0 1 1 0 0 1 2 2 2 2 2 2 2 0 -4 4 4 4 4 1 1 -2 -2 0 0 0 0 0 0 0 0 0 0 0 0 0 0 0 0 -2 -2 -2 0 0 0 0 -5 -5 -4 -4 0 -4 -1 -1 -3 0 0 0 0 1 1 0 0 2 2 1 1 -2 -2 1 1 0 0 3 0 0 -2 -2 -2 -2 -2 -2 -4 -4 -6 -6 -6 -6 -7 -7 -8 -8 -8 -8 -8 -8 0 0 4 4 4 4 2 2 2 2 2 2 2 2 0 0 0 0 0 0 -1 -1 -4 -4 0 0 0 0 0 0 0 0 0 0 0 -1 1 1 1 1 1 1 0 0 0 0 -1 -1 3 4 0 0 0 0 -1 -1 -2 -2 -1 -1 -2 -2 -2 -2 -2 -2 -2 -4 5 5 1 -2 3 3 3 3 3 3 3 3 3 3 3 4 4 4 4 4 2 2 2 2 2 2 1 1 4 4 0 0 -1 -1 0 -2 3 3 0 0 0 0 0 -1 4 4 4 4 5 5 5 5 5 5 2 2 2 2 1 1 1 1 1 1 3 3 3 3 6 6 7 7 7 7 7 7 10 10 6 
RSSI
-51 -51 -51 -51 -51 -51 -51 -51 -51 -51 -51 -51 -51 -51 -51 -51 -51 -51 -51 -51 -51 -51 -51 -51 -51 -51 -51 -51 -51 -51 -51 -51 -51 -51 -51 -51 -51 -51 -51 -51 -51 -51 -51 -51 -51 -51 -51 -51 -51 -51 -51 -51 -51 -51 -51 -51 -51 -51 -51 -51 -51 -51 -51 -51 -51 -51 -51 -51 -51 -51 -51 -51 -51 -51 -51 -51 -51 -51 -51 -51 -51 -51 -51 -51 -51 -51 -51 -51 -51 -51 -51 -51 -55 -55 -55 -51 -51 -51 -51 -51 -51 -51 -51 -51 -51 -51 -51 -51 -51 -51 -51 -51 -51 -51 -51 -51 -51 -51 -51 -51 -51 -51 -51 -51 -51 -51 -51 -51 -51 -51 -51 -51 -51 -51 -51 -51 -51 -51 -51 -51 -51 -51 -51 -51 -51 -51 -51 -51 -51 -51 -51 -51 -51 -51 -51 -51 -51 -51 -51 -51 -51 -51 -51 -51 -51 -51 -51 -51 -51 -51 -51 -51 -51 -51 -51 -51 -51 -51 -51 -51 -51 -51 -51 -51 -51 -51 -51 -51 -51 -51 -51 -51 -51 -51 -51 -51 -51 -51 -51 -51 -51 -51 -51 -51 -51 -51 -51 -51 -51 -51 -51 -51 -51 -51 -51 -51 -51 -51 -51 -51 -51 -51 -51 -51 -51 -51 -51 -51 -51 -51 -51 -51 -51 -51 -51 -51 -51 -51 -51 -51 -51 -51 -51 -51 -51 -51 -51 -51 -51 -51 -51 -51 -51 -51 -51 -51 -51 -51 -51 -51 -51 -51 -51 -51 -51 -51 -51 -51 -51 -51 -51 -51 -51 -51 -51 -51 -51 -51 -51 -51 -51 -51 -51 -51 -51 -51 -51 -51 -51 -51 -51 -51 -51 -51 -51 -51 -51 -51 -51 -51 -51 -51 -51 -51 -51 -51 -51 -51 -51 -51 -51 -51 -51 -51 -51 -51 -51 -51 -51 -51 -51 -51 -51 -51 -51 -51 -51 -51 -51 -51 -51 -51 -51 -51 -51 -51 -51 -51 -51 -51 -51 
RSRP
-78 -78 -78 -78 -78 -78 -78 -78 -78 -78 -78 -78 -78 -78 -76 -76 -76 -76 -76 -76 -76 -76 -76 -76 -75 -75 -75 -75 -75 -75 -75 -75 -76 -76 -76 -76 -76 -76 -77 -77 -77 -77 -77 -77 -78 -78 -78 -78 -78 -78 -78 -78 -78 -78 -79 -79 -79 -79 -79 -79 -80 -80 -80 -80 -80 -80 -80 -79 -79 -79 -79 -79 -78 -78 -78 -78 -78 -78 -78 -78 -78 -78 -78 -78 -78 -78 -78 -78 -78 -78 -78 -78 -79 -79 -79 -79 -79 -79 -79 -79 -79 -79 -79 -79 -78 -77 -77 -77 -77 -77 -77 -75 -75 -75 -75 -75 -75 -75 -75 -75 -75 -75 -75 -75 -77 -77 -77 -77 -78 -78 -78 -78 -78 -78 -78 -78 -78 -78 -78 -78 -78 -78 -78 -77 -77 -77 -77 -77 -77 -77 -77 -77 -77 -77 -77 -77 -77 -78 -78 -78 -78 -79 -79 -79 -79 -79 -79 -78 -78 -78 -78 -77 -77 -77 -77 -77 -77 -77 -77 -77 -77 -77 -76 -76 -76 -76 -76 -76 -76 -76 -76 -76 -76 -76 -75 -75 -75 -75 -75 -75 -75 -75 -75 -75 -75 -75 -77 -77 -77 -77 -77 -77 -77 -77 -77 -78 -78 -78 -80 -81 -81 -81 -81 -81 -80 -80 -80 -80 -80 -79 -79 -79 -79 -79 -79 -79 -79 -79 -78 -78 -78 -78 -78 -78 -78 -78 -78 -78 -78 -78 -78 -78 -78 -78 -78 -78 -79 -79 -79 -79 -79 -79 -79 -79 -79 -79 -79 -79 -79 -79 -79 -79 -79 -79 -79 -79 -79 -79 -80 -80 -80 -80 -80 -80 -80 -80 -81 -81 -81 -81 -80 -80 -80 -80 -80 -80 -80 -80 -80 -80 -80 -80 -80 -80 -80 -79 -79 -79 -79 -79 -79 -79 -79 -79 -79 -79 -78 -78 -78 -78 -77 -77 -77 -77 -77 -77 -77 -77 -77 -77 -76 -76 -75 -75 -75 -75 -75 -75 -74 -74 -74 
CID
13792258 13792258 13792258 13792258 13792258 13792258 13792258 13792258 13792258 13792258 13792258 13792258 13792258 13792258 13792258 13792258 13792258 13792258 13792258 13792258 13792258 13792258 13792258 13792258 13792258 13792258 13792258 13792258 13792258 13792258 13792258 13792258 13792258 13792258 13792258 13792258 13792258 13792258 13792258 13792258 13792258 13792258 13792258 13792258 13792258 13792258 13792258 13792258 13792258 13792258 13792258 13792258 13792258 13792258 13792258 13792258 13792258 13792258 13792258 13792258 13792258 13792258 13792258 13792258 13792258 13792258 13792258 13792258 13792258 13792258 13792258 13792258 13792258 13792258 13792258 13792258 13792258 13792258 13792258 13792258 13792258 13792258 13792258 13792258 13792258 13792258 13792258 13792258 13792258 13792258 13792523 13792523 13769739 13769739 13769739 13769739 13769739 13769739 13769739 13769739 13769739 13792513 13792513 13792513 13792513 13792513 13792513 13792513 13792513 13792513 13792513 13792513 13792513 13792513 13792513 13792513 13792513 13792513 13792513 13792513 13792513 13792513 13792513 13792513 13792258 13792258 13792258 13792258 13792258 13792258 13769739 13769739 13769739 13769739 13769739 13769739 13769739 13769739 13769739 13769739 13769739 13769739 13769739 13769739 13769739 13769739 13769739 13769739 13769739 13754890 13754890 13754890 13754890 13754890 13754890 13754890 13754890 13754890 13754890 13754890 13754890 13754890 13754890 13754890 13754890 13754890 13754890 13754890 13754890 13754890 13754890 13754890 13754890 13754890 13754890 13769739 13769739 13769739 13769739 13769739 13769739 13769739 13769739 13769739 13769739 13769739 13769739 13769739 13769739 13769739 13769739 13769739 13769739 13769739 13769739 13769739 13792523 13792523 13792513 13792513 13792513 13792513 13792513 13792513 13792513 13792513 13792513 13792513 13769739 13769739 13769739 13769739 13769739 13769739 13769739 13769739 13769739 13769739 13769739 13769739 13769739 13769739 13769739 13769739 13754890 13754890 13754890 13754890 13754890 13754890 13754890 13754890 13754890 13754890 13754890 13754890 13754890 13754890 13754890 13754890 13754890 13754890 13754890 13792258 13792258 13792258 13792258 13792258 13792258 13792258 13792258 13792258 13792258 13792258 13792258 13792258 13792258 13792258 13792258 13792258 13792258 13792258 13792258 13792258 13792258 13792258 13792258 13792258 13792258 13792258 13792258 13792258 13792258 13792258 13792258 13792258 13792258 13792258 13769739 13769739 13769739 13769739 13769739 13769739 13769739 13769739 13769739 13769739 13769739 13769739 13769739 13769739 13769739 13769739 13769739 13769739 13769739 13769739 13769739 13769739 13769739 13769739 13769739 13769739 13769739 13769739 13792258 13792258 13792258 13792258 13792258 13792258 13792258 13792258 13792258 13792258 13792258 13792258 13792258 13792258 13792258 13792258 13792258 13792258 13792258 13792258 13792258 13792258 13792258 13792258 13792258 13792258 13792258 13792258 13792258 13792258 13792258 13792258 13792258 13792258 13792258 
RSRP of 5G
-81 -81 -81 -81 -80 -80 -80 -80 -80 -80 -80 -80 -80 -80 -82 -82 -83 -83 -85 -85 -89 -89 -89 -89 -81 -81 -81 -81 -81 -81 -81 -81 -87 -87 -85 -85 -84 -84 -93 -80 -84 -84 -96 -96 -95 -95 -89 -84 -84 -84 -84 -84 -84 -84 -84 -84 -84 -84 -89 -89 -85 -85 -85 -85 -85 -85 -85 -85 -87 -87 -82 -82 -89 -89 -78 -78 -87 -82 -82 -82 -82 -82 -82 -82 -80 -80 -80 -80 -81 -81 -79 -79 2147483647 2147483647 2147483647 -90 -90 -87 -87 -88 -88 -91 -91 -87 -82 -80 -80 -80 -80 -80 -80 -96 -83 -83 -83 -83 -83 -88 -88 -93 -93 -95 -95 -95 -95 -95 -95 -95 -95 -95 -95 -95 -95 -131 -131 -131 -131 -99 -99 -94 -94 -94 -94 -94 -100 -100 -116 -116 -116 -83 -97 -97 -111 -111 -111 -92 -92 -82 -82 -82 -82 -79 -79 -91 -91 -100 -100 -82 -82 -118 -118 -90 -90 -90 -81 -81 -80 -80 -82 -82 -82 -82 -95 -95 -96 -96 -86 -86 -82 -82 -82 -82 -82 -82 -79 -79 -78 -78 -78 -78 -78 -78 -78 -78 -78 -78 -78 -78 -79 -79 -81 -81 -81 -81 -96 -96 -87 -87 -87 -87 -87 -87 -87 -87 -87 -87 -87 -87 -100 -82 -84 -84 -82 -82 -83 -83 -83 -83 -83 -83 -99 -81 -81 -78 -78 -78 -82 -82 -80 -80 -80 -80 -79 -79 -80 -80 -81 -81 -83 -83 -81 -81 -81 -81 -82 -83 -84 -84 -84 -84 -84 -84 -84 -84 -84 -84 -84 -82 -84 -84 -84 -84 -85 -85 -85 -85 -90 -90 -91 -81 -79 -79 -87 -87 -91 -91 -85 -83 -83 -83 -85 -85 -85 -85 -88 -83 -85 -85 -85 -85 -87 -87 -82 -82 -82 -82 -85 -85 -84 -84 -86 -86 -86 -86 -86 -86 -83 -83 -83 -83 -80 -80 -81 -81 -79 -79 -79 -79 -78 -78 -81 
CQI
2147483647 2147483647 2147483647 2147483647 2147483647 2147483647 2147483647 2147483647 2147483647 2147483647 2147483647 2147483647 2147483647 2147483647 2147483647 2147483647 2147483647 2147483647 2147483647 2147483647 2147483647 2147483647 2147483647 2147483647 2147483647 2147483647 2147483647 2147483647 2147483647 2147483647 2147483647 2147483647 2147483647 2147483647 2147483647 2147483647 2147483647 2147483647 2147483647 2147483647 2147483647 2147483647 2147483647 2147483647 2147483647 2147483647 2147483647 2147483647 2147483647 2147483647 2147483647 2147483647 2147483647 2147483647 2147483647 2147483647 2147483647 2147483647 2147483647 2147483647 2147483647 2147483647 2147483647 2147483647 2147483647 2147483647 2147483647 2147483647 2147483647 2147483647 2147483647 2147483647 2147483647 2147483647 2147483647 2147483647 2147483647 2147483647 2147483647 2147483647 2147483647 2147483647 2147483647 2147483647 2147483647 2147483647 2147483647 2147483647 2147483647 2147483647 2147483647 2147483647 2147483647 2147483647 2147483647 2147483647 2147483647 2147483647 2147483647 2147483647 2147483647 2147483647 2147483647 2147483647 2147483647 2147483647 2147483647 2147483647 2147483647 2147483647 2147483647 2147483647 2147483647 2147483647 2147483647 2147483647 2147483647 2147483647 2147483647 2147483647 2147483647 2147483647 2147483647 2147483647 2147483647 2147483647 2147483647 2147483647 2147483647 2147483647 2147483647 2147483647 2147483647 2147483647 2147483647 2147483647 2147483647 2147483647 2147483647 2147483647 2147483647 2147483647 2147483647 2147483647 2147483647 2147483647 2147483647 2147483647 2147483647 2147483647 2147483647 2147483647 2147483647 2147483647 2147483647 2147483647 2147483647 2147483647 2147483647 2147483647 2147483647 2147483647 2147483647 2147483647 2147483647 2147483647 2147483647 2147483647 2147483647 2147483647 2147483647 2147483647 2147483647 2147483647 2147483647 2147483647 2147483647 2147483647 2147483647 2147483647 2147483647 2147483647 2147483647 2147483647 2147483647 2147483647 2147483647 2147483647 2147483647 2147483647 2147483647 2147483647 2147483647 2147483647 2147483647 2147483647 2147483647 2147483647 2147483647 2147483647 2147483647 2147483647 2147483647 2147483647 2147483647 2147483647 2147483647 2147483647 2147483647 2147483647 2147483647 2147483647 2147483647 2147483647 2147483647 2147483647 2147483647 2147483647 2147483647 2147483647 2147483647 2147483647 2147483647 2147483647 2147483647 2147483647 2147483647 2147483647 2147483647 2147483647 2147483647 2147483647 2147483647 2147483647 2147483647 2147483647 2147483647 2147483647 2147483647 2147483647 2147483647 2147483647 2147483647 2147483647 2147483647 2147483647 2147483647 2147483647 2147483647 2147483647 2147483647 2147483647 2147483647 2147483647 2147483647 2147483647 2147483647 2147483647 2147483647 2147483647 2147483647 2147483647 2147483647 2147483647 2147483647 2147483647 2147483647 2147483647 2147483647 2147483647 2147483647 2147483647 2147483647 2147483647 2147483647 2147483647 2147483647 2147483647 2147483647 2147483647 2147483647 2147483647 2147483647 2147483647 2147483647 2147483647 2147483647 2147483647 2147483647 2147483647 2147483647 2147483647 2147483647 2147483647 2147483647 2147483647 2147483647 2147483647 2147483647 2147483647 2147483647 2147483647 2147483647 2147483647 2147483647 2147483647 2147483647 2147483647 2147483647 2147483647 2147483647 2147483647 2147483647 2147483647 2147483647 2147483647 2147483647 2147483647 2147483647 2147483647 2147483647 2147483647 2147483647 2147483647 2147483647 2147483647 2147483647 2147483647 2147483647 2147483647 2147483647 2147483647 2147483647 2147483647 2147483647 2147483647 2147483647 2147483647 2147483647 2147483647 2147483647 
Altitude
-128.26126098632812 -127.44744110107422 -126.8080062866211 -125.63484191894531 -123.91207885742188 -121.6872787475586 -119.63687896728516 -117.47021484375 -115.47265625 -113.33769989013672 -111.4088363647461 -109.2474594116211 -107.04908752441406 -105.16778564453125 -103.01168823242188 -100.90843963623047 -98.75762939453125 -96.76007080078125 -94.6990966796875 -92.6434097290039 -90.82552337646484 -88.62715148925781 -86.57674407958984 -84.47349548339844 -82.56049346923828 -80.50479888916016 -78.34870910644531 -76.43569946289062 -74.0523681640625 -71.96497344970703 -70.06781768798828 -67.99627685546875 -65.95115661621094 -64.09628295898438 -61.845062255859375 -59.921485900878906 -57.9979133605957 -55.74140930175781 -53.949947357177734 -51.96824264526367 -50.18735122680664 -48.05239486694336 -45.75361633300781 -43.85117721557617 -41.86947250366211 -39.81378173828125 -37.7528076171875 -35.74996566772461 -33.88980484008789 -31.543466567993164 -29.619890213012695 -27.484933853149414 -25.45566749572754 -24.01827049255371 -22.475181579589844 -21.391849517822266 -20.44591522216797 -19.2674617767334 -18.971527099609375 -18.147136688232422 -17.45486068725586 -17.10079574584961 -17.185348510742188 -16.76786994934082 -16.63047218322754 -16.355674743652344 -15.959334373474121 -15.964618682861328 -16.01218032836914 -15.922342300415039 -15.81136703491211 -15.806082725524902 -15.784944534301758 -15.76909065246582 -15.65811538696289 -14.780879974365234 -15.22478199005127 -15.499578475952148 -15.636977195739746 -16.249984741210938 -16.5247802734375 -16.556488037109375 -16.54591941833496 -16.350391387939453 -16.292261123657227 -16.16543197631836 -16.17071533203125 -16.186569213867188 -16.19185447692871 -16.281692504882812 -16.212993621826172 -16.239416122436523 -16.286975860595703 -16.59347915649414 -16.160146713256836 -16.424373626708984 -16.308115005493164 -16.202423095703125 -16.149578094482422 -16.308115005493164 -16.265838623046875 -16.67803192138672 -16.40852165222168 -16.139009475708008 -15.499578475952148 -15.309334754943848 -15.251205444335938 -15.351611137390137 -15.404457092285156 -15.557708740234375 -15.816651344299316 -15.763806343078613 -15.790228843688965 -15.938196182250977 -15.943480491638184 -15.858927726745605 -15.869497299194336 -15.747952461242676 -15.547140121459961 -15.293481826782227 -15.383318901062012 -15.568277359008789 -15.99104118347168 -16.08087921142578 -16.598764419555664 -17.87234115600586 -17.777217864990234 -17.682096481323242 -17.470714569091797 -17.349170684814453 -17.470714569091797 -17.44957733154297 -17.824779510498047 -17.576406478881836 -17.65567398071289 -17.687381744384766 -17.460145950317383 -17.444292068481445 -17.555267333984375 -17.25404930114746 -17.819496154785156 -17.539413452148438 -17.549983978271484 -17.597543716430664 -17.439006805419922 -17.486568450927734 -17.534130096435547 -17.62925148010254 -18.147136688232422 -18.40608024597168 -17.71908950805664 -17.185348510742188 -17.264617919921875 -17.417869567871094 -17.19063377380371 -16.635757446289062 -17.09551239013672 -17.03209686279297 -16.43494415283203 -16.1442928314209 -16.149578094482422 -16.37152862548828 -16.5247802734375 -16.086162567138672 -16.239416122436523 -16.69917106628418 -16.604049682617188 -17.116649627685547 -17.444292068481445 -17.074373245239258 -17.201202392578125 -17.25404930114746 -17.470714569091797 -17.87234115600586 -18.046730041503906 -17.978031158447266 -18.07843780517578 -18.168275833129883 -18.29510498046875 -18.40608024597168 -18.40608024597168 -18.2686824798584 -18.242259979248047 -18.099576950073242 -18.03087615966797 -17.78778839111328 -17.951608657836914 -18.057300567626953 -18.057300567626953 -17.999170303344727 -17.87234115600586 -18.136568069458008 -18.18941307067871 -18.199981689453125 -17.988601684570312 -18.025592803955078 -18.596323013305664 -18.992664337158203 -17.687381744384766 -17.78778839111328 -17.40730094909668 -17.465431213378906 -17.375593185424805 -17.359739303588867 -17.555267333984375 -17.23291015625 -17.280471801757812 -17.317462921142578 -17.460145950317383 -17.391447067260742 -17.634536743164062 -17.359739303588867 -16.979251861572266 -16.794292449951172 -16.78900909423828 -16.936975479125977 -16.9422607421875 -17.80892562866211 -18.411365509033203 -18.390226364135742 -18.09429168701172 -18.115428924560547 -17.80892562866211 -17.882909774780273 -17.814210891723633 -17.76136589050293 -17.83006477355957 -17.8512020111084 -17.771934509277344 -18.083723068237305 -18.104860305786133 -18.115428924560547 -18.041446685791016 -17.87234115600586 -17.935754776000977 -17.845918655395508 -17.98331642150879 -18.083723068237305 -17.951608657836914 -17.893478393554688 -17.840633392333984 -18.110145568847656 -18.20526695251465 -17.76664924621582 -17.502422332763672 -17.74022674560547 -17.904048919677734 -17.687381744384766 -17.280471801757812 -17.34388542175293 -17.45486068725586 -17.549983978271484 -17.5605525970459 -16.83128547668457 -16.551204681396484 -16.535350799560547 -16.572341918945312 -16.662179946899414 -16.693885803222656 -16.83128547668457 -16.841854095458984 -16.286975860595703 -16.419090270996094 -16.646326065063477 -17.07965850830078 -17.269901275634766 -18.67559242248535 -20.287378311157227 -21.592662811279297 -23.621929168701172 -25.598350524902344 -26.644689559936523 -28.087371826171875 -28.94346809387207 -30.592247009277344 -31.58045768737793 -33.17110824584961 -34.61378860473633 -36.01947784423828 -37.271915435791016 -38.8255729675293 -40.22597885131836 -41.51012420654297 -42.93166732788086 -44.2369499206543 -45.88572692871094 -47.04304504394531 -48.538570404052734 -49.84385681152344 -51.450355529785156 -52.7503547668457 -54.35685729980469 -55.530029296875 -56.96213912963867 -58.85929489135742 -60.47636413574219 -62.172706604003906 -63.94831466674805 -65.40684509277344 -66.34749603271484 -67.95928192138672 -69.14830780029297 -70.72838592529297 -71.83285522460938 -73.82513427734375 -75.66944122314453 -76.67350769042969 -78.25358581542969 -79.85480499267578 -81.37675476074219 -83.1100845336914 -84.41536712646484 -86.15927124023438 -87.5226821899414 -89.17146301269531 -90.37105560302734 -91.84015655517578 -93.46250915527344 -94.79949951171875 -96.44828033447266 -98.12348175048828 -99.74584197998047 -101.25721740722656 -102.69461822509766 -104.16900634765625 -105.72795104980469 -107.09664916992188 -108.34379577636719 -110.12469482421875 -111.5356674194336 -113.60192108154297 -115.10273742675781 -116.44500732421875 -117.61817932128906 -119.24053955078125 -120.25517272949219 -121.83525085449219 -123.60028839111328 -125.0641098022461 -127.15150451660156 -128.01287841796875 