LTE(1) or 5G(2)
2 2 2 2 2 2 2 2 2 2 2 2 2 2 2 2 2 2 2 2 2 2 2 2 2 2 2 2 2 2 2 2 2 2 1 1 2 2 2 2 2 2 2 2 2 2 2 2 2 2 2 2 2 2 2 2 2 2 2 1 1 1 2 2 2 2 1 1 1 2 2 2 2 2 2 2 2 2 2 2 2 2 2 2 2 2 2 2 2 2 2 2 2 2 2 2 2 2 2 2 2 2 2 2 2 2 2 2 2 2 2 2 2 2 2 2 2 2 2 2 1 1 1 2 2 2 2 1 1 1 1 1 1 1 1 2 2 2 2 1 1 1 2 2 2 2 2 2 2 2 1 1 1 2 2 2 2 2 1 1 2 2 2 2 2 2 2 2 2 2 2 2 2 2 2 2 2 2 2 2 2 2 2 2 2 2 2 2 2 2 2 2 2 2 2 2 2 2 2 2 2 2 2 2 2 2 2 2 2 2 2 2 2 2 2 2 2 2 2 2 2 2 2 2 2 2 2 2 2 2 2 2 2 2 2 2 2 2 2 2 2 2 2 2 2 2 2 2 2 2 2 2 2 2 2 2 2 1 1 2 2 2 2 2 2 2 2 2 2 2 2 2 2 2 2 2 2 2 2 2 2 2 2 2 2 2 2 2 2 2 2 2 2 2 2 2 2 2 2 2 2 2 2 2 2 2 2 2 2 2 2 2 2 2 
SNR of LTE
10 10 10 10 10 10 10 10 9 9 9 9 9 9 9 9 9 8 8 8 8 8 8 8 8 8 8 8 8 8 4 4 4 3 3 2 2 2 2 2 0 0 0 0 0 0 -1 -1 -1 -1 -1 -1 -1 -1 -1 -1 -1 -1 -1 0 0 0 0 0 -1 -1 -2 -2 -2 -2 -2 -2 -2 -2 -2 -2 -2 -3 -3 -3 -3 -3 -3 -3 -3 -3 -3 -3 -3 -3 -3 -3 -3 -3 -3 -2 -2 -2 -2 -2 -2 -3 -3 -3 -3 -3 -3 -3 -3 -3 -3 -3 -3 -3 -3 -3 -3 -3 -3 -3 -3 -3 -3 -3 -3 -3 -3 -3 -3 -3 -3 -2 -2 -2 -1 -1 -1 -1 -1 0 0 0 0 0 0 0 0 1 1 1 1 1 2 2 2 3 3 3 3 3 3 3 3 3 3 2 2 2 2 2 1 1 0 -1 -1 -1 -1 -1 -3 -3 -3 -3 -3 -3 -3 -3 -3 -4 -4 -4 -4 -4 -4 -4 -4 -4 -4 -4 -4 -4 -5 -5 -6 -6 -6 -6 -6 -6 -5 -5 -5 -5 -5 -4 -3 -3 -3 -3 -3 -1 -1 -1 -1 -1 -1 -1 0 1 1 1 1 1 0 0 0 0 0 0 0 0 0 0 0 0 0 0 0 0 -1 -1 -1 -1 0 0 0 0 -1 -1 0 0 0 0 0 0 0 -1 -1 -1 -1 -1 -1 -1 -1 -1 -1 -1 -1 -1 -1 -1 -1 0 0 0 0 0 0 0 0 0 0 0 0 1 1 2 3 3 3 3 3 3 4 5 5 5 5 6 6 6 6 6 6 7 
SNR of 5G
5 5 5 5 5 5 5 5 7 7 5 5 2 2 1 1 1 1 2 2 4 4 4 4 4 4 4 4 4 4 3 3 3 3 0 0 1 1 3 3 0 -1 2 2 3 3 2 2 3 3 2 2 2 2 0 0 0 0 0 0 0 0 -1 -1 0 0 0 0 0 4 4 1 1 3 3 5 5 5 5 5 5 5 5 0 0 0 -3 2 2 1 1 1 1 1 1 0 0 2 2 3 3 3 3 3 3 3 3 3 3 3 3 3 -1 -1 4 4 4 4 2 2 0 0 0 -3 -3 -4 -4 0 0 0 0 0 0 0 0 -3 -3 -3 -3 0 0 0 0 0 -1 -1 -3 -3 -2 -2 0 0 0 -2 -2 -3 -3 -3 0 0 -4 -4 0 0 -1 -1 -1 -1 0 0 0 0 0 0 0 0 -3 -3 -2 -2 -2 -2 -2 -2 -1 -1 0 0 3 3 3 3 3 3 3 3 3 3 3 3 2 2 2 2 -1 -1 0 0 -2 -3 0 0 0 0 -1 -1 1 1 1 1 1 1 1 1 2 2 2 2 3 3 3 3 2 2 2 2 3 3 5 5 5 5 5 5 5 5 5 5 2 2 2 2 1 1 0 0 0 0 0 -2 -2 4 4 4 4 3 3 2 2 3 3 3 3 3 3 3 3 4 4 -1 -1 -2 -2 4 4 4 4 4 4 3 3 3 3 2 2 1 2 4 4 6 6 6 6 6 6 6 6 6 6 6 6 6 6 5 
RSSI
-51 -51 -51 -51 -51 -51 -51 -51 -51 -51 -51 -51 -51 -51 -51 -51 -51 -51 -51 -51 -51 -51 -51 -51 -51 -51 -51 -51 -51 -51 -51 -51 -51 -51 -51 -51 -51 -51 -51 -51 -51 -51 -51 -51 -51 -51 -51 -51 -51 -51 -51 -51 -51 -51 -51 -51 -51 -51 -51 -51 -51 -51 -51 -51 -51 -51 -51 -51 -51 -51 -51 -51 -51 -51 -51 -51 -51 -51 -51 -51 -51 -51 -51 -51 -51 -51 -51 -51 -51 -51 -51 -51 -51 -51 -51 -51 -51 -51 -51 -51 -51 -51 -51 -51 -51 -51 -51 -51 -51 -51 -51 -51 -51 -51 -51 -51 -51 -51 -51 -51 -51 -51 -51 -51 -51 -51 -51 -51 -51 -51 -51 -51 -51 -51 -51 -51 -51 -51 -51 -51 -51 -51 -51 -51 -51 -51 -51 -51 -51 -51 -51 -51 -51 -51 -51 -51 -51 -51 -51 -51 -51 -51 -51 -51 -51 -51 -51 -51 -51 -51 -51 -51 -51 -51 -51 -51 -51 -51 -51 -51 -51 -51 -51 -51 -51 -51 -51 -51 -51 -51 -51 -51 -51 -51 -51 -51 -51 -51 -51 -51 -51 -51 -51 -51 -51 -51 -51 -51 -51 -51 -51 -51 -51 -51 -51 -51 -51 -51 -51 -51 -51 -51 -51 -51 -51 -51 -51 -51 -51 -51 -51 -51 -51 -51 -51 -51 -51 -51 -51 -51 -51 -51 -51 -51 -51 -51 -51 -51 -51 -51 -51 -51 -51 -51 -51 -51 -51 -51 -51 -51 -51 -51 -51 -51 -51 -51 -51 -51 -51 -51 -51 -51 -51 -51 -51 -51 -51 -51 -51 -51 -51 -51 -51 -51 -51 -51 -51 -51 -51 -51 -51 -51 -51 -51 -51 -51 -51 -51 -51 -51 -51 -51 -51 -51 -51 -51 -51 -51 -51 -51 -51 -51 -51 -51 
RSRP
-69 -69 -69 -69 -69 -69 -69 -69 -68 -68 -68 -68 -68 -68 -68 -68 -68 -67 -67 -67 -67 -67 -67 -67 -67 -67 -67 -67 -67 -67 -68 -68 -68 -69 -69 -70 -70 -70 -70 -70 -72 -72 -72 -72 -73 -73 -74 -74 -76 -76 -76 -76 -76 -76 -76 -76 -76 -76 -76 -76 -76 -76 -76 -76 -77 -77 -78 -78 -78 -78 -78 -77 -77 -77 -77 -77 -77 -78 -78 -78 -78 -78 -78 -78 -78 -79 -79 -79 -79 -78 -78 -78 -78 -78 -78 -78 -78 -78 -78 -78 -78 -78 -78 -78 -78 -78 -78 -79 -79 -79 -79 -79 -79 -79 -79 -79 -79 -79 -79 -79 -79 -79 -79 -79 -79 -79 -79 -79 -79 -79 -79 -78 -78 -78 -77 -77 -77 -77 -77 -76 -76 -76 -75 -75 -75 -75 -75 -74 -74 -74 -74 -74 -74 -73 -73 -73 -73 -73 -73 -73 -73 -73 -73 -73 -73 -73 -73 -73 -73 -73 -73 -73 -74 -75 -75 -75 -75 -75 -77 -77 -77 -77 -78 -78 -78 -78 -78 -79 -79 -79 -79 -79 -79 -79 -79 -79 -79 -79 -79 -79 -79 -79 -80 -80 -80 -80 -80 -80 -79 -78 -78 -78 -78 -77 -77 -77 -77 -77 -77 -74 -74 -74 -74 -74 -73 -73 -73 -72 -72 -72 -72 -72 -72 -72 -72 -72 -73 -73 -73 -73 -73 -73 -73 -73 -73 -73 -73 -73 -74 -74 -74 -74 -74 -74 -75 -75 -75 -75 -75 -75 -75 -75 -75 -75 -75 -75 -75 -76 -76 -76 -76 -76 -76 -76 -76 -76 -76 -77 -77 -76 -76 -76 -76 -76 -76 -74 -74 -74 -74 -73 -73 -73 -73 -72 -72 -71 -70 -70 -70 -69 -69 -69 -68 -68 -68 -68 -68 -68 -68 -68 -68 -68 -68 -67 
CID
13678086 13678086 13678086 13678086 13678086 13678086 13678086 13678086 13678086 13678086 13678086 13678086 13678086 13678086 13678086 13678086 13678086 13678086 13678086 13678086 13678086 13678086 13678086 13678086 13678086 13678086 13678086 13678086 13678086 13678086 13678086 13678086 13678086 13678086 13769742 13769742 13769742 13769742 13769742 13769742 13769742 13769742 13769742 13769742 13769742 13769742 13769742 13769742 13769742 13769742 13769742 13769742 13769742 13769742 13769742 13769742 13769742 13769742 13769742 13678086 13678086 13678086 13678086 13678086 13678086 13678086 13678086 13769742 13769742 13769742 13769742 13769742 13769742 13769742 13769742 13769742 13769742 13769742 13769742 13769742 13769742 13769742 13769742 13769742 13769742 13769742 13769742 13769742 13769742 13769742 13769742 13769742 13769742 13769742 13769742 13769742 13769742 13769742 13769742 13769742 13769742 13769742 13769742 13769742 13769742 13769742 13769742 13769742 13769742 13769742 13769742 13769742 13769742 13754893 13754893 13678088 13678088 13678088 13678088 13678088 13678088 13678088 13792526 13792526 13792526 13792526 13792526 13792526 13792526 13792526 13792526 13792526 13792526 13792526 13792526 13792526 13792526 13792526 13792526 13792526 13792526 13792526 13792526 13792526 13792526 13792526 13792526 13792526 13792526 13792526 13792526 13792526 13792526 13792526 13792526 13792526 13792526 13792526 13792526 13792526 13792526 13792526 13792526 13678086 13678086 13678086 13678086 13678086 13678086 13678086 13678086 13678086 13678086 13678086 13678086 13678086 13678086 13678086 13678086 13678086 13678086 13678086 13678086 13678086 13678086 13678086 13678086 13678086 13678086 13678086 13678086 13678086 13792260 13792260 13792260 13792260 13792260 13792260 13792260 13792260 13792260 13792260 13792260 13678086 13678086 13678086 13678086 13678086 13678086 13678086 13678086 13678086 13678086 13678086 13678086 13678086 13678086 13678086 13678086 13678086 13678086 13678086 13678086 13678086 13678086 13678086 13678086 13678086 13678086 13678086 13678086 13678086 13678086 13678086 13678086 13678086 13678086 13678086 13678086 13678086 13678086 13678086 13678086 13678086 13678086 13678086 13678086 13678086 13678086 13678086 13678086 13678086 13678086 13678086 13678086 13678086 13769742 13769742 13769742 13769742 13769742 13769742 13769742 13769742 13769742 13769742 13769742 13769742 13769742 13769742 13769742 13769742 13769742 13769742 13769742 13769742 13769742 13769742 13678086 13678086 13678086 13678086 13678086 13678086 13678086 13678086 13678086 13678086 13678086 13678086 13678086 13678086 13678086 13678086 13678086 13678086 13678086 13678086 13678086 13678086 13678086 13678086 13678086 13678086 13678086 13678086 13678086 13678086 13678086 13678086 13678086 13678086 13678086 13678086 
RSRP of 5G
-80 -80 -80 -80 -80 -80 -80 -80 -80 -80 -81 -81 -87 -87 -83 -83 -83 -86 -85 -85 -80 -80 -83 -83 -83 -83 -83 -83 -83 -83 -84 -84 -84 -85 -85 -85 -89 -81 -81 -81 -94 -82 -87 -87 -84 -84 -80 -80 -82 -82 -81 -81 -80 -80 -84 -84 -81 -81 -81 -103 -103 -103 -92 -92 -78 -78 -111 -111 -111 -86 -86 -89 -89 -85 -85 -80 -80 -82 -82 -82 -82 -82 -82 -76 -76 -88 -83 -83 -83 -87 -87 -84 -84 -88 -88 -92 -92 -85 -85 -90 -90 -97 -97 -86 -86 -91 -91 -83 -83 -83 -89 -89 -87 -82 -81 -81 -81 -81 -90 -90 -90 -90 -90 2147483647 2147483647 -123 -123 -123 -123 -123 -123 -123 -123 -123 -123 -96 -96 -91 -91 -91 -91 -91 -93 -93 -87 -87 -84 -84 -100 -100 -92 -92 -92 -96 -96 -87 -87 -107 -107 -107 -79 -79 -85 -85 -91 -91 -91 -91 -79 -79 -86 -86 -83 -83 -81 -81 -81 -81 -80 -80 -80 -80 -81 -81 -79 -79 -79 -79 -77 -77 -77 -77 -79 -79 -79 -79 -79 -79 -79 -79 -77 -77 -77 -77 -82 -82 -85 -85 -109 -80 -86 -86 -86 -85 -98 -84 -83 -83 -83 -83 -83 -83 -83 -83 -84 -84 -86 -86 -83 -83 -83 -83 -82 -82 -82 -82 -77 -77 -74 -74 -75 -75 -75 -75 -75 -75 -75 -75 -79 -79 -79 -79 -80 -80 -81 -81 -83 -83 -83 -84 -84 -85 -85 -85 -85 -89 -89 -87 -87 -86 -86 -86 -86 -86 -86 -86 -86 -87 -81 -82 -82 -84 -84 -84 -84 -84 -84 -84 -84 -84 -84 -84 -84 -82 -82 -87 -77 -86 -86 -87 -87 -87 -87 -82 -82 -80 -80 -80 -80 -80 -80 -80 -80 -82 
CQI
2147483647 2147483647 2147483647 2147483647 2147483647 2147483647 2147483647 2147483647 2147483647 2147483647 2147483647 2147483647 2147483647 2147483647 2147483647 2147483647 2147483647 2147483647 2147483647 2147483647 2147483647 2147483647 2147483647 2147483647 2147483647 2147483647 2147483647 2147483647 2147483647 2147483647 2147483647 2147483647 2147483647 2147483647 2147483647 2147483647 2147483647 2147483647 2147483647 2147483647 2147483647 2147483647 2147483647 2147483647 2147483647 2147483647 2147483647 2147483647 2147483647 2147483647 2147483647 2147483647 2147483647 2147483647 2147483647 2147483647 2147483647 2147483647 2147483647 2147483647 2147483647 2147483647 2147483647 2147483647 2147483647 2147483647 2147483647 2147483647 2147483647 2147483647 2147483647 2147483647 2147483647 2147483647 2147483647 2147483647 2147483647 2147483647 2147483647 2147483647 2147483647 2147483647 2147483647 2147483647 2147483647 2147483647 2147483647 2147483647 2147483647 2147483647 2147483647 2147483647 2147483647 2147483647 2147483647 2147483647 2147483647 2147483647 2147483647 2147483647 2147483647 2147483647 2147483647 2147483647 2147483647 2147483647 2147483647 2147483647 2147483647 2147483647 2147483647 2147483647 2147483647 2147483647 2147483647 2147483647 2147483647 2147483647 2147483647 2147483647 2147483647 2147483647 2147483647 2147483647 2147483647 2147483647 2147483647 2147483647 2147483647 2147483647 2147483647 2147483647 2147483647 2147483647 2147483647 2147483647 2147483647 2147483647 2147483647 2147483647 2147483647 2147483647 2147483647 2147483647 2147483647 2147483647 2147483647 2147483647 2147483647 2147483647 2147483647 2147483647 2147483647 2147483647 2147483647 2147483647 2147483647 2147483647 2147483647 2147483647 2147483647 2147483647 2147483647 2147483647 2147483647 2147483647 2147483647 2147483647 2147483647 2147483647 2147483647 2147483647 2147483647 2147483647 2147483647 2147483647 2147483647 2147483647 2147483647 2147483647 2147483647 2147483647 2147483647 2147483647 2147483647 2147483647 2147483647 2147483647 2147483647 2147483647 2147483647 2147483647 2147483647 2147483647 2147483647 2147483647 2147483647 2147483647 2147483647 2147483647 2147483647 2147483647 2147483647 2147483647 2147483647 2147483647 2147483647 2147483647 2147483647 2147483647 2147483647 2147483647 2147483647 2147483647 2147483647 2147483647 2147483647 2147483647 2147483647 2147483647 2147483647 2147483647 2147483647 2147483647 2147483647 2147483647 2147483647 2147483647 2147483647 2147483647 2147483647 2147483647 2147483647 2147483647 2147483647 2147483647 2147483647 2147483647 2147483647 2147483647 2147483647 2147483647 2147483647 2147483647 2147483647 2147483647 2147483647 2147483647 2147483647 2147483647 2147483647 2147483647 2147483647 2147483647 2147483647 2147483647 2147483647 2147483647 2147483647 2147483647 2147483647 2147483647 2147483647 2147483647 2147483647 2147483647 2147483647 2147483647 2147483647 2147483647 2147483647 2147483647 2147483647 2147483647 2147483647 2147483647 2147483647 2147483647 2147483647 2147483647 2147483647 2147483647 2147483647 2147483647 2147483647 2147483647 2147483647 2147483647 2147483647 2147483647 2147483647 2147483647 2147483647 2147483647 2147483647 2147483647 2147483647 2147483647 2147483647 2147483647 2147483647 2147483647 2147483647 2147483647 2147483647 2147483647 2147483647 2147483647 2147483647 2147483647 2147483647 2147483647 2147483647 2147483647 
Altitude
-63.266605377197266 -62.57961654663086 -60.206851959228516 -58.15644836425781 -56.06376647949219 -53.944664001464844 -52.089786529541016 -50.023529052734375 -47.94670104980469 -45.959712982177734 -43.898738861083984 -41.9487419128418 -39.771507263183594 -38.064598083496094 -36.003623962402344 -33.762977600097656 -31.680864334106445 -29.646312713623047 -27.6751766204834 -25.81501579284668 -23.70648193359375 -21.814613342285156 -19.764209747314453 -17.666242599487305 -15.599985122680664 -13.697547912597656 -11.726411819458008 -9.549178123474121 -7.7788543701171875 -5.680889129638672 -3.545931577682495 -1.4162588119506836 0.4491865634918213 2.523371696472168 4.32540225982666 6.2489776611328125 7.6203179359436035 8.827836990356445 9.924381256103516 10.761981964111328 11.538809776306152 12.371126174926758 13.073970794677734 13.549580574035645 13.964417457580566 14.516653060913086 14.817872047424316 15.082099914550781 15.367465019226074 15.594700813293457 15.679253578186035 15.671326637268066 15.729456901550293 15.821935653686523 16.117870330810547 15.940838813781738 16.141651153564453 16.292261123657227 16.02010726928711 15.943480491638184 16.16543197631836 15.943480491638184 15.95669174194336 15.988399505615234 16.117870330810547 15.96726131439209 15.943480491638184 15.864212036132812 16.09673309326172 16.98453712463379 18.601608276367188 21.5266056060791 22.65221405029297 23.33127784729004 24.549365997314453 26.605056762695312 28.70830535888672 30.502410888671875 32.153831481933594 34.288787841796875 35.88736343383789 37.29833984375 38.51114273071289 39.610328674316406 40.25239944458008 40.976383209228516 41.761138916015625 42.18125915527344 42.622520446777344 43.20646286010742 43.52089309692383 43.90666580200195 44.194671630859375 44.08369827270508 44.33207321166992 43.328006744384766 43.94894027709961 44.21581268310547 44.91865539550781 45.20402145385742 45.447113037109375 45.251583099365234 44.694061279296875 44.604225158691406 44.77597427368164 44.45097351074219 45.042842864990234 44.765403747558594 44.4694709777832 44.22637939453125 44.55402374267578 46.0257682800293 46.28471374511719 45.3176383972168 44.33735656738281 42.841827392578125 41.79813003540039 41.248538970947266 39.36459732055664 37.71317672729492 36.204437255859375 34.60850524902344 33.71012878417969 32.03757095336914 30.853832244873047 29.424362182617188 28.121721267700195 26.88249397277832 25.35790252685547 23.880870819091797 22.620506286621094 21.571523666381836 20.947948455810547 20.15526580810547 19.42599868774414 18.99530792236328 18.490633010864258 17.956893920898438 17.711162567138672 17.402015686035156 17.16421127319336 16.58819580078125 15.605269432067871 15.388603210449219 16.286975860595703 16.294902801513672 16.308115005493164 16.265838623046875 15.996326446533203 15.747952461242676 15.755879402160645 15.787586212158203 15.829862594604492 15.737382888793945 15.644904136657715 15.473155975341797 15.562993049621582 15.560351371765137 15.837789535522461 16.715024948120117 17.005674362182617 17.423154830932617 18.58575439453125 20.50668716430664 23.13839340209961 23.857091903686523 24.242862701416016 25.569284439086914 27.535137176513672 29.387371063232422 31.342653274536133 32.93330383300781 34.99956130981445 36.632484436035156 37.78187561035156 39.126792907714844 39.79792785644531 40.55097579956055 41.457279205322266 41.73735809326172 42.28166580200195 42.540611267089844 43.02678680419922 43.40991973876953 43.56317138671875 44.094268798828125 44.29243850708008 44.43776321411133 44.35849380493164 44.384918212890625 44.87109375 45.2066650390625 45.391624450683594 45.79324722290039 45.76154327392578 46.10768127441406 46.48816680908203 46.596500396728516 46.554222106933594 46.445892333984375 46.393043518066406 46.42475128173828 46.324344635009766 46.319061279296875 46.35076904296875 46.168453216552734 45.970279693603516 45.98085021972656 45.603004455566406 43.94894027709961 41.338375091552734 40.29731750488281 39.1981315612793 37.80301284790039 36.405250549316406 34.94407272338867 33.226593017578125 32.222530364990234 30.740215301513672 29.368873596191406 28.214200973510742 26.62619400024414 24.797740936279297 23.439611434936523 22.184532165527344 21.20160675048828 20.488191604614258 19.563396453857422 18.87640380859375 18.445714950561523 17.904048919677734 17.631893157958984 17.362380981445312 17.05323600769043 16.833927154541016 16.403236389160156 16.162790298461914 16.471935272216797 16.075593948364258 16.730878829956055 16.79693603515625 16.419090270996094 16.234130859375 16.263195037841797 16.445512771606445 16.33189582824707 16.40059471130371 16.281692504882812 16.392667770385742 16.300188064575195 16.33189582824707 16.308115005493164 16.30282974243164 16.19185447692871 16.26055335998535 16.355674743652344 16.427017211914062 16.19185447692871 15.84571647644043 15.068887710571289 14.120311737060547 12.804459571838379 11.470110893249512 10.1146240234375 8.220113754272461 6.851416110992432 5.498571872711182 4.000402450561523 2.6422739028930664 1.1335355043411255 -0.5284547805786133 -1.9605672359466553 -4.127231597900391 -5.353246688842773 -6.7853593826293945 -8.36015510559082 -9.739421844482422 -11.06584358215332 -12.783321380615234 -14.432100296020508 -15.821935653686523 -17.30160903930664 -18.886974334716797 -20.38250160217285 -21.724775314331055 -23.204448699951172 -24.81623649597168 -26.581275939941406 -27.70159912109375 -29.350378036499023 -30.819482803344727 -32.22517395019531 -33.588584899902344 -35.18452072143555 -36.50565719604492 -38.402809143066406 -39.713375091552734 -41.399147033691406 -42.8206901550293 -44.120689392089844 -45.64792251586914 -47.16987228393555 -48.49629592895508 -50.113365173339844 -51.28125 -52.438568115234375 -53.532470703125 -55.149539947509766 -56.68734359741211 -57.432464599609375 -59.17636489868164 -59.88449478149414 -62.24140548706055 -64.8096923828125 