LTE(1) or 5G(2)
2 2 2 2 2 2 2 2 2 2 2 2 2 2 2 2 2 2 2 2 2 2 2 2 2 2 2 2 2 2 2 2 2 2 2 2 2 2 2 2 2 2 2 2 2 2 2 2 2 2 2 2 2 2 2 2 2 2 2 2 2 2 2 2 2 2 2 2 2 2 2 2 2 2 2 2 2 2 2 2 2 2 2 2 2 2 2 2 2 2 2 2 2 2 2 2 2 2 2 2 2 2 2 2 2 2 2 2 2 2 2 2 2 2 2 2 2 2 2 2 2 2 2 2 2 2 2 2 2 2 2 2 2 2 2 2 2 2 2 2 2 2 2 2 2 2 2 2 2 2 2 1 1 1 2 2 2 2 2 2 2 2 2 2 2 2 2 2 2 2 2 2 2 2 2 2 2 2 1 1 2 2 2 2 2 2 2 2 2 2 2 2 2 2 2 2 2 2 2 2 2 2 2 2 2 2 2 2 2 2 2 2 2 2 2 2 2 2 2 2 2 2 2 2 2 2 2 2 2 2 2 2 2 2 2 2 2 2 2 2 2 2 2 2 2 1 1 1 1 2 2 2 2 1 1 1 1 1 1 1 1 2 2 2 2 2 2 2 2 2 2 2 2 2 2 2 2 2 2 2 2 2 2 2 2 2 2 2 2 2 2 2 2 2 2 2 2 2 2 2 2 2 2 2 2 2 2 2 2 2 2 2 2 2 2 2 2 2 2 2 2 2 2 2 2 2 2 2 2 2 2 2 2 2 2 2 2 2 2 2 2 2 2 2 2 2 2 2 2 2 2 2 2 2 2 2 2 2 2 2 2 2 2 2 2 2 2 
SNR of LTE
2 2 2 2 2 0 0 0 0 0 0 0 0 0 0 0 0 0 0 -1 -1 -1 -1 -1 -1 -1 -1 -1 -1 -1 -1 -2 -2 -2 -2 -2 -2 -3 -3 -3 -3 -3 -3 -3 -3 -3 -3 -3 -3 -3 -3 -3 -3 -3 -3 -3 -3 -3 -3 -3 -2 -2 -2 -2 -2 -3 -3 -3 -3 -4 -4 -4 -4 -4 -4 -4 -4 -4 -4 -4 -4 -5 -5 -5 -5 -5 -5 -5 -5 -5 -5 -5 -5 -5 -5 -5 -5 -5 -5 -4 -3 -3 -3 -3 -3 -3 -3 -2 -2 0 0 0 0 0 1 1 1 1 1 1 1 1 3 3 3 3 3 3 3 3 3 2 2 2 2 2 2 1 1 2 2 1 1 1 1 1 1 0 0 0 0 0 0 0 -1 -1 -1 -1 -1 -1 -2 -2 -2 -3 -3 -3 -3 -3 -4 -4 -4 -4 -4 -4 -4 -4 -4 -4 -4 -4 -4 -4 -4 -4 -4 -4 -4 -4 -4 -4 -4 -4 -4 -4 -3 -3 -3 -3 -3 -3 -3 -3 -3 -3 -3 -3 -3 -3 -3 -3 -3 -3 -3 -3 -2 -2 -1 -1 0 0 0 0 0 0 0 0 0 0 0 0 0 0 0 0 0 0 0 0 0 0 0 0 0 0 -1 -3 -3 -3 -4 -4 -4 -4 -4 -6 -6 -6 -7 -7 -7 -7 -7 -7 -7 -7 -7 -7 -7 -7 -7 -6 -5 -5 -5 -5 -5 -3 -3 -3 -3 -2 -2 -2 -2 -2 -2 -2 -2 -3 -3 -3 -3 -3 -3 -3 -3 -3 -3 -3 -3 -3 -3 -3 -3 -3 -3 -3 -3 -3 -3 -3 -3 -3 -3 -3 -3 -3 -3 0 0 0 0 0 0 0 0 0 0 0 0 0 0 0 0 0 0 0 0 0 0 0 0 0 0 0 0 0 0 0 0 0 0 0 0 0 0 0 0 0 0 4 4 4 4 4 4 4 5 
SNR of 5G
7 7 7 7 7 6 7 7 7 7 7 7 7 6 6 6 6 2 2 2 2 3 3 3 3 6 6 5 5 4 4 4 4 4 5 0 0 -1 -1 -1 -1 3 3 4 4 5 5 5 5 5 5 5 5 5 5 5 5 5 5 5 4 4 4 4 4 5 5 5 5 5 5 5 5 4 2 0 0 -1 -1 -1 -1 0 0 0 0 0 -3 4 4 5 5 7 7 7 7 8 8 8 8 8 8 8 8 7 7 7 7 5 5 5 5 5 5 5 3 3 3 3 3 3 3 3 3 3 3 3 3 2 1 2 2 2 2 2 2 5 5 0 0 -2 -2 -1 -1 -1 -1 -1 -1 -2 -2 -2 -2 0 0 0 -3 -3 0 0 -1 -1 1 1 0 0 0 0 2 2 4 4 4 4 4 4 3 3 3 -2 0 0 4 4 4 4 4 4 -1 -1 -3 -3 -4 -4 1 1 1 1 0 0 0 0 1 1 1 1 3 3 3 3 3 3 3 3 3 3 -1 -1 -1 -1 -1 -1 0 0 0 0 0 0 0 0 0 0 1 1 2 2 5 5 4 4 1 1 1 1 -2 -2 -6 0 0 0 0 1 1 2 2 0 0 0 0 0 0 0 0 2 2 3 3 3 3 3 3 -2 -2 -1 -1 0 0 -1 -1 0 0 -1 -1 -1 -1 -3 -3 2 2 4 4 4 4 4 4 5 5 5 5 5 5 5 5 5 5 5 5 5 5 5 5 5 5 5 5 5 5 5 5 2 2 4 4 4 4 4 4 4 4 4 5 4 4 4 4 4 4 4 4 4 4 2 2 3 3 2 2 2 2 2 2 6 6 6 6 7 7 7 7 7 7 10 10 10 10 7 7 2 2 
RSSI
-51 -51 -51 -51 -51 -51 -51 -51 -51 -51 -51 -51 -51 -51 -51 -51 -51 -51 -51 -51 -51 -51 -51 -51 -51 -51 -51 -51 -51 -51 -51 -51 -51 -51 -51 -51 -51 -51 -51 -51 -51 -51 -51 -51 -51 -51 -51 -51 -51 -51 -51 -51 -51 -51 -51 -51 -51 -51 -51 -51 -51 -51 -51 -51 -51 -51 -51 -51 -51 -51 -51 -51 -51 -51 -51 -51 -51 -51 -51 -51 -51 -51 -51 -51 -51 -51 -51 -51 -51 -51 -51 -51 -51 -51 -51 -51 -51 -51 -51 -51 -51 -51 -51 -51 -51 -51 -51 -51 -51 -51 -51 -51 -51 -51 -51 -51 -51 -51 -51 -51 -51 -51 -51 -51 -51 -51 -51 -51 -51 -51 -51 -51 -51 -51 -51 -51 -51 -51 -51 -51 -51 -51 -51 -51 -51 -51 -51 -51 -51 -51 -51 -51 -51 -51 -51 -51 -51 -51 -51 -51 -51 -51 -51 -51 -51 -51 -51 -51 -51 -51 -51 -51 -51 -51 -51 -51 -51 -51 -51 -51 -51 -51 -51 -51 -51 -51 -51 -51 -51 -51 -51 -51 -51 -51 -51 -51 -51 -51 -51 -51 -51 -51 -51 -51 -51 -51 -51 -51 -51 -51 -51 -51 -51 -51 -51 -51 -51 -51 -51 -51 -51 -51 -51 -51 -51 -51 -51 -51 -51 -51 -51 -51 -51 -51 -51 -51 -51 -51 -51 -51 -51 -51 -51 -51 -51 -51 -51 -51 -51 -51 -51 -51 -51 -51 -51 -51 -51 -51 -51 -51 -51 -51 -51 -51 -51 -51 -51 -51 -51 -51 -51 -51 -51 -51 -51 -51 -51 -51 -51 -51 -51 -51 -51 -51 -51 -51 -51 -51 -51 -51 -51 -51 -51 -51 -51 -51 -51 -51 -51 -51 -51 -51 -51 -51 -51 -51 -51 -51 -51 -51 -51 -51 -51 -51 -51 -51 -51 -51 -51 -51 -51 -51 -51 -51 -51 -51 -51 -51 -51 -51 -51 -51 -51 -51 -51 -51 -51 -51 -51 -51 -51 -51 -51 -51 -51 -51 -51 -51 -51 -51 -51 -51 -51 -51 -51 -51 -51 -51 -51 -51 -51 -51 -51 -51 -51 -51 -51 
RSRP
-80 -80 -80 -80 -80 -79 -78 -78 -78 -78 -78 -78 -78 -76 -76 -76 -76 -76 -76 -76 -76 -76 -76 -76 -76 -76 -76 -76 -76 -76 -76 -77 -77 -77 -77 -77 -77 -77 -77 -78 -78 -78 -78 -78 -78 -78 -78 -78 -78 -78 -78 -78 -78 -78 -78 -78 -78 -78 -78 -78 -78 -78 -78 -78 -78 -79 -79 -79 -79 -79 -79 -79 -79 -78 -78 -78 -78 -78 -78 -78 -78 -79 -79 -79 -79 -79 -79 -79 -79 -79 -79 -79 -79 -79 -79 -79 -79 -79 -79 -79 -78 -78 -77 -77 -77 -77 -77 -76 -76 -75 -75 -75 -75 -75 -74 -74 -74 -74 -74 -74 -74 -74 -73 -73 -73 -73 -73 -74 -74 -74 -74 -75 -74 -74 -74 -74 -74 -74 -74 -73 -73 -73 -73 -73 -73 -73 -73 -73 -73 -73 -73 -73 -73 -73 -73 -73 -73 -73 -73 -73 -74 -74 -74 -75 -75 -75 -75 -75 -76 -76 -76 -76 -76 -76 -77 -77 -76 -76 -76 -76 -76 -76 -76 -76 -76 -76 -77 -77 -77 -77 -77 -77 -77 -77 -76 -76 -76 -76 -75 -75 -75 -75 -75 -74 -74 -74 -74 -74 -74 -74 -74 -74 -74 -74 -74 -74 -74 -74 -73 -73 -73 -74 -74 -74 -74 -74 -74 -76 -76 -76 -76 -76 -76 -76 -76 -76 -76 -76 -76 -76 -75 -75 -75 -75 -76 -76 -76 -76 -76 -76 -76 -76 -76 -77 -77 -77 -78 -78 -78 -80 -80 -82 -82 -82 -82 -82 -82 -82 -82 -81 -80 -80 -80 -80 -80 -79 -79 -79 -79 -79 -79 -78 -78 -78 -78 -78 -78 -78 -78 -78 -78 -78 -78 -78 -78 -78 -78 -78 -78 -78 -78 -78 -78 -78 -78 -78 -78 -78 -78 -78 -78 -78 -78 -78 -78 -78 -78 -75 -75 -75 -75 -75 -75 -75 -75 -75 -75 -75 -75 -75 -75 -75 -75 -75 -75 -75 -75 -75 -75 -76 -76 -74 -74 -74 -74 -74 -74 -74 -74 -74 -74 -74 -74 -74 -74 -74 -74 -74 -74 -71 -71 -71 -71 -71 -71 -71 -72 
CID
13792258 13792258 13792258 13792258 13792258 13792258 13792258 13792258 13792258 13792258 13792258 13792258 13792258 13792258 13792258 13792258 13792258 13792258 13792258 13792258 13792258 13792258 13792258 13792258 13792258 13792258 13792258 13792258 13792258 13792258 13792258 13792258 13792258 13792258 13792513 13792513 13792513 13792513 13792513 13769739 13769739 13769739 13769739 13769739 13769739 13769739 13769739 13769739 13769739 13769739 13769739 13769739 13769739 13769739 13769739 13769739 13769739 13769739 13769739 13769739 13792258 13792258 13792258 13792258 13792258 13792258 13792258 13792258 13792258 13792258 13792258 13792258 13792258 13792258 13792258 13792258 13792258 13792258 13792258 13792258 13792258 13792258 13792258 13792258 13792258 13792258 13792258 13769739 13769739 13769739 13792513 13792513 13792513 13792513 13792513 13769739 13769739 13769739 13769739 13769739 13769739 13769739 13769739 13769739 13769739 13769739 13769739 13769739 13769739 13769739 13769739 13769739 13769739 13769739 13769739 13769739 13769739 13769739 13769739 13769739 13769739 13769739 13769739 13769739 13769739 13769739 13769739 13769739 13769739 13769739 13769739 13769739 13769739 13769739 13769739 13769739 13769739 13769739 13769739 13769739 13769739 13769739 13769739 13769739 13769739 13769739 13769739 13769739 13769739 13769739 13769739 13769739 13769739 13769739 13769739 13769739 13769739 13769739 13769739 13769739 13769739 13769739 13769739 13769739 13769739 13769739 13769739 13769739 13754890 13754890 13754890 13754890 13754890 13754890 13754890 13754890 13792258 13754890 13754890 13754890 13754890 13754890 13754890 13754890 13754890 13754890 13754890 13792523 13792523 13792523 13792523 13769739 13769739 13769739 13769739 13769739 13769739 13769739 13769739 13769739 13769739 13769739 13769739 13769739 13792513 13792513 13792513 13792513 13792513 13792513 13792513 13792513 13792513 13792513 13792513 13792513 13792513 13792513 13792513 13792513 13792513 13792513 13792513 13792513 13792513 13792513 13792513 13792513 13792513 13792513 13792513 13792513 13792513 13792513 13792513 13792513 13792513 13792513 13792513 13792513 13792513 13792513 13792513 13792513 13792513 13792513 13792513 13792513 13792257 13792257 13792257 13792257 13792257 13792257 13792257 13792257 13792257 13792257 13792257 13769745 13769745 13769745 13769745 13769745 13769745 13769745 13769745 13769745 13769745 13792279 13792279 13792279 13792279 13792279 13792279 13792279 13792279 13792279 13792279 13792279 13792279 13792279 13792279 13792279 13792279 13792279 13792279 13769745 13769745 13769745 13769745 13769745 13769745 13769745 13769745 13769745 13769745 13769745 13769745 13769745 13769745 13769745 13769745 13769745 13769745 13769745 13769745 13769745 13769745 13769745 13769745 13769745 13769745 13769745 13769745 13769745 13769745 13769745 13769745 13769745 13769745 13769745 13769745 13769745 13769745 13769745 13769745 13769745 13769745 13769745 13769745 13769745 13769745 13769745 13769745 13769745 13769745 13769745 13769745 13769745 13769745 13769745 13769745 13769745 13769745 13769745 13769745 13769745 13769745 13769745 13769745 13769745 13769745 13769745 13769745 13769745 13769745 13769745 13769745 13769745 13769745 13769745 13769745 13769745 13769745 13769745 13754896 
RSRP of 5G
-85 -85 -85 -85 -85 -87 -77 -77 -77 -77 -77 -77 -77 -82 -82 -82 -82 -86 -86 -84 -84 -85 -85 -85 -85 -80 -80 -84 -84 -87 -87 -85 -85 -85 -81 -82 -82 -82 -82 -82 -82 -82 -82 -95 -95 -84 -84 -84 -84 -84 -84 -84 -84 -84 -84 -84 -84 -84 -84 -84 -81 -81 -81 -81 -81 -80 -80 -82 -82 -78 -78 -81 -81 -86 -81 -81 -81 -81 -81 -81 -81 -81 -81 -81 -81 -81 -81 -81 -81 -80 -80 -82 -82 -82 -82 -80 -80 -80 -80 -82 -82 -82 -81 -79 -79 -79 -79 -81 -81 -82 -82 -82 -82 -82 -83 -83 -83 -83 -83 -83 -83 -83 -86 -86 -86 -86 -86 -83 -78 -80 -80 -82 -82 -80 -80 -78 -78 -92 -92 -90 -90 -90 -90 -84 -84 -86 -86 -98 -98 -96 -96 -88 -88 -88 -88 -88 -87 -87 -90 -90 -94 -94 -100 -100 -81 -81 -78 -78 -76 -76 -76 -76 -76 -76 -81 -81 -87 -83 -83 -83 -84 -84 -88 -88 -88 -88 -85 -80 -80 -80 -80 -80 -79 -79 -79 -79 -81 -81 -83 -83 -79 -79 -79 -79 -77 -77 -77 -77 -77 -77 -77 -77 -77 -77 -80 -80 -82 -82 -80 -80 -80 -80 -80 -80 -79 -79 -79 -80 -77 -77 -79 -79 -75 -75 -76 -76 -81 -81 -79 -79 -82 -82 -82 -82 -116 -86 -86 -86 -86 -85 -85 -87 -87 -82 -82 -82 -82 -82 -82 -82 -82 -79 -79 -78 -78 -78 -78 -78 -78 -79 -79 -79 -79 -79 -79 -79 -79 -78 -78 -79 -79 -79 -79 -78 -78 -80 -80 -80 -80 -80 -80 -80 -80 -81 -81 -81 -81 -81 -81 -81 -81 -81 -81 -81 -81 -81 -81 -81 -81 -81 -81 -81 -81 -81 -81 -81 -81 -84 -84 -82 -82 -87 -87 -85 -85 -85 -85 -85 -83 -83 -83 -83 -83 -83 -83 -83 -83 -83 -83 -86 -86 -86 -86 -87 -87 -83 -83 -85 -85 -82 -82 -82 -82 -80 -80 -80 -80 -80 -80 -78 -78 -78 -78 -85 -85 -89 -87 
CQI
2147483647 2147483647 2147483647 2147483647 2147483647 2147483647 2147483647 2147483647 2147483647 2147483647 2147483647 2147483647 2147483647 2147483647 2147483647 2147483647 2147483647 2147483647 2147483647 2147483647 2147483647 2147483647 2147483647 2147483647 2147483647 2147483647 2147483647 2147483647 2147483647 2147483647 2147483647 2147483647 2147483647 2147483647 2147483647 2147483647 2147483647 2147483647 2147483647 2147483647 2147483647 2147483647 2147483647 2147483647 2147483647 2147483647 2147483647 2147483647 2147483647 2147483647 2147483647 2147483647 2147483647 2147483647 2147483647 2147483647 2147483647 2147483647 2147483647 2147483647 2147483647 2147483647 2147483647 2147483647 2147483647 2147483647 2147483647 2147483647 2147483647 2147483647 2147483647 2147483647 2147483647 2147483647 2147483647 2147483647 2147483647 2147483647 2147483647 2147483647 2147483647 2147483647 2147483647 2147483647 2147483647 2147483647 2147483647 2147483647 2147483647 2147483647 2147483647 2147483647 2147483647 2147483647 2147483647 2147483647 2147483647 2147483647 2147483647 2147483647 2147483647 2147483647 2147483647 2147483647 2147483647 2147483647 2147483647 2147483647 2147483647 2147483647 2147483647 2147483647 2147483647 2147483647 2147483647 2147483647 2147483647 2147483647 2147483647 2147483647 2147483647 2147483647 2147483647 2147483647 2147483647 2147483647 2147483647 2147483647 2147483647 2147483647 2147483647 2147483647 2147483647 2147483647 2147483647 2147483647 2147483647 2147483647 2147483647 2147483647 2147483647 2147483647 2147483647 2147483647 2147483647 2147483647 2147483647 2147483647 2147483647 2147483647 2147483647 2147483647 2147483647 2147483647 2147483647 2147483647 2147483647 2147483647 2147483647 2147483647 2147483647 2147483647 2147483647 2147483647 2147483647 2147483647 2147483647 2147483647 2147483647 2147483647 2147483647 2147483647 2147483647 2147483647 2147483647 2147483647 2147483647 2147483647 2147483647 2147483647 2147483647 2147483647 2147483647 2147483647 2147483647 2147483647 2147483647 2147483647 2147483647 2147483647 2147483647 2147483647 2147483647 2147483647 2147483647 2147483647 2147483647 2147483647 2147483647 2147483647 2147483647 2147483647 2147483647 2147483647 2147483647 2147483647 2147483647 2147483647 2147483647 2147483647 2147483647 2147483647 2147483647 2147483647 2147483647 2147483647 2147483647 2147483647 2147483647 2147483647 2147483647 2147483647 2147483647 2147483647 2147483647 2147483647 2147483647 2147483647 2147483647 2147483647 2147483647 2147483647 2147483647 2147483647 2147483647 2147483647 2147483647 2147483647 2147483647 2147483647 2147483647 2147483647 2147483647 2147483647 2147483647 2147483647 2147483647 2147483647 2147483647 2147483647 2147483647 2147483647 2147483647 2147483647 2147483647 2147483647 2147483647 2147483647 2147483647 2147483647 2147483647 2147483647 2147483647 2147483647 2147483647 2147483647 2147483647 2147483647 2147483647 2147483647 2147483647 2147483647 2147483647 2147483647 2147483647 2147483647 2147483647 2147483647 2147483647 2147483647 2147483647 2147483647 2147483647 2147483647 2147483647 2147483647 2147483647 2147483647 2147483647 2147483647 2147483647 2147483647 2147483647 2147483647 2147483647 2147483647 2147483647 2147483647 2147483647 2147483647 2147483647 2147483647 2147483647 2147483647 2147483647 2147483647 2147483647 2147483647 2147483647 2147483647 2147483647 2147483647 2147483647 2147483647 2147483647 2147483647 2147483647 2147483647 2147483647 2147483647 2147483647 2147483647 2147483647 2147483647 2147483647 2147483647 2147483647 2147483647 2147483647 2147483647 2147483647 2147483647 2147483647 2147483647 2147483647 2147483647 2147483647 2147483647 2147483647 2147483647 2147483647 2147483647 2147483647 2147483647 2147483647 2147483647 2147483647 2147483647 2147483647 2147483647 2147483647 2147483647 2147483647 2147483647 2147483647 2147483647 2147483647 2147483647 2147483647 2147483647 2147483647 2147483647 2147483647 2147483647 2147483647 2147483647 2147483647 
Altitude
-61.395877838134766 -60.777584075927734 -60.08530807495117 -59.14466094970703 -58.468238830566406 -57.02555465698242 -55.012142181396484 -52.76620864868164 -50.731658935546875 -48.55442428588867 -46.66255569458008 -44.49589157104492 -42.392642974853516 -40.38451385498047 -38.429229736328125 -36.41581726074219 -34.30728530883789 -32.00321960449219 -30.0902156829834 -27.79143714904785 -25.90485382080078 -23.833311080932617 -22.0259952545166 -20.039005279541016 -18.22640609741211 -16.086162567138672 -14.342262268066406 -12.165029525756836 -10.315437316894531 -8.317878723144531 -6.515847206115723 -4.544711112976074 -2.6528429985046387 -0.8402431011199951 1.4109742641448975 3.4164600372314453 5.363816261291504 7.247757434844971 9.369503021240234 11.277225494384766 13.256288528442383 15.38067626953125 17.27518653869629 19.39693260192871 21.43148422241211 23.55323028564453 25.49530029296875 27.474363327026367 29.334524154663086 31.39285659790039 33.25566101074219 35.345699310302734 37.30626678466797 39.319679260253906 41.23532485961914 43.15890121459961 44.73369598388672 45.9967041015625 47.00341033935547 47.825157165527344 48.51478958129883 49.030033111572266 49.732879638671875 50.05788040161133 50.59690475463867 50.91397476196289 51.13064193725586 51.28389358520508 51.571903228759766 51.62210464477539 51.8255615234375 51.907470703125 51.84141540527344 51.68552017211914 50.86641311645508 48.00483322143555 46.311134338378906 45.50524139404297 44.01499938964844 42.56439208984375 40.43735885620117 39.705448150634766 38.81764602661133 35.565006256103516 36.576995849609375 32.84874725341797 32.75098419189453 30.877613067626953 29.47985076904297 28.1455020904541 25.548147201538086 23.74611473083496 23.061767578125 21.29936981201172 20.599166870117188 17.547340393066406 16.67803192138672 15.230066299438477 13.858726501464844 12.328849792480469 10.960151672363281 10.04592514038086 8.78027629852295 8.16198444366455 7.160562515258789 6.291254043579102 5.670319557189941 2.8351597785949707 0.6420725584030151 -1.3634133338928223 -1.4215433597564697 -3.4296715259552 -4.417881965637207 -4.7508087158203125 -6.336173057556152 -6.616253852844238 -7.245115280151367 -7.593894958496094 -8.053650856018066 -8.259748458862305 -8.254463195800781 -8.909748077392578 -8.740642547607422 -9.23738956451416 -8.846332550048828 -8.719503402709961 -9.052430152893066 -9.12641429901123 -8.983731269836426 -9.427633285522461 -9.036577224731445 -9.295519828796387 -7.715439796447754 -5.580482482910156 -4.518288612365723 -3.6727607250213623 -3.022761344909668 -1.194307804107666 0.38312971591949463 2.338412284851074 4.23028039932251 6.571335315704346 7.4802775382995605 9.924381256103516 11.969500541687012 13.924783706665039 16.508926391601562 18.255470275878906 20.115631103515625 22.155466079711914 24.09489631652832 26.171722412109375 27.899770736694336 29.635744094848633 31.47476577758789 33.630863189697266 35.496307373046875 37.131874084472656 37.78980255126953 39.36459732055664 41.333091735839844 42.670082092285156 43.49447250366211 44.202598571777344 44.67292404174805 45.016422271728516 45.51052474975586 45.85137939453125 47.027191162109375 47.727394104003906 48.324546813964844 47.29405975341797 47.50279998779297 48.64690399169922 48.7314567565918 48.9401969909668 47.47901916503906 47.899139404296875 48.4645881652832 48.66804122924805 48.27962875366211 46.741825103759766 44.99528121948242 43.975364685058594 41.880043029785156 39.38837814331055 38.048744201660156 36.53207778930664 35.24529266357422 34.16196060180664 33.18167495727539 31.517044067382812 30.07436180114746 28.940826416015625 27.29204750061035 25.778024673461914 23.381481170654297 22.49103546142578 21.29144287109375 20.13941192626953 17.639820098876953 17.098154067993164 15.560351371765137 12.95242691040039 11.697346687316895 10.828038215637207 9.200397491455078 5.797148704528809 5.279263496398926 4.613409996032715 3.8048744201660156 2.845728874206543 1.4611774682998657 0.8878040313720703 -1.3369905948638916 -2.8113794326782227 -3.905280828475952 -5.279263496398926 -6.2251973152160645 -7.054871559143066 -7.498773574829102 -8.254463195800781 -8.603243827819824 -9.1158447265625 -9.718283653259277 -9.871535301208496 -10.024786949157715 -10.098771095275879 -10.119909286499023 -10.436982154846191 -10.52153491973877 -10.981290817260742 -10.775193214416504 -9.887389183044434 -9.70242977142334 -9.078853607177734 -8.851617813110352 -7.086578369140625 -4.671540260314941 -3.2341432571411133 -3.107314109802246 -2.4943065643310547 -0.31707286834716797 1.514022946357727 3.5010128021240234 5.630685806274414 7.792065620422363 9.578243255615234 11.628647804260254 13.29592227935791 15.267058372497559 17.246122360229492 18.934534072875977 21.243881225585938 23.764612197875977 25.812374114990234 27.870704650878906 30.021516799926758 31.770702362060547 33.572731018066406 35.55707931518555 37.83207702636719 38.984107971191406 39.73715591430664 41.66337585449219 42.9713020324707 44.189388275146484 45.82231521606445 46.32963180541992 47.08003616333008 47.47373580932617 47.798736572265625 48.43023681640625 48.76844787597656 48.86357116699219 49.011539459228516 49.47657775878906 49.452796936035156 49.587554931640625 49.66682434082031 49.870277404785156 50.015602111816406 50.031455993652344 49.81743240356445 49.7540168762207 49.54792022705078 49.75137710571289 49.62718963623047 49.24406051635742 48.6733283996582 46.755035400390625 45.63999557495117 42.9263801574707 42.57495880126953 40.825775146484375 39.24040985107422 39.59975814819336 36.1198844909668 35.697120666503906 34.15931701660156 32.24102783203125 30.528833389282227 29.421720504760742 27.30525779724121 26.755664825439453 26.41745376586914 23.85973358154297 22.446117401123047 21.161972045898438 19.053436279296875 18.083723068237305 16.680675506591797 15.082099914550781 13.898361206054688 12.167671203613281 10.27051830291748 8.690439224243164 7.876618385314941 6.235766410827637 4.922556400299072 2.8008103370666504 1.6197139024734497 0.34085333347320557 -1.109755039215088 -2.5312983989715576 -3.7256062030792236 -5.2317023277282715 -6.65324592590332 -8.175195693969727 -9.786982536315918 -11.028851509094238 -13.084540367126465 -14.358116149902344 -15.557708740234375 -17.3227481842041 -18.147136688232422 -19.531688690185547 -21.455265045166016 -22.924367904663086 -24.404041290283203 -26.364608764648438 -28.325176239013672 -29.868263244628906 -31.231678009033203 -31.7971248626709 -33.990211486816406 -35.74996566772461 -36.38411331176758 -38.45037078857422 -39.908905029296875 -40.976383209228516 -42.101993560791016 -44.06256103515625 -46.20280075073242 -46.78410339355469 -48.18979263305664 -49.74873352050781 -51.31824493408203 -52.56539535522461 -54.1666145324707 -55.524742126464844 -56.80360412597656 -58.050758361816406 -60.01132583618164 -61.755226135253906 -62.4105110168457 -63.8848991394043 