LTE(1) or 5G(2)
2 2 2 2 2 2 2 2 2 2 2 2 2 2 2 2 2 2 2 2 2 2 2 2 2 2 2 2 2 2 2 2 2 2 2 2 2 2 2 2 2 2 2 2 2 2 2 2 2 2 1 1 1 2 2 2 2 2 2 2 2 2 2 2 2 2 2 2 2 2 2 2 2 2 2 2 2 2 2 2 2 2 2 2 2 2 2 2 2 2 2 2 2 2 2 2 2 2 2 2 1 1 1 1 2 1 1 1 1 2 2 2 2 2 2 2 1 1 2 2 2 2 2 2 2 2 2 2 2 2 2 2 2 2 2 2 2 2 2 2 2 2 2 2 2 2 2 2 2 2 2 2 2 2 2 2 2 2 2 2 2 2 2 2 2 2 2 2 2 2 2 2 2 2 2 2 1 1 1 2 2 2 2 2 2 2 2 2 2 2 2 2 2 1 1 1 1 1 2 2 2 2 2 2 2 2 2 1 1 2 2 2 2 2 2 2 2 2 2 2 2 2 2 2 2 2 2 2 2 2 2 2 2 2 2 2 2 2 2 2 2 2 2 2 2 2 2 2 2 2 2 2 2 2 2 2 2 2 2 2 2 2 2 2 2 2 2 2 2 2 2 2 2 2 2 2 2 2 2 2 2 2 2 2 2 2 2 2 2 2 2 2 2 2 2 2 2 2 2 2 2 2 2 2 2 
SNR of LTE
1 1 1 1 1 1 1 1 2 4 4 4 4 4 4 4 4 4 4 4 4 4 4 4 4 4 4 4 3 3 3 3 3 3 3 2 2 2 2 2 2 2 2 2 2 2 2 2 2 2 1 0 0 0 0 0 0 0 0 0 0 0 0 0 0 0 0 0 0 0 0 0 0 0 0 0 0 0 0 0 0 0 -1 -1 -1 -1 -1 -1 -1 -1 -1 -1 -2 -2 -3 -3 -3 -3 -3 -3 -3 -3 -3 -3 -3 -3 -3 -3 -3 -3 -3 -3 -3 -2 -2 -2 -2 -1 -1 -1 -1 -1 -1 -1 -1 -1 -1 -1 -1 -1 0 0 0 0 0 0 0 0 0 0 0 0 0 0 0 0 0 0 0 0 0 0 1 1 1 1 1 1 1 1 1 1 1 1 1 1 1 1 1 0 0 0 0 0 0 0 0 0 0 0 0 0 0 0 -1 -1 -1 -1 -1 -1 -2 -2 -2 -2 -2 -2 -4 -4 -4 -4 -4 -4 -4 -4 -4 -4 -5 -6 -6 -6 -6 -6 -6 -6 -6 -6 -6 -6 -6 -6 -6 -6 -6 -6 -6 -7 -7 -7 -7 -7 -7 -7 -7 -5 -5 -5 -5 -5 -5 -5 -5 -6 -6 -5 -5 -5 -5 -5 -5 -5 -5 -5 -5 -5 -3 -4 -4 -4 -4 -4 -4 -4 -4 -4 -4 -4 -4 -4 -4 -4 -4 -4 -4 -4 -4 -4 -4 -2 -2 -1 -1 -1 -1 -1 -1 -1 0 0 0 0 0 0 0 1 1 1 1 1 1 1 1 1 1 1 1 
SNR of 5G
10 10 8 8 6 6 6 6 10 10 10 10 10 10 5 5 5 5 5 5 5 5 5 5 5 5 6 6 6 6 7 7 7 7 6 6 5 5 5 5 5 5 5 5 5 5 5 5 5 5 0 0 0 2 2 4 4 4 4 4 4 4 4 4 6 6 8 8 8 8 7 7 7 7 3 3 1 1 2 2 2 2 2 2 2 2 2 2 2 2 2 2 1 1 0 0 0 0 0 0 0 0 0 0 -3 0 0 0 0 -4 -4 -4 -4 -4 -4 -5 0 0 -1 -1 -3 -4 -1 -1 -3 -3 3 3 2 2 0 0 -2 -2 -1 -1 0 0 1 1 1 1 0 0 3 3 3 3 3 3 3 3 6 6 6 6 5 5 5 5 5 5 3 3 3 3 0 0 -1 -1 -3 -3 -3 -3 -2 -3 0 0 0 -2 -2 -2 0 0 0 0 0 0 1 1 0 0 0 0 0 0 0 0 -1 -1 -1 -1 -2 -2 -3 -3 -5 0 0 1 1 0 0 2 2 1 1 2 2 0 0 2 2 2 2 0 0 -2 -2 -2 -2 3 3 6 6 6 6 6 6 6 6 7 7 5 5 5 5 5 5 5 5 5 5 5 4 0 0 0 0 -3 -4 8 8 8 8 8 8 5 5 5 5 5 5 5 5 5 5 2 2 5 5 5 5 5 5 5 8 8 8 8 8 8 8 8 8 5 5 4 4 3 3 3 3 3 3 
RSSI
-51 -51 -51 -51 -51 -51 -51 -51 -51 -51 -51 -51 -51 -51 -51 -51 -51 -51 -51 -51 -51 -51 -51 -51 -51 -51 -51 -51 -51 -51 -51 -51 -51 -51 -51 -51 -51 -51 -51 -51 -51 -51 -51 -51 -51 -51 -51 -51 -51 -51 -51 -51 -51 -51 -51 -51 -51 -51 -51 -51 -51 -51 -51 -51 -51 -51 -51 -51 -51 -51 -51 -51 -51 -51 -51 -51 -51 -51 -51 -51 -51 -51 -51 -51 -51 -51 -51 -51 -51 -51 -51 -51 -51 -51 -51 -51 -51 -51 -51 -51 -51 -51 -51 -51 -51 -51 -51 -51 -51 -51 -51 -51 -51 -51 -51 -51 -51 -51 -51 -51 -51 -51 -51 -51 -51 -51 -51 -51 -51 -51 -51 -51 -51 -51 -51 -51 -51 -51 -51 -51 -51 -51 -51 -51 -51 -51 -51 -51 -51 -51 -51 -51 -51 -51 -51 -51 -51 -51 -51 -51 -51 -51 -51 -51 -51 -51 -51 -51 -51 -51 -51 -51 -51 -51 -51 -51 -51 -51 -51 -51 -51 -51 -51 -51 -51 -51 -51 -51 -51 -51 -51 -51 -51 -51 -51 -51 -51 -51 -51 -51 -51 -51 -51 -51 -51 -51 -51 -51 -51 -51 -51 -51 -51 -51 -51 -51 -51 -51 -51 -51 -51 -51 -51 -51 -51 -51 -51 -51 -51 -51 -51 -51 -51 -51 -51 -51 -51 -51 -51 -51 -51 -51 -51 -51 -51 -51 -51 -51 -51 -51 -51 -51 -51 -51 -51 -51 -51 -51 -51 -51 -51 -51 -51 -51 -51 -51 -51 -51 -51 -51 -51 -51 -51 -51 -51 -51 -51 -51 -51 -51 -51 -51 -51 -51 -51 -51 -51 -51 -51 -51 -51 -51 -51 -51 -51 -51 -51 -51 -51 -51 -51 -51 -51 -51 -51 
RSRP
-84 -84 -84 -84 -82 -82 -82 -82 -80 -77 -77 -77 -77 -77 -76 -74 -74 -74 -74 -74 -74 -74 -74 -74 -71 -71 -71 -71 -71 -71 -71 -71 -70 -70 -70 -71 -71 -71 -71 -71 -71 -71 -71 -71 -71 -71 -71 -71 -71 -71 -71 -71 -71 -71 -71 -71 -71 -71 -71 -71 -71 -71 -71 -71 -72 -72 -73 -73 -73 -73 -73 -74 -74 -74 -74 -74 -74 -74 -74 -74 -74 -74 -74 -74 -75 -75 -75 -75 -75 -75 -75 -75 -75 -75 -76 -76 -76 -76 -76 -76 -77 -77 -78 -78 -78 -78 -78 -78 -78 -78 -78 -78 -78 -77 -77 -77 -77 -76 -76 -76 -76 -76 -76 -76 -76 -76 -76 -76 -76 -76 -75 -75 -75 -75 -74 -74 -74 -74 -74 -73 -73 -72 -72 -72 -72 -72 -72 -72 -72 -72 -72 -72 -71 -71 -71 -71 -71 -71 -71 -71 -71 -71 -72 -72 -72 -72 -74 -74 -74 -75 -75 -75 -75 -75 -76 -76 -76 -76 -76 -76 -76 -76 -76 -77 -77 -77 -77 -77 -78 -78 -78 -78 -78 -79 -79 -79 -80 -80 -80 -80 -80 -81 -81 -81 -81 -81 -81 -81 -81 -81 -80 -80 -80 -80 -80 -79 -79 -79 -79 -79 -79 -79 -79 -79 -79 -79 -79 -79 -79 -79 -79 -79 -79 -78 -78 -78 -78 -78 -78 -78 -78 -79 -79 -79 -79 -79 -79 -79 -79 -79 -79 -79 -79 -79 -79 -79 -79 -79 -79 -79 -79 -79 -79 -79 -79 -79 -79 -79 -79 -79 -79 -79 -79 -79 -79 -79 -79 -78 -78 -78 -78 -78 -78 -78 -78 -78 -77 -77 -77 -77 -77 -77 -77 -76 -76 -76 -76 -76 -76 -76 -76 -76 -76 -76 -76 
CID
13754896 13754896 13754896 13754896 13769745 13769745 13769745 13769745 13769745 13769745 13769745 13769745 13769745 13769745 13769745 13769745 13769745 13769745 13769745 13769745 13769745 13769745 13769745 13769745 13769745 13769745 13769745 13769745 13769745 13769745 13769745 13769745 13769745 13769745 13769745 13769745 13769745 13769745 13769745 13769745 13769745 13769745 13769745 13769745 13769745 13769745 13769745 13769745 13769745 13769745 13769745 13769745 13769745 13769745 13769745 13769745 13769745 13769745 13769745 13769745 13769745 13769745 13769745 13769745 13769745 13769745 13769745 13769745 13769745 13769745 13769745 13769745 13769745 13769745 13769745 13769745 13769745 13769745 13769745 13769745 13769745 13769745 13769745 13769745 13769745 13769745 13769745 13769745 13769745 13769745 13769745 13769745 13769745 13769745 13769745 13754896 13754896 13754896 13754896 13754896 13792279 13792279 13754896 13754896 13754896 13754896 13754896 13754896 13754896 13754896 13754896 13754896 13754896 13754896 13754896 13754896 13754896 13754896 13754896 13754896 13754896 13754896 13754896 13769745 13769745 13769745 13754896 13754896 13754896 13754896 13754896 13754896 13754896 13754896 13754896 13754896 13754896 13754896 13754896 13754896 13754896 13754896 13754896 13754896 13754896 13754896 13754896 13754896 13754896 13754896 13754896 13754896 13754896 13769745 13769745 13769745 13769745 13769745 13769745 13769745 13769745 13769745 13769745 13769745 13769745 13769745 13769745 13769745 13769745 13769745 13769745 13769745 13769745 13769745 13769745 13769745 13769745 13769745 13769745 13754896 13754896 13754896 13754896 13754896 13754896 13754896 13754896 13754896 13754896 13754896 13769745 13769745 13769745 13769745 13769745 13769745 13792523 13792523 13792523 13792523 13792523 13792523 13792523 13792523 13792523 13792257 13792257 13792257 13792257 13754890 13754890 13754890 13754890 13754890 13754890 13754890 13754890 13754890 13754890 13792257 13792257 13792257 13792257 13792257 13792258 13792258 13792258 13792258 13792258 13792258 13792258 13792258 13792258 13792258 13792258 13792258 13792258 13792258 13792258 13792258 13792258 13792258 13792258 13792258 13792258 13792258 13792258 13792258 13792258 13792258 13792258 13792258 13792258 13792258 13792258 13792258 13792258 13792258 13792258 13792258 13792258 13792258 13792258 13792258 13792258 13792258 13792258 13792258 13792258 13792258 13792258 13792258 13792258 13792258 13792258 13792258 13792258 13792258 13792258 13792258 13792258 13792258 13792258 13792258 13792258 13792258 13792258 13792258 13792258 13792258 13792258 13792258 13792258 13792258 13792258 13792258 13792258 13792258 13792258 13792258 13792258 13792258 13792258 13792258 13792258 
RSRP of 5G
-82 -82 -90 -90 -80 -80 -80 -80 -75 -75 -75 -75 -75 -75 -82 -82 -82 -82 -82 -82 -82 -82 -82 -82 -91 -91 -82 -82 -87 -87 -81 -81 -78 -78 -83 -83 -78 -78 -83 -83 -83 -83 -83 -83 -83 -83 -83 -83 -83 -83 -83 -83 -83 -84 -84 -84 -84 -84 -84 -84 -84 -84 -84 -84 -80 -80 -82 -82 -79 -79 -85 -85 -85 -85 -87 -87 -89 -89 -86 -86 -100 -100 -87 -87 -90 -90 -86 -86 -85 -85 -85 -85 -85 -85 -93 -93 -86 -79 -85 -85 -83 -83 -83 -83 -103 -103 -103 -103 -103 -95 -95 -95 -95 -87 -87 -105 -105 -105 -88 -88 -89 -81 -86 -86 -87 -82 -83 -83 -84 -84 -83 -83 -82 -82 -85 -85 -82 -82 -82 -79 -86 -86 -84 -84 -80 -80 -80 -80 -80 -80 -80 -80 -75 -75 -75 -75 -82 -82 -80 -80 -80 -80 -86 -86 -86 -86 -80 -80 -81 -81 -83 -83 -83 -83 -91 -81 -96 -96 -96 -81 -81 -81 -91 -83 -80 -80 -80 -80 -79 -79 -78 -78 -78 -78 -78 -78 -78 -78 -79 -79 -84 -84 -91 -91 -84 -84 -109 -109 -109 -88 -88 -102 -82 -83 -83 -85 -85 -85 -85 -96 -86 -83 -83 -83 -83 -93 -93 -86 -86 -84 -84 -76 -76 -72 -72 -72 -72 -72 -72 -72 -72 -73 -73 -75 -75 -75 -75 -75 -75 -75 -75 -75 -75 -75 -77 -79 -79 -84 -84 -98 -80 -81 -81 -81 -81 -92 -92 -83 -83 -83 -83 -83 -83 -83 -83 -83 -83 -87 -87 -81 -81 -81 -81 -81 -81 -81 -82 -82 -82 -80 -80 -80 -80 -82 -82 -88 -88 -86 -86 -81 -81 -81 -81 -81 -81 
CQI
2147483647 2147483647 2147483647 2147483647 2147483647 2147483647 2147483647 2147483647 2147483647 2147483647 2147483647 2147483647 2147483647 2147483647 2147483647 2147483647 2147483647 2147483647 2147483647 2147483647 2147483647 2147483647 2147483647 2147483647 2147483647 2147483647 2147483647 2147483647 2147483647 2147483647 2147483647 2147483647 2147483647 2147483647 2147483647 2147483647 2147483647 2147483647 2147483647 2147483647 2147483647 2147483647 2147483647 2147483647 2147483647 2147483647 2147483647 2147483647 2147483647 2147483647 2147483647 2147483647 2147483647 2147483647 2147483647 2147483647 2147483647 2147483647 2147483647 2147483647 2147483647 2147483647 2147483647 2147483647 2147483647 2147483647 2147483647 2147483647 2147483647 2147483647 2147483647 2147483647 2147483647 2147483647 2147483647 2147483647 2147483647 2147483647 2147483647 2147483647 2147483647 2147483647 2147483647 2147483647 2147483647 2147483647 2147483647 2147483647 2147483647 2147483647 2147483647 2147483647 2147483647 2147483647 2147483647 2147483647 2147483647 2147483647 2147483647 2147483647 2147483647 2147483647 2147483647 2147483647 2147483647 2147483647 2147483647 2147483647 2147483647 2147483647 2147483647 2147483647 2147483647 2147483647 2147483647 2147483647 2147483647 2147483647 2147483647 2147483647 2147483647 2147483647 2147483647 2147483647 2147483647 2147483647 2147483647 2147483647 2147483647 2147483647 2147483647 2147483647 2147483647 2147483647 2147483647 2147483647 2147483647 2147483647 2147483647 2147483647 2147483647 2147483647 2147483647 2147483647 2147483647 2147483647 2147483647 2147483647 2147483647 2147483647 2147483647 2147483647 2147483647 2147483647 2147483647 2147483647 2147483647 2147483647 2147483647 2147483647 2147483647 2147483647 2147483647 2147483647 2147483647 2147483647 2147483647 2147483647 2147483647 2147483647 2147483647 2147483647 2147483647 2147483647 2147483647 2147483647 2147483647 2147483647 2147483647 2147483647 2147483647 2147483647 2147483647 2147483647 2147483647 2147483647 2147483647 2147483647 2147483647 2147483647 2147483647 2147483647 2147483647 2147483647 2147483647 2147483647 2147483647 2147483647 2147483647 2147483647 2147483647 2147483647 2147483647 2147483647 2147483647 2147483647 2147483647 2147483647 2147483647 2147483647 2147483647 2147483647 2147483647 2147483647 2147483647 2147483647 2147483647 2147483647 2147483647 2147483647 2147483647 2147483647 2147483647 2147483647 2147483647 2147483647 2147483647 2147483647 2147483647 2147483647 2147483647 2147483647 2147483647 2147483647 2147483647 2147483647 2147483647 2147483647 2147483647 2147483647 2147483647 2147483647 2147483647 2147483647 2147483647 2147483647 2147483647 2147483647 2147483647 2147483647 2147483647 2147483647 2147483647 2147483647 2147483647 2147483647 2147483647 2147483647 2147483647 2147483647 2147483647 2147483647 2147483647 2147483647 2147483647 2147483647 2147483647 2147483647 2147483647 2147483647 2147483647 2147483647 2147483647 2147483647 2147483647 2147483647 2147483647 2147483647 2147483647 2147483647 2147483647 2147483647 2147483647 2147483647 2147483647 2147483647 2147483647 2147483647 2147483647 2147483647 2147483647 2147483647 2147483647 2147483647 2147483647 2147483647 2147483647 2147483647 2147483647 2147483647 2147483647 2147483647 2147483647 2147483647 2147483647 
Altitude
-117.97753143310547 -117.20069885253906 -116.20191955566406 -115.39338684082031 -114.71696472167969 -113.71289825439453 -112.77753448486328 -111.40354919433594 -109.27916717529297 -107.2868881225586 -104.9986801147461 -102.97998046875 -100.73404693603516 -98.7523422241211 -96.7653579711914 -94.38202667236328 -92.48487091064453 -90.29178619384766 -88.30479431152344 -86.23853302001953 -84.16170501708984 -82.04788970947266 -80.12431335449219 -77.99992370605469 -75.8649673461914 -73.925537109375 -72.27676391601562 -70.79708862304688 -69.70318603515625 -68.88407897949219 -67.86416625976562 -67.27758026123047 -66.66985321044922 -66.26822662353516 -65.76091003417969 -65.31172943115234 -65.08448791503906 -64.74627685546875 -64.47676849365234 -64.2865219116211 -64.13327026367188 -64.19668579101562 -63.995872497558594 -63.69465637207031 -63.7580680847168 -63.488555908203125 -63.060508728027344 -62.526771545410156 -62.09872055053711 -60.68246078491211 -58.584495544433594 -56.75075912475586 -56.777183532714844 -55.720272064208984 -53.9869384765625 -51.957672119140625 -49.67475128173828 -47.91499328613281 -45.76947021484375 -43.808902740478516 -41.47312927246094 -39.74508285522461 -37.483299255371094 -35.45403289794922 -33.25566101074219 -31.791839599609375 -29.683305740356445 -27.754444122314453 -26.01582908630371 -24.335342407226562 -22.660140991210938 -20.16054916381836 -18.046730041503906 -16.286975860595703 -14.75974178314209 -12.767467498779297 -11.425191879272461 -9.432917594909668 -7.969098091125488 -6.684952735900879 -5.923977851867676 -5.31625509262085 -4.8723530769348145 -4.185361862182617 -4.032110214233398 -3.5195088386535645 -3.376826047897339 -3.1707286834716797 -2.991054058074951 -2.753249406814575 -2.7691030502319336 -2.7268266677856445 -2.9646313190460205 -3.0016231536865234 -3.5617852210998535 -3.271135091781616 -3.6516225337982178 -4.497150421142578 -6.489424705505371 -8.434138298034668 -10.299583435058594 -11.800395011901855 -12.746329307556152 -13.676409721374512 -15.515432357788086 -17.33860206604004 -18.62803077697754 -19.452421188354492 -20.836971282958984 -23.162172317504883 -24.784528732299805 -26.158512115478516 -27.759729385375977 -28.827207565307617 -29.688589096069336 -31.554035186767578 -33.7576904296875 -35.02069854736328 -36.822731018066406 -37.879638671875 -39.36988067626953 -41.187767028808594 -43.127193450927734 -44.458900451660156 -45.743045806884766 -48.36946487426758 -48.56499481201172 -49.6483268737793 -50.48857116699219 -51.793853759765625 -53.54303741455078 -55.35563659667969 -56.82474136352539 -58.09832000732422 -59.8897819519043 -60.40766525268555 -61.37473678588867 -61.82392501831055 -61.4698600769043 -61.57026672363281 -61.67067337036133 -62.24668884277344 -62.65359878540039 -62.63246154785156 -63.192623138427734 -63.419857025146484 -63.483272552490234 -63.66294860839844 -63.525550842285156 -63.72636032104492 -64.34993743896484 -64.65116119384766 -64.30237579345703 -64.02758026123047 -62.94424819946289 -61.771080017089844 -59.38774871826172 -59.06010437011719 -58.09832000732422 -56.75604248046875 -55.09669494628906 -53.10970687866211 -51.0434455871582 -48.797515869140625 -46.873939514160156 -44.77069091796875 -42.95280456542969 -40.70158767700195 -38.66703796386719 -36.923133850097656 -34.30728530883789 -32.864601135253906 -30.80362892150879 -29.20769500732422 -26.465015411376953 -25.059326171875 -23.22030258178711 -21.344287872314453 -18.622745513916016 -17.502422332763672 -17.375593185424805 -15.082099914550781 -13.623563766479492 -11.98535442352295 -10.70120906829834 -10.267876625061035 -9.390641212463379 -8.782918930053711 -7.990236282348633 -7.525196075439453 -7.239830493927002 -6.99674129486084 -6.88576602935791 -6.552839279174805 -6.616253852844238 -6.521131992340088 -6.43657922744751 -6.647961139678955 -7.160562515258789 -6.806497573852539 -5.733734130859375 -5.580482482910156 -6.758936882019043 -7.932106018066406 -8.930885314941406 -10.410558700561523 -11.705273628234863 -14.162588119506836 -16.577627182006836 -17.988601684570312 -19.62152671813965 -20.95851707458496 -22.32721519470215 -22.786970138549805 -24.673553466796875 -26.428024291992188 -27.92354965209961 -29.493061065673828 -30.491840362548828 -32.02436065673828 -33.297935485839844 -34.7564697265625 -37.25077819824219 -38.28126525878906 -40.44264602661133 -42.72557067871094 -44.765403747558594 -44.71784210205078 -47.04304504394531 -48.23735046386719 -51.02759552001953 -51.00117111206055 -51.55604934692383 -51.9893798828125 -53.12027359008789 -54.6422233581543 -55.498321533203125 -57.43775177001953 -58.774742126464844 -60.28083801269531 -60.132869720458984 -61.464576721191406 -62.22026443481445 -63.197906494140625 -63.98530578613281 -64.44506072998047 -64.2283935546875 -64.93123626708984 -64.84140014648438 -65.58123779296875 -65.68692779541016 -66.0621337890625 -65.98815155029297 -65.71334838867188 -65.17961120605469 -63.86376190185547 -63.38814926147461 -63.59953308105469 -63.53611755371094 -64.57189178466797 -66.15725708007812 -67.7003402709961 -69.85115051269531 -70.88163757324219 -72.67310333251953 -74.32716369628906 -75.74871063232422 -77.39220428466797 -78.59707641601562 -79.94464111328125 -81.82593536376953 -83.1893539428711 -84.65845489501953 -86.11698913574219 -87.61780548095703 -88.82267761230469 -90.23365020751953 -91.79788208007812 -93.31454467773438 -95.14828491210938 -96.36901092529297 -97.60559844970703 -99.06941986083984 -100.77632904052734 -101.80152893066406 -103.41331481933594 -104.86128234863281 -105.92876434326172 -107.55640411376953 -109.21575164794922 -110.49461364746094 -112.0958251953125 -113.46452331542969 -114.96005249023438 -116.33403778076172 -116.97346496582031 -117.06330108642578 -117.7397232055664 -117.86126708984375 -118.26818084716797 -118.16777038574219 -118.40557861328125 -118.66980743408203 -118.80191802978516 -119.01329803466797 