LTE(1) or 5G(2)
2 2 2 2 2 2 2 2 2 2 2 2 2 2 2 2 2 2 2 2 2 2 2 2 2 2 2 2 2 2 2 2 2 2 2 2 2 2 2 2 2 2 2 2 2 2 2 2 2 2 2 2 2 2 2 2 2 2 2 2 2 2 2 2 2 2 2 2 2 2 2 2 2 2 2 2 2 2 2 2 2 2 2 2 2 2 2 2 2 2 2 2 2 2 2 2 2 2 2 2 2 2 2 2 2 2 2 2 2 2 2 2 2 2 2 2 2 2 2 2 2 2 2 2 2 2 2 2 2 2 2 2 2 2 2 2 2 2 2 2 2 2 2 2 2 2 2 2 2 2 2 2 1 1 2 2 2 2 1 1 1 2 2 2 2 2 2 2 2 2 2 2 2 2 2 2 2 2 2 2 2 2 2 2 2 2 2 2 2 2 2 2 2 2 2 2 2 2 2 2 2 2 2 2 2 2 2 2 2 2 2 2 2 2 2 2 1 1 2 2 2 2 2 2 2 2 2 2 2 2 2 2 2 2 2 2 2 2 2 2 2 2 2 2 2 2 2 2 2 2 2 2 2 2 2 2 2 1 1 1 2 2 2 2 2 2 2 2 2 2 2 2 2 2 2 2 2 2 2 2 2 2 2 2 2 2 2 2 2 2 2 2 2 2 2 2 2 2 2 2 2 2 2 2 2 2 2 2 2 2 2 2 2 2 2 2 2 2 2 2 2 2 2 2 2 2 2 2 2 2 2 2 2 2 2 2 2 2 2 2 2 2 2 2 
SNR of LTE
11 11 11 11 11 11 11 11 11 11 11 11 10 10 10 10 10 9 9 9 9 9 8 8 8 8 8 8 8 7 7 7 7 7 5 5 5 4 4 4 4 3 2 2 2 2 2 0 0 0 0 0 0 0 0 0 0 0 0 0 0 0 0 0 -2 -2 -2 -2 -2 -2 -2 -3 -3 -3 -3 -3 -4 -4 -4 -4 -4 -4 -3 -3 -3 -3 -3 -3 -3 -3 -3 -3 -3 -3 -3 -2 -2 -2 -2 -2 -2 -1 -1 -1 -1 0 0 -1 -1 -1 -1 -1 -1 -1 -1 -2 -2 -2 -2 -2 -2 -2 -2 -2 -2 -3 -3 -3 -3 -3 -4 -4 -4 -4 -4 -4 -4 -4 -4 -4 -3 -3 -3 -3 -3 -3 -3 -3 -3 -1 -1 -1 -1 -1 0 0 0 0 0 0 0 0 0 0 0 0 0 0 0 0 0 0 0 0 0 0 0 -1 -1 -1 -1 -1 -1 -1 -1 -1 -1 -2 -2 -2 -2 -2 -2 -2 -2 -2 -2 -2 -2 -4 -4 -4 -4 -4 -4 -4 -4 -3 -3 -3 -3 -3 -2 -2 -2 -1 0 0 0 0 0 0 0 0 0 0 3 3 3 3 3 3 2 2 1 1 1 1 1 0 0 0 0 0 -2 -2 -2 -2 -2 -2 -3 -3 -3 -3 -3 -3 -4 -4 -4 -4 -4 -4 -4 -4 -4 -4 -4 -4 -4 -4 -4 -4 -4 -4 -4 -4 -4 -4 -4 -3 -3 -2 -2 -2 -2 -2 -1 -1 -1 -1 -1 -1 -1 -1 0 0 0 1 2 2 2 3 3 3 3 3 3 3 3 3 3 3 4 4 4 4 4 4 4 4 4 4 4 4 4 4 4 4 6 6 6 6 6 6 6 6 6 6 6 9 9 9 9 9 
SNR of 5G
11 9 9 11 11 10 10 10 10 8 8 8 8 8 8 8 8 8 8 8 8 8 5 5 4 4 4 2 2 3 3 3 3 3 6 5 5 4 4 4 4 4 4 3 3 3 3 2 2 2 2 0 0 -3 -3 4 4 4 4 4 4 4 4 4 3 3 3 3 3 3 3 2 2 4 4 4 4 4 4 3 3 3 3 3 3 3 3 3 3 3 3 3 3 3 3 2 2 2 2 2 2 3 3 2 2 3 3 2 2 2 2 -1 -1 0 0 -1 -1 3 3 0 0 -1 -1 -1 -1 -2 -2 -3 -3 -3 -3 -1 -1 0 0 0 0 -1 -1 0 0 0 0 0 0 0 0 -1 -1 -1 -1 0 0 0 -3 -3 -2 -2 0 0 0 0 0 0 0 0 0 -1 -1 2 2 2 2 2 2 1 1 2 2 0 0 -3 -3 -5 -5 -2 -2 -2 -2 1 2 0 0 0 0 0 0 0 0 0 0 -1 -1 1 1 0 0 -1 -1 -1 -1 -5 -5 -3 -3 -7 0 0 0 0 0 0 0 0 0 0 0 0 0 0 0 0 0 0 2 2 3 3 3 4 4 4 3 3 2 2 2 2 1 1 0 0 0 0 -2 -2 -2 0 0 0 0 0 2 2 0 0 -1 -1 0 0 0 0 4 4 -5 -4 -1 0 5 5 5 4 4 4 4 4 5 5 5 5 5 5 5 5 1 1 2 2 3 3 3 4 4 4 6 6 6 6 7 7 7 7 8 8 5 5 5 5 10 10 10 10 10 10 10 10 10 10 10 10 11 11 11 11 11 11 11 11 11 9 9 9 9 9 
RSSI
-51 -51 -51 -51 -51 -51 -51 -51 -51 -51 -51 -51 -51 -51 -51 -51 -51 -51 -51 -51 -51 -51 -51 -51 -51 -51 -51 -51 -51 -51 -51 -51 -51 -51 -51 -51 -51 -51 -51 -51 -51 -51 -51 -51 -51 -51 -51 -51 -51 -51 -51 -51 -51 -51 -51 -51 -51 -51 -51 -51 -51 -51 -51 -51 -51 -51 -51 -51 -51 -51 -51 -51 -51 -51 -51 -51 -51 -51 -51 -51 -51 -51 -51 -51 -51 -51 -51 -51 -51 -51 -51 -51 -51 -51 -51 -51 -51 -51 -51 -51 -51 -51 -51 -51 -51 -51 -51 -51 -51 -51 -51 -51 -51 -51 -51 -51 -51 -51 -51 -51 -51 -51 -51 -51 -51 -51 -51 -51 -51 -51 -51 -51 -51 -51 -51 -51 -51 -51 -51 -51 -51 -51 -51 -51 -51 -51 -51 -51 -51 -51 -51 -51 -51 -51 -51 -51 -51 -51 -51 -51 -51 -51 -51 -51 -51 -51 -51 -51 -51 -51 -51 -51 -51 -51 -51 -51 -51 -51 -51 -51 -51 -51 -51 -51 -51 -51 -51 -51 -51 -51 -51 -51 -51 -51 -51 -51 -51 -51 -51 -51 -51 -51 -51 -51 -51 -51 -51 -51 -51 -51 -51 -51 -51 -51 -51 -51 -51 -51 -51 -51 -51 -51 -51 -51 -51 -51 -51 -51 -51 -51 -51 -51 -51 -51 -51 -51 -51 -51 -51 -51 -51 -51 -51 -51 -51 -51 -51 -51 -51 -51 -51 -51 -51 -51 -51 -51 -51 -51 -51 -51 -51 -51 -51 -51 -51 -51 -51 -51 -51 -51 -51 -51 -51 -51 -51 -51 -51 -51 -51 -51 -51 -51 -51 -51 -51 -51 -51 -51 -51 -51 -51 -51 -51 -51 -51 -51 -51 -51 -51 -51 -51 -51 -51 -51 -51 -51 -51 -51 -51 -51 -51 -51 -51 -51 -51 -51 -51 -51 -51 -51 -51 -51 -51 -51 -51 -51 -51 -51 -51 -51 -51 -51 -51 -51 -51 -51 -51 -51 -51 -51 -51 -51 -51 -51 
RSRP
-69 -68 -68 -68 -69 -69 -69 -69 -69 -69 -69 -69 -69 -69 -69 -69 -69 -69 -69 -69 -69 -69 -69 -69 -68 -68 -68 -68 -68 -68 -68 -68 -68 -68 -68 -68 -68 -68 -68 -68 -68 -68 -69 -69 -69 -69 -69 -69 -69 -69 -69 -70 -70 -70 -70 -71 -71 -71 -71 -71 -71 -71 -71 -71 -75 -75 -75 -75 -75 -75 -75 -76 -76 -76 -76 -76 -77 -77 -77 -78 -78 -78 -77 -77 -77 -77 -77 -77 -77 -77 -77 -77 -77 -77 -77 -76 -76 -76 -76 -76 -76 -76 -76 -76 -76 -75 -75 -75 -75 -75 -75 -75 -75 -75 -75 -76 -76 -76 -76 -76 -76 -76 -76 -76 -76 -77 -77 -77 -77 -77 -78 -79 -79 -79 -79 -79 -78 -78 -78 -78 -78 -78 -78 -77 -77 -76 -76 -76 -76 -74 -74 -74 -74 -74 -74 -74 -74 -74 -73 -73 -73 -73 -73 -74 -74 -74 -74 -74 -74 -74 -74 -74 -75 -75 -75 -75 -75 -75 -75 -75 -75 -76 -76 -76 -76 -75 -75 -76 -76 -76 -76 -76 -76 -76 -76 -76 -76 -76 -76 -77 -77 -77 -78 -78 -78 -78 -78 -76 -76 -76 -76 -76 -74 -74 -74 -73 -72 -72 -72 -72 -71 -71 -69 -69 -69 -69 -68 -68 -68 -68 -68 -68 -69 -69 -69 -69 -69 -69 -69 -71 -71 -71 -71 -71 -72 -72 -72 -72 -73 -73 -74 -74 -75 -75 -75 -75 -75 -76 -76 -76 -76 -76 -76 -76 -76 -77 -77 -77 -77 -77 -77 -77 -77 -77 -77 -77 -77 -77 -77 -76 -76 -76 -76 -76 -76 -76 -74 -74 -74 -74 -74 -74 -74 -74 -71 -71 -71 -70 -69 -69 -69 -69 -69 -69 -69 -69 -69 -69 -69 -69 -69 -69 -69 -69 -69 -69 -69 -69 -70 -70 -70 -70 -70 -70 -70 -70 -70 -70 -70 -70 -70 -70 -70 -70 -70 -70 -70 -70 -70 -68 -68 -68 -68 -68 
CID
13678086 13678086 13678086 13678086 13678086 13678086 13678086 13678086 13678086 13678086 13678086 13678086 13678086 13678086 13678086 13678086 13678086 13678086 13678086 13678086 13678086 13678086 13678086 13678086 13678086 13678086 13678086 13678086 13678086 13678086 13678086 13678086 13678086 13678086 13678086 13678086 13678086 13678086 13678086 13678086 13678086 13678086 13678086 13678086 13678086 13678086 13678086 13678086 13678086 13678086 13769742 13769742 13769742 13769742 13769742 13769742 13769742 13769742 13769742 13769742 13769742 13769742 13769742 13769742 13769742 13769742 13769742 13769742 13769742 13769742 13769742 13769742 13769742 13678086 13678086 13678086 13678086 13769742 13769742 13769742 13769742 13769742 13769742 13769742 13769742 13769742 13769742 13769742 13769742 13769742 13769742 13769742 13769742 13769742 13769742 13769742 13769742 13769742 13769742 13769742 13769742 13769742 13769742 13769742 13769742 13769742 13769742 13769742 13769742 13769742 13769742 13769742 13769742 13769742 13769742 13769742 13769742 13769742 13769742 13769742 13769742 13769742 13769742 13769742 13769742 13769742 13769742 13769742 13769742 13769742 13769742 13754893 13754893 13754893 13754893 13792526 13792526 13792526 13792526 13792526 13792526 13792526 13792526 13792526 13792526 13792526 13792526 13792526 13792526 13792526 13792526 13792526 13792526 13792526 13792526 13792526 13792526 13792526 13792526 13792526 13792526 13792526 13769742 13769742 13769742 13769742 13769742 13769742 13769742 13769742 13769742 13769742 13769742 13769742 13769742 13769742 13769742 13769742 13769742 13769742 13769742 13769742 13769742 13678086 13678086 13678086 13678086 13678086 13678086 13678086 13678086 13792526 13792526 13792526 13792526 13792526 13792526 13792526 13792526 13792526 13792526 13792526 13678086 13678086 13678086 13678086 13678086 13678086 13678086 13678086 13678086 13678086 13678086 13678086 13678086 13678086 13678086 13678086 13678086 13678086 13678086 13678086 13678086 13678086 13678086 13678086 13678086 13678086 13678086 13678086 13678086 13678086 13678086 13678086 13678086 13678086 13678086 13678086 13678086 13678086 13678086 13678086 13678086 13678086 13678086 13678086 13678086 13678086 13678086 13678086 13678086 13678086 13678086 13678086 13678086 13678086 13678086 13678086 13678086 13678086 13678086 13769742 13769742 13769742 13769742 13769742 13769742 13769742 13769742 13769742 13769742 13769742 13769742 13769742 13769742 13769742 13769742 13769742 13769742 13769742 13769742 13678086 13678086 13678086 13678086 13678086 13678086 13678086 13678086 13678086 13678086 13678086 13678086 13678086 13678086 13678086 13678086 13678086 13678086 13678086 13678086 13678086 13678086 13678086 13678086 13678086 13678086 13678086 13678086 13678086 13678086 13678086 13678086 13678086 13678086 13678086 13678086 13678086 13678086 13678086 13678086 13678086 13678086 13678086 13678086 13678086 13678086 13678086 13678086 13678086 13678086 13678086 13678086 13678086 13678086 13678086 13678086 13678086 13678086 13678086 13678086 13678086 13678086 13678086 
RSRP of 5G
-82 -83 -83 -79 -79 -83 -83 -83 -83 -87 -87 -87 -82 -79 -79 -79 -79 -81 -81 -81 -81 -81 -85 -85 -83 -83 -83 -83 -83 -84 -84 -84 -84 -84 -82 -87 -87 -82 -82 -82 -82 -87 -87 -86 -86 -86 -86 -86 -86 -85 -79 -85 -85 -84 -84 -83 -83 -83 -83 -83 -83 -83 -83 -83 -86 -88 -88 -85 -85 -85 -85 -90 -90 -87 -87 -86 -86 -86 -86 -89 -89 -85 -85 -85 -85 -85 -85 -85 -85 -85 -85 -85 -85 -85 -85 -86 -86 -86 -86 -82 -82 -84 -84 -83 -83 -87 -87 -83 -83 -87 -87 -83 -83 -90 -90 -78 -78 -79 -79 -90 -90 -86 -86 -88 -88 -90 -90 -94 -94 -100 -100 -84 -84 -87 -87 -86 -86 -87 -87 -89 -89 -89 -89 -82 -82 -86 -86 -99 -99 -95 -95 -90 -90 -90 -89 -89 -93 -93 -82 -82 -82 -93 -93 -94 -94 -89 -89 -88 -80 -78 -78 -78 -78 -78 -78 -78 -78 -78 -78 -78 -78 -80 -80 -79 -79 -91 -91 -80 -80 -84 -77 -79 -79 -77 -77 -79 -79 -76 -76 -84 -84 -80 -80 -79 -79 -78 -78 -80 -80 -80 -80 -85 -85 -79 -79 -83 -83 -83 -86 -86 -87 -87 -85 -85 -89 -89 -90 -90 -84 -84 -90 -90 -86 -86 -84 -84 -75 -75 -75 -75 -75 -75 -81 -81 -85 -85 -82 -82 -81 -81 -82 -82 -83 -83 -101 -101 -90 -90 -90 -90 -86 -86 -81 -81 -84 -84 -90 -90 -84 -84 -84 -84 -89 -81 -102 -86 -104 -81 -83 -83 -83 -84 -84 -84 -84 -84 -83 -83 -83 -83 -83 -83 -83 -83 -86 -86 -82 -82 -84 -84 -84 -83 -83 -83 -79 -79 -81 -81 -79 -79 -79 -79 -81 -81 -87 -87 -87 -87 -82 -82 -82 -82 -82 -82 -82 -82 -82 -82 -85 -85 -80 -80 -85 -85 -85 -85 -85 -85 -85 -82 -82 -82 -82 -82 
CQI
2147483647 2147483647 2147483647 2147483647 2147483647 2147483647 2147483647 2147483647 2147483647 2147483647 2147483647 2147483647 2147483647 2147483647 2147483647 2147483647 2147483647 2147483647 2147483647 2147483647 2147483647 2147483647 2147483647 2147483647 2147483647 2147483647 2147483647 2147483647 2147483647 2147483647 2147483647 2147483647 2147483647 2147483647 2147483647 2147483647 2147483647 2147483647 2147483647 2147483647 2147483647 2147483647 2147483647 2147483647 2147483647 2147483647 2147483647 2147483647 2147483647 2147483647 2147483647 2147483647 2147483647 2147483647 2147483647 2147483647 2147483647 2147483647 2147483647 2147483647 2147483647 2147483647 2147483647 2147483647 2147483647 2147483647 2147483647 2147483647 2147483647 2147483647 2147483647 2147483647 2147483647 2147483647 2147483647 2147483647 2147483647 2147483647 2147483647 2147483647 2147483647 2147483647 2147483647 2147483647 2147483647 2147483647 2147483647 2147483647 2147483647 2147483647 2147483647 2147483647 2147483647 2147483647 2147483647 2147483647 2147483647 2147483647 2147483647 2147483647 2147483647 2147483647 2147483647 2147483647 2147483647 2147483647 2147483647 2147483647 2147483647 2147483647 2147483647 2147483647 2147483647 2147483647 2147483647 2147483647 2147483647 2147483647 2147483647 2147483647 2147483647 2147483647 2147483647 2147483647 2147483647 2147483647 2147483647 2147483647 2147483647 2147483647 2147483647 2147483647 2147483647 2147483647 2147483647 2147483647 2147483647 2147483647 2147483647 2147483647 2147483647 2147483647 2147483647 2147483647 2147483647 2147483647 2147483647 2147483647 2147483647 2147483647 2147483647 2147483647 2147483647 2147483647 2147483647 2147483647 2147483647 2147483647 2147483647 2147483647 2147483647 2147483647 2147483647 2147483647 2147483647 2147483647 2147483647 2147483647 2147483647 2147483647 2147483647 2147483647 2147483647 2147483647 2147483647 2147483647 2147483647 2147483647 2147483647 2147483647 2147483647 2147483647 2147483647 2147483647 2147483647 2147483647 2147483647 2147483647 2147483647 2147483647 2147483647 2147483647 2147483647 2147483647 2147483647 2147483647 2147483647 2147483647 2147483647 2147483647 2147483647 2147483647 2147483647 2147483647 2147483647 2147483647 2147483647 2147483647 2147483647 2147483647 2147483647 2147483647 2147483647 2147483647 2147483647 2147483647 2147483647 2147483647 2147483647 2147483647 2147483647 2147483647 2147483647 2147483647 2147483647 2147483647 2147483647 2147483647 2147483647 2147483647 2147483647 2147483647 2147483647 2147483647 2147483647 2147483647 2147483647 2147483647 2147483647 2147483647 2147483647 2147483647 2147483647 2147483647 2147483647 2147483647 2147483647 2147483647 2147483647 2147483647 2147483647 2147483647 2147483647 2147483647 2147483647 2147483647 2147483647 2147483647 2147483647 2147483647 2147483647 2147483647 2147483647 2147483647 2147483647 2147483647 2147483647 2147483647 2147483647 2147483647 2147483647 2147483647 2147483647 2147483647 2147483647 2147483647 2147483647 2147483647 2147483647 2147483647 2147483647 2147483647 2147483647 2147483647 2147483647 2147483647 2147483647 2147483647 2147483647 2147483647 2147483647 2147483647 2147483647 2147483647 2147483647 2147483647 2147483647 2147483647 2147483647 2147483647 2147483647 2147483647 2147483647 2147483647 2147483647 2147483647 2147483647 2147483647 2147483647 2147483647 2147483647 2147483647 2147483647 2147483647 2147483647 2147483647 2147483647 2147483647 2147483647 2147483647 2147483647 2147483647 2147483647 2147483647 2147483647 2147483647 2147483647 2147483647 2147483647 2147483647 2147483647 2147483647 2147483647 2147483647 2147483647 2147483647 2147483647 2147483647 2147483647 2147483647 2147483647 2147483647 2147483647 2147483647 
Altitude
-117.74501037597656 -116.7409439086914 -116.02224731445312 -115.16615295410156 -114.35233306884766 -113.51737213134766 -112.72468566894531 -112.01127624511719 -111.1657485961914 -110.47347259521484 -109.60152435302734 -108.85111236572266 -107.97916412353516 -107.23932647705078 -105.73851776123047 -103.82022857666016 -101.64299011230469 -99.72998809814453 -97.66372680664062 -95.51820373535156 -93.40966796875 -91.42796325683594 -89.31414031982422 -87.33243560791016 -85.04422760009766 -83.03081512451172 -80.96455383300781 -78.90357971191406 -76.87431335449219 -74.83976745605469 -72.85806274414062 -70.71781921386719 -68.62513732910156 -66.59058380126953 -64.60887908935547 -62.2308349609375 -60.275550842285156 -58.404823303222656 -56.423118591308594 -54.30929946899414 -52.364585876464844 -50.34588623046875 -48.226783752441406 -46.1763801574707 -44.06256103515625 -41.9276008605957 -40.23126220703125 -38.12272644042969 -36.421104431152344 -34.88858413696289 -33.435333251953125 -32.30972671508789 -31.273954391479492 -30.375579833984375 -29.635744094848633 -29.487777709960938 -28.869483947753906 -28.11907958984375 -27.7650146484375 -27.7280216217041 -27.41094970703125 -27.19428253173828 -26.85607147216797 -27.136152267456055 -27.115015029907227 -26.7662353515625 -26.470300674438477 -27.284120559692383 -28.63167953491211 -28.784931182861328 -31.532896041870117 -32.922733306884766 -34.39183807373047 -35.73411178588867 -37.5361442565918 -39.41215896606445 -40.109718322753906 -41.525978088378906 -42.85768127441406 -44.099552154541016 -47.14345169067383 -47.25971221923828 -49.098731994628906 -50.68409729003906 -51.857269287109375 -52.7714958190918 -53.5853157043457 -54.140193939208984 -54.943443298339844 -55.720272064208984 -56.03734588623047 -56.50767135620117 -56.491817474365234 -56.88815689086914 -57.31092071533203 -57.73896789550781 -57.923927307128906 -57.57514953613281 -57.421897888183594 -57.46417236328125 -57.51173400878906 -57.24222183227539 -57.02027130126953 -56.95157241821289 -57.22636795043945 -57.32149124145508 -57.52230453491211 -57.51173400878906 -57.45360565185547 -57.41661071777344 -57.44303512573242 -57.37433624267578 -57.45360565185547 -57.06254577636719 -56.54466247558594 -54.864173889160156 -52.306453704833984 -51.07515335083008 -50.77922058105469 -49.56905746459961 -47.66133499145508 -45.79589080810547 -43.72963333129883 -41.88532638549805 -39.750370025634766 -37.92720031738281 -36.66419219970703 -35.649559020996094 -34.370697021484375 -33.630863189697266 -32.84874725341797 -32.18817901611328 -31.55931854248047 -30.96216583251953 -30.73493003845215 -30.312166213989258 -29.973955154418945 -30.02680015563965 -30.148345947265625 -29.577613830566406 -29.593467712402344 -29.778427124023438 -29.857694625854492 -28.462574005126953 -28.362167358398438 -27.971111297607422 -27.532493591308594 -28.23005485534668 -28.716232299804688 -28.758508682250977 -28.251192092895508 -28.251192092895508 -28.288185119628906 -28.351598739624023 -28.351598739624023 -28.705663681030273 -27.638185501098633 -26.7662353515625 -26.977617263793945 -28.045095443725586 -28.710948944091797 -29.45078468322754 -30.660945892333984 -32.26216506958008 -33.467041015625 -34.89386749267578 -38.30768585205078 -38.6987419128418 -40.2206916809082 -40.09386444091797 -43.40199279785156 -44.104835510253906 -43.5288200378418 -46.07597351074219 -47.513370513916016 -48.97190475463867 -50.18206787109375 -52.38043975830078 -53.437347412109375 -53.860111236572266 -54.86946105957031 -55.67271041870117 -56.04262924194336 -56.31742477416992 -56.59750747680664 -57.46945571899414 -57.421897888183594 -58.077178955078125 -59.070674896240234 -60.0536003112793 -59.10238265991211 -58.17758560180664 -58.08246612548828 -58.10888671875 -58.230430603027344 -58.30970001220703 -58.54750442504883 -58.82758712768555 -59.02840042114258 -59.12351989746094 -58.73774719238281 -58.975555419921875 -58.67961883544922 -58.558074951171875 -58.293846130371094 -57.649131774902344 -57.363765716552734 -55.656856536865234 -53.944664001464844 -51.84669876098633 -50.382877349853516 -50.56255340576172 -49.9918212890625 -48.184505462646484 -46.673126220703125 -45.093048095703125 -42.80483627319336 -41.30402374267578 -39.45443344116211 -38.275978088378906 -37.38817596435547 -36.03004837036133 -35.115821838378906 -34.360130310058594 -33.38777160644531 -32.46826171875 -31.702001571655273 -31.78655433654785 -31.458913803100586 -31.35850715637207 -31.480051040649414 -30.904035568237305 -31.326799392700195 -30.967449188232422 -30.988588333129883 -30.86704444885254 -30.032085418701172 -29.42964744567871 -28.6739559173584 -28.330461502075195 -28.404443740844727 -28.52070426940918 -28.615825653076172 -28.425582885742188 -27.94468879699707 -27.83899688720703 -27.7280216217041 -27.54834747314453 -27.638185501098633 -27.458511352539062 -27.32111167907715 -27.72273826599121 -27.83899688720703 -27.6751766204834 -27.61176300048828 -27.025177001953125 -26.956478118896484 -27.643468856811523 -28.827207565307617 -30.063793182373047 -31.527612686157227 -33.18695831298828 -34.41825866699219 -36.003623962402344 -37.37232208251953 -38.682891845703125 -39.95646667480469 -41.27760314941406 -42.42435073852539 -43.9463005065918 -45.251583099365234 -46.7576789855957 -48.284912109375 -49.886131286621094 -51.42921829223633 -52.76620864868164 -54.25645065307617 -55.93165588378906 -57.43775177001953 -58.80644989013672 -60.486934661865234 -61.977176666259766 -63.747501373291016 -64.98937225341797 -66.92351531982422 -67.96985626220703 -69.62920379638672 -71.14057922363281 -72.74708557128906 -74.48570251464844 -75.93367004394531 -77.31293487548828 -79.01984405517578 -80.45723724365234 -81.92634582519531 -83.36373901367188 -84.76414489746094 -86.55032348632812 -87.82389831542969 -89.62064361572266 -90.90479278564453 -92.33161926269531 -94.00682067871094 -95.35437774658203 -97.07186126708984 -98.23445892333984 -99.33892822265625 -100.96656799316406 -102.398681640625 -104.14786529541016 -105.8125 -107.3555908203125 -108.37550354003906 -109.89745330810547 -111.12875366210938 -111.37712860107422 -111.86331176757812 -112.1645278930664 -112.14867401123047 -112.33892059326172 -112.48688507080078 -112.81452941894531 -112.99420166015625 -113.06818389892578 -113.33769989013672 -113.69176483154297 -114.056396484375 -114.55842590332031 -114.44744873046875 -114.93891143798828 -114.85436248779297 -114.92305755615234 -115.25598907470703 -115.55720520019531 -115.636474609375 -115.89541625976562 -116.11737060546875 -116.3234634399414 -116.61940002441406 -116.93119049072266 -117.12671661376953 -117.634033203125 -118.09907531738281 -119.06614685058594 