LTE(1) or 5G(2)
2 2 2 2 2 2 2 2 2 2 2 2 2 2 2 2 2 2 2 2 2 2 2 2 2 2 2 2 2 2 2 2 2 2 2 2 2 2 2 2 2 2 2 2 2 2 2 2 2 2 2 2 2 2 2 2 2 2 2 2 2 2 2 2 1 1 1 2 2 2 2 2 2 2 2 2 2 2 2 2 2 2 2 2 2 2 2 2 2 2 2 2 2 2 2 2 2 2 2 2 2 2 2 2 2 2 2 2 2 2 2 2 2 2 2 2 2 2 2 2 2 2 1 1 1 1 1 1 1 1 1 1 1 1 2 1 1 1 1 2 2 2 1 1 2 2 2 2 2 2 2 2 2 2 2 2 2 2 2 2 1 1 2 2 2 2 1 1 2 2 2 2 2 2 2 2 2 2 2 2 2 2 2 2 2 2 2 2 2 2 2 2 2 2 2 2 2 2 2 2 2 2 2 2 2 2 2 2 2 2 2 2 2 2 2 2 2 2 2 1 1 1 1 1 1 1 1 1 1 1 1 1 2 2 2 2 2 2 2 2 2 2 2 2 2 2 2 2 2 2 2 2 2 2 2 2 2 2 2 2 2 2 2 2 2 2 2 2 2 2 1 1 2 2 2 2 2 2 2 2 2 2 2 2 2 2 2 2 2 2 2 2 2 2 2 2 2 2 2 2 2 2 2 2 2 2 2 2 2 2 2 2 2 2 2 2 2 2 2 2 2 2 2 2 2 2 2 2 2 2 2 2 2 2 2 2 2 2 2 2 2 2 2 2 2 2 
SNR of LTE
3 2 2 2 2 2 2 2 2 2 2 2 2 2 2 2 2 2 2 2 2 1 1 1 1 1 1 1 1 1 1 0 0 0 0 0 0 0 0 0 0 0 0 -1 -1 -1 -2 -2 -2 -2 -2 -2 -2 -2 -2 -2 -2 -2 -2 -2 -3 -3 -3 -3 -3 -3 -3 -2 -2 -2 -2 -2 -2 -2 -2 -2 -2 -2 -2 -2 -2 -2 -2 -3 -3 -2 -2 -2 -2 -3 -3 -3 -3 -3 -3 -3 -3 -3 -3 -3 -3 -3 -3 -3 -3 -3 -3 -3 -2 -2 -2 -2 -2 -2 -2 -2 -2 -2 -2 -2 -2 -3 -3 -3 -3 -3 -4 -5 -5 -5 -5 -5 -5 -5 -5 -5 -5 -5 -5 -5 -5 -4 -4 -4 -4 -4 -5 -5 -5 -5 -5 -5 -5 -5 -5 -5 -5 -5 -5 -5 -5 -5 -5 -5 -4 -4 -4 -4 -3 -3 -3 -3 -2 -2 -3 -3 -3 -3 -2 -2 -4 -4 -4 -4 -4 -4 -5 -5 -5 -5 -5 -5 -5 -4 -4 -4 -4 -4 -5 -5 -5 -6 -6 -6 -6 -6 -6 -6 -5 -5 -5 -5 -5 -5 -5 -5 -7 -7 -7 -7 -8 -8 -8 -8 -9 -7 -7 -7 -6 -6 -6 -6 -6 -6 -6 -6 -5 -5 -5 -5 -4 -4 -4 -4 -2 -2 -2 -2 -3 -3 -3 -3 -3 -3 -3 -3 -3 -3 -3 -3 -3 -3 -3 -3 -3 -3 -3 -3 -3 -3 -4 -4 -4 -4 -4 -4 -4 -4 -5 -5 -5 -5 -5 -5 -5 -5 -5 -5 -5 -6 -6 -6 -5 -5 -5 -5 -5 -6 -6 -6 -6 -6 -5 -5 -5 -5 -5 -5 -5 -5 -4 -4 -4 -4 -3 -3 -3 -3 -3 -3 -1 -1 -1 1 1 2 2 3 3 3 3 3 3 3 3 3 5 5 5 5 5 5 6 6 6 6 
SNR of 5G
10 6 6 2 2 1 1 6 6 6 6 7 7 7 7 7 7 0 0 1 1 1 1 3 3 3 3 3 3 3 3 2 2 2 2 1 1 0 0 0 0 0 0 -5 -5 0 1 1 1 2 2 2 2 2 3 3 3 3 2 2 1 1 1 1 0 0 0 -1 -1 -1 -1 -1 -1 -1 -1 0 -3 0 0 1 1 1 1 2 2 3 3 3 3 3 3 2 2 2 2 1 1 0 0 0 0 0 0 0 0 -1 -1 4 4 3 3 1 -3 3 3 3 3 3 3 1 1 -3 0 0 0 0 0 0 0 0 0 0 0 0 -1 0 0 0 0 -2 -2 -3 0 0 -1 -1 0 0 0 0 1 1 0 0 1 1 0 0 -1 -1 0 0 1 1 0 0 0 0 -5 -5 -7 -7 -1 -1 -2 -2 -2 -2 -2 -2 -4 -4 -1 -1 -1 -1 0 0 -1 -1 -1 0 -3 -3 -1 -1 3 3 3 3 3 2 2 2 2 2 1 1 1 1 0 0 0 0 0 0 -3 -3 0 0 0 0 0 0 0 0 0 0 0 0 0 0 3 3 3 3 2 2 0 0 -1 -1 1 1 3 3 2 2 2 2 2 2 1 1 1 1 2 2 2 2 2 2 2 2 -5 -5 4 4 1 1 0 0 3 3 2 2 3 3 3 3 3 3 3 3 2 2 2 2 2 1 0 0 0 0 -2 -2 -3 -3 1 1 0 0 1 1 3 3 3 3 2 2 3 3 3 3 6 6 6 6 2 2 0 0 0 0 0 0 3 3 4 4 4 4 4 4 4 4 8 8 7 7 7 7 7 7 3 3 
RSSI
-53 -51 -51 -51 -51 -51 -51 -51 -51 -51 -51 -51 -51 -51 -51 -51 -51 -51 -51 -51 -51 -51 -51 -51 -51 -51 -51 -51 -51 -51 -51 -51 -51 -51 -51 -51 -51 -51 -51 -51 -51 -51 -51 -51 -51 -51 -51 -51 -51 -51 -51 -51 -51 -51 -51 -51 -51 -51 -51 -51 -51 -51 -51 -51 -51 -51 -51 -51 -51 -51 -51 -51 -51 -51 -51 -51 -51 -51 -51 -51 -51 -51 -51 -51 -51 -51 -51 -51 -51 -51 -51 -51 -51 -51 -51 -51 -51 -51 -51 -51 -51 -51 -51 -51 -51 -51 -51 -51 -51 -51 -51 -51 -51 -51 -51 -51 -51 -51 -51 -51 -51 -51 -51 -51 -51 -51 -51 -51 -51 -51 -51 -51 -51 -51 -51 -51 -51 -51 -51 -51 -51 -51 -51 -51 -51 -51 -51 -51 -51 -51 -51 -51 -51 -53 -53 -53 -51 -51 -51 -51 -51 -51 -51 -51 -51 -51 -51 -51 -51 -51 -51 -51 -51 -51 -51 -51 -51 -51 -51 -51 -51 -51 -51 -51 -51 -51 -51 -51 -51 -51 -51 -51 -51 -51 -51 -51 -51 -51 -51 -51 -51 -51 -51 -51 -51 -51 -51 -51 -51 -51 -51 -51 -51 -51 -51 -51 -51 -51 -51 -51 -51 -51 -51 -51 -51 -51 -51 -51 -51 -51 -51 -51 -51 -51 -51 -51 -51 -51 -51 -51 -51 -51 -51 -51 -51 -51 -51 -51 -51 -51 -51 -51 -51 -51 -51 -51 -51 -51 -51 -51 -51 -51 -51 -51 -51 -51 -51 -51 -51 -51 -51 -51 -51 -51 -51 -51 -51 -51 -51 -51 -51 -51 -51 -51 -51 -51 -51 -51 -51 -51 -51 -51 -51 -51 -51 -51 -51 -51 -51 -51 -51 -51 -51 -51 -51 -51 -51 -51 -51 -51 -51 -51 -51 -51 -51 -51 -51 -51 -51 -51 -51 -51 -51 -51 -51 -51 -51 -51 -51 -51 -51 -51 -51 -51 -51 -51 -51 -51 -51 -51 -51 -51 -51 -51 -51 -51 
RSRP
-80 -79 -79 -78 -78 -78 -78 -76 -76 -76 -76 -76 -76 -76 -76 -76 -76 -75 -75 -75 -75 -75 -75 -75 -75 -75 -75 -75 -75 -75 -75 -76 -76 -76 -76 -76 -76 -77 -77 -77 -77 -77 -77 -77 -77 -77 -78 -78 -78 -78 -78 -78 -78 -78 -78 -78 -78 -78 -78 -78 -79 -79 -79 -79 -78 -78 -78 -78 -78 -78 -78 -78 -78 -78 -78 -78 -78 -78 -78 -78 -78 -78 -78 -78 -78 -77 -77 -77 -77 -78 -78 -78 -78 -78 -78 -78 -78 -78 -78 -78 -78 -78 -78 -78 -78 -78 -78 -78 -76 -76 -76 -76 -76 -76 -76 -76 -76 -76 -76 -76 -76 -76 -76 -76 -76 -76 -78 -81 -81 -81 -81 -80 -80 -81 -81 -80 -80 -80 -80 -79 -79 -78 -78 -78 -78 -78 -78 -78 -78 -78 -77 -77 -76 -76 -76 -76 -77 -77 -77 -77 -77 -77 -77 -77 -77 -77 -77 -77 -77 -77 -77 -77 -77 -77 -77 -77 -77 -77 -77 -77 -77 -77 -77 -77 -77 -77 -77 -77 -77 -77 -77 -77 -76 -76 -76 -76 -76 -76 -76 -76 -76 -77 -77 -77 -77 -77 -77 -77 -76 -76 -77 -77 -77 -77 -77 -77 -78 -78 -78 -78 -79 -79 -79 -79 -79 -77 -77 -77 -76 -76 -76 -76 -76 -76 -75 -75 -75 -75 -74 -74 -74 -74 -74 -74 -74 -74 -74 -74 -74 -74 -74 -75 -75 -75 -75 -75 -75 -75 -75 -75 -75 -75 -75 -75 -75 -75 -75 -75 -75 -75 -75 -75 -75 -75 -76 -76 -76 -76 -77 -77 -77 -77 -77 -77 -78 -78 -78 -78 -78 -80 -80 -80 -79 -79 -79 -79 -79 -79 -79 -79 -79 -79 -79 -79 -79 -78 -78 -78 -77 -77 -76 -76 -75 -75 -74 -74 -74 -74 -74 -74 -72 -72 -72 -70 -70 -70 -70 -69 -69 -69 -69 -69 -69 -69 -69 -69 -69 -69 -69 -69 -69 -69 -71 -71 -71 -71 
CID
13792258 13792258 13792258 13792258 13792258 13792258 13792258 13792258 13792258 13792258 13792258 13792258 13792258 13792258 13792258 13792258 13792258 13792258 13792258 13792258 13792258 13792258 13792258 13792258 13792258 13792258 13792258 13792258 13792258 13792258 13792258 13792258 13792258 13792258 13792258 13792258 13792258 13792258 13792258 13792258 13792258 13792258 13792258 13792258 13792258 13792258 13792258 13792258 13792258 13792258 13792258 13792258 13792258 13792258 13792258 13792258 13792258 13792258 13792258 13792258 13792258 13792258 13792258 13792258 13792258 13792258 13792258 13792258 13792258 13792258 13792258 13792258 13792258 13792258 13792258 13792258 13792258 13792258 13792258 13792258 13792258 13792258 13792258 13792258 13792258 13792258 13792258 13792258 13792258 13792258 13792258 13792258 13792258 13792258 13792258 13792258 13792258 13792258 13792258 13792258 13792258 13792513 13792513 13792513 13792513 13792513 13792513 13792513 13792513 13792513 13792513 13792513 13792513 13792513 13792513 13792513 13792513 13792513 13792513 13792513 13792513 13792513 13792513 13792513 13792513 13792513 13792513 13792258 13792258 13792258 13769739 13769739 13769739 13769739 13769739 13769739 13769739 13769739 13769739 13769739 13769739 13769739 13769739 13769739 13769739 13769739 13769739 13769739 13769739 13769739 13769739 13769739 13754890 13754890 13754890 13754890 13754890 13754890 13754890 13754890 13754890 13754890 13792258 13792258 13792258 13792258 13792258 13754890 13754890 13754890 13754890 13754890 13754890 13754890 13754890 13754890 13754890 13754890 13754890 13754890 13754890 13754890 13769739 13769739 13769739 13769739 13769739 13769739 13769739 13769739 13769739 13792523 13792523 13769739 13769739 13769739 13792523 13792523 13754890 13754890 13754890 13769739 13769739 13769739 13769739 13769739 13769739 13769739 13769739 13769739 13769739 13769739 13769739 13769739 13769739 13769739 13769739 13769739 13769739 13769739 13769739 13769739 13769739 13769739 13754890 13754890 13754890 13754890 13678086 13678086 13678086 13678086 13678086 13678086 13678086 13678086 13678086 13678086 13678086 13678086 13678086 13678086 13678086 13678086 13678086 13678086 13678086 13678086 13678086 13678086 13678086 13678086 13678086 13678086 13678086 13678086 13678086 13678086 13678086 13678086 13678086 13678086 13678086 13678086 13678086 13792261 13792261 13792261 13754893 13754893 13769742 13769742 13769742 13769742 13769742 13769742 13769742 13769742 13769742 13769742 13769742 13769742 13769742 13769742 13769742 13769742 13769742 13769742 13769742 13769742 13769742 13769742 13769742 13769742 13769742 13769742 13769742 13769742 13769742 13769742 13769742 13769742 13769742 13769742 13678086 13678086 13678086 13678086 13678086 13678086 13678086 13678086 13678086 13678086 13678086 13678086 13678086 13678086 13678086 13678086 13678086 13678086 13678086 13678086 13678086 13678086 13678086 13678086 13678086 13678086 13678086 13678086 13678086 13678086 13678086 13678086 13678086 13678086 13678086 13678086 13678086 13678086 13678086 13678086 13678086 13678086 
RSRP of 5G
-84 -82 -82 -83 -83 -83 -75 -79 -79 -79 -79 -81 -81 -81 -81 -81 -81 -90 -90 -86 -86 -87 -87 -86 -86 -86 -86 -86 -86 -86 -86 -85 -85 -87 -87 -91 -91 -88 -88 -87 -87 -87 -87 -86 -86 -90 -86 -86 -86 -90 -89 -89 -89 -89 -95 -95 -87 -87 -88 -88 -87 -87 -86 -86 -86 -86 -86 -86 -86 -88 -88 -86 -86 -93 -93 -85 -82 -82 -82 -81 -81 -81 -81 -81 -81 -80 -80 -80 -80 -81 -81 -81 -81 -81 -81 -83 -83 -83 -83 -83 -83 -82 -82 -82 -82 -80 -80 -81 -81 -80 -80 -81 -84 -84 -84 -84 -84 -84 -84 -103 -103 -105 -105 -105 -105 -105 -105 -105 -105 -105 -105 -105 -105 -105 -123 -123 -123 -123 -123 -107 -107 -117 -117 -117 -90 -90 -92 -92 -84 -84 -86 -86 -109 -109 -80 -80 -97 -97 -95 -95 -95 -95 -82 -82 -90 -90 -98 -98 -110 -110 -90 -90 -85 -85 -80 -80 -80 -80 -81 -81 -88 -88 -82 -82 -82 -82 -82 -82 -84 -84 -84 -81 -84 -84 -79 -79 -79 -79 -79 -79 -79 -78 -78 -78 -78 -78 -78 -78 -79 -79 -79 -79 -82 -82 -92 -92 -104 -104 -90 -90 -90 -90 -90 -90 -90 -90 -90 -90 -90 -90 -90 -90 -84 -84 -88 -88 -84 -84 -85 -85 -83 -82 -82 -82 -81 -81 -81 -81 -81 -81 -81 -81 -80 -80 -81 -81 -81 -81 -81 -81 -80 -80 -80 -80 -81 -81 -83 -83 -84 -84 -84 -84 -88 -88 -85 -85 -85 -85 -85 -85 -85 -85 -85 -85 -95 -95 -92 -92 -92 -84 -89 -89 -82 -82 -93 -93 -99 -82 -85 -85 -87 -87 -90 -90 -90 -90 -84 -84 -85 -85 -84 -84 -99 -99 -81 -81 -81 -81 -91 -91 -87 -87 -86 -86 -88 -79 -88 -88 -83 -83 -83 -83 -83 -83 -83 -83 -81 -81 -79 -79 -79 -79 -80 -80 -86 -86 
CQI
2147483647 2147483647 2147483647 2147483647 2147483647 2147483647 2147483647 2147483647 2147483647 2147483647 2147483647 2147483647 2147483647 2147483647 2147483647 2147483647 2147483647 2147483647 2147483647 2147483647 2147483647 2147483647 2147483647 2147483647 2147483647 2147483647 2147483647 2147483647 2147483647 2147483647 2147483647 2147483647 2147483647 2147483647 2147483647 2147483647 2147483647 2147483647 2147483647 2147483647 2147483647 2147483647 2147483647 2147483647 2147483647 2147483647 2147483647 2147483647 2147483647 2147483647 2147483647 2147483647 2147483647 2147483647 2147483647 2147483647 2147483647 2147483647 2147483647 2147483647 2147483647 2147483647 2147483647 2147483647 2147483647 2147483647 2147483647 2147483647 2147483647 2147483647 2147483647 2147483647 2147483647 2147483647 2147483647 2147483647 2147483647 2147483647 2147483647 2147483647 2147483647 2147483647 2147483647 2147483647 2147483647 2147483647 2147483647 2147483647 2147483647 2147483647 2147483647 2147483647 2147483647 2147483647 2147483647 2147483647 2147483647 2147483647 2147483647 2147483647 2147483647 2147483647 2147483647 2147483647 2147483647 2147483647 2147483647 2147483647 2147483647 2147483647 2147483647 2147483647 2147483647 2147483647 2147483647 2147483647 2147483647 2147483647 2147483647 2147483647 2147483647 2147483647 2147483647 2147483647 2147483647 2147483647 2147483647 2147483647 2147483647 2147483647 2147483647 2147483647 2147483647 2147483647 2147483647 2147483647 2147483647 2147483647 2147483647 2147483647 2147483647 2147483647 2147483647 2147483647 2147483647 2147483647 2147483647 2147483647 2147483647 2147483647 2147483647 2147483647 2147483647 2147483647 2147483647 2147483647 2147483647 2147483647 2147483647 2147483647 2147483647 2147483647 2147483647 2147483647 2147483647 2147483647 2147483647 2147483647 2147483647 2147483647 2147483647 2147483647 2147483647 2147483647 2147483647 2147483647 2147483647 2147483647 2147483647 2147483647 2147483647 2147483647 2147483647 2147483647 2147483647 2147483647 2147483647 2147483647 2147483647 2147483647 2147483647 2147483647 2147483647 2147483647 2147483647 2147483647 2147483647 2147483647 2147483647 2147483647 2147483647 2147483647 2147483647 2147483647 2147483647 2147483647 2147483647 2147483647 2147483647 2147483647 2147483647 2147483647 2147483647 2147483647 2147483647 2147483647 2147483647 2147483647 2147483647 2147483647 2147483647 2147483647 2147483647 2147483647 2147483647 2147483647 2147483647 2147483647 2147483647 2147483647 2147483647 2147483647 2147483647 2147483647 2147483647 2147483647 2147483647 2147483647 2147483647 2147483647 2147483647 2147483647 2147483647 2147483647 2147483647 2147483647 2147483647 2147483647 2147483647 2147483647 2147483647 2147483647 2147483647 2147483647 2147483647 2147483647 2147483647 2147483647 2147483647 2147483647 2147483647 2147483647 2147483647 2147483647 2147483647 2147483647 2147483647 2147483647 2147483647 2147483647 2147483647 2147483647 2147483647 2147483647 2147483647 2147483647 2147483647 2147483647 2147483647 2147483647 2147483647 2147483647 2147483647 2147483647 2147483647 2147483647 2147483647 2147483647 2147483647 2147483647 2147483647 2147483647 2147483647 2147483647 2147483647 2147483647 2147483647 2147483647 2147483647 2147483647 2147483647 2147483647 2147483647 2147483647 2147483647 2147483647 2147483647 2147483647 2147483647 2147483647 2147483647 2147483647 2147483647 2147483647 2147483647 2147483647 2147483647 2147483647 2147483647 2147483647 2147483647 2147483647 2147483647 2147483647 2147483647 2147483647 2147483647 2147483647 2147483647 2147483647 2147483647 2147483647 2147483647 2147483647 2147483647 2147483647 2147483647 2147483647 2147483647 2147483647 2147483647 2147483647 2147483647 2147483647 2147483647 2147483647 
Altitude
-127.78565216064453 -127.11450958251953 -126.2742691040039 -125.36532592773438 -123.98077392578125 -122.1047592163086 -119.8165512084961 -117.56005096435547 -115.57305908203125 -113.31655883789062 -111.16046142578125 -109.15233612060547 -107.2076187133789 -105.1730728149414 -102.78974151611328 -100.90843963623047 -98.6572265625 -96.76007080078125 -94.46128845214844 -92.37918090820312 -90.42389678955078 -88.48975372314453 -86.1856918334961 -84.2726821899414 -82.14301300048828 -80.20886993408203 -78.29586029052734 -76.06578063964844 -74.17919921875 -71.95968627929688 -69.86700439453125 -67.8747329711914 -65.73448944091797 -63.63652420043945 -61.707664489746094 -59.6519775390625 -57.53287124633789 -55.46133041381836 -53.37921905517578 -51.381656646728516 -49.42637634277344 -47.20158004760742 -45.034915924072266 -42.98979568481445 -40.971099853515625 -39.047523498535156 -36.92842102050781 -34.89386749267578 -32.922733306884766 -30.93574333190918 -28.922330856323242 -26.734527587890625 -24.911357879638672 -23.209733963012695 -21.95729637145996 -20.942663192749023 -20.060142517089844 -18.902828216552734 -17.930471420288086 -16.958114624023438 -16.80486297607422 -16.503643035888672 -16.239416122436523 -15.547140121459961 -15.621123313903809 -15.462587356567383 -15.388603210449219 -15.367465019226074 -14.976408004760742 -14.775595664978027 -14.469091415405273 -14.923563003540039 -14.796733856201172 -14.41624641418457 -14.743888854980469 -15.282912254333496 -14.299985885620117 -14.58006763458252 -14.886570930480957 -15.034538269042969 -15.65811538696289 -15.853643417358398 -15.980472564697266 -15.943480491638184 -15.76909065246582 -15.679253578186035 -15.584131240844727 -15.673969268798828 -15.562993049621582 -15.737382888793945 -15.668684005737305 -15.64754581451416 -15.816651344299316 -15.853643417358398 -15.837789535522461 -15.763806343078613 -15.710960388183594 -15.827220916748047 -15.906488418579102 -15.864212036132812 -15.763806343078613 -15.779659271240234 -15.858927726745605 -15.81136703491211 -15.029253959655762 -14.807302474975586 -14.844294548034668 -14.88128662109375 -15.023969650268555 -15.050392150878906 -14.844294548034668 -14.817872047424316 -15.34632682800293 -15.277627944946289 -15.251205444335938 -15.150798797607422 -14.939416885375977 -14.833725929260254 -14.664620399475098 -14.696327209472656 -14.273563385009766 -14.284132957458496 -15.039823532104492 -16.440227508544922 -17.72437286376953 -18.25811195373535 -18.062583923339844 -17.74022674560547 -18.125999450683594 -18.104860305786133 -17.999170303344727 -17.264617919921875 -17.44957733154297 -16.979251861572266 -16.936975479125977 -17.14307403564453 -17.660959243774414 -17.96746253967285 -17.23291015625 -15.996326446533203 -17.349170684814453 -17.185348510742188 -17.491853713989258 -17.549983978271484 -17.14307403564453 -17.217056274414062 -17.72437286376953 -17.893478393554688 -18.45363998413086 -18.638599395751953 -18.131282806396484 -17.62925148010254 -16.27640724182129 -16.96868324279785 -16.69917106628418 -16.783723831176758 -16.979251861572266 -17.280471801757812 -17.000391006469727 -17.174779891967773 -17.534130096435547 -17.222341537475586 -17.576406478881836 -17.375593185424805 -17.845918655395508 -17.19063377380371 -17.243478775024414 -17.89876365661621 -17.465431213378906 -16.329252243041992 -16.286975860595703 -16.397951126098633 -16.715024948120117 -16.889415740966797 -17.40730094909668 -17.402015686035156 -17.41258430480957 -17.555267333984375 -17.539413452148438 -17.44957733154297 -17.571121215820312 -17.687381744384766 -17.62925148010254 -17.54469871520996 -17.67681312561035 -16.958114624023438 -17.132503509521484 -17.592260360717773 -17.814210891723633 -17.660959243774414 -17.909332275390625 -17.87234115600586 -18.110145568847656 -17.845918655395508 -17.782503128051758 -17.29632568359375 -19.49469757080078 -16.820714950561523 -16.704456329345703 -17.539413452148438 -17.090227127075195 -16.926406860351562 -17.01095962524414 -16.936975479125977 -16.963397979736328 -16.868276596069336 -16.9422607421875 -17.090227127075195 -16.958114624023438 -16.87356185913086 -17.19063377380371 -16.87884521484375 -16.38738250732422 -15.763806343078613 -15.483724594116211 -15.795513153076172 -16.139009475708008 -16.894699096679688 -17.671527862548828 -17.74022674560547 -17.37030792236328 -17.026813507080078 -17.09551239013672 -17.248764038085938 -17.03209686279297 -16.9422607421875 -17.047950744628906 -16.9052677154541 -16.952829360961914 -16.9052677154541 -17.30160903930664 -17.49713706970215 -17.708518981933594 -17.993885040283203 -17.94632339477539 -17.67681312561035 -17.904048919677734 -18.07315444946289 -18.390226364135742 -17.930471420288086 -18.596323013305664 -18.62803077697754 -18.358518600463867 -17.333316802978516 -17.153642654418945 -15.806082725524902 -15.806082725524902 -15.821935653686523 -15.94876480102539 -16.318683624267578 -16.3239688873291 -16.05445671081543 -16.604049682617188 -17.069089889526367 -16.5247802734375 -16.598764419555664 -17.058521270751953 -17.280471801757812 -16.37152862548828 -17.576406478881836 -16.67803192138672 -16.48250389099121 -16.17071533203125 -15.705676078796387 -14.939416885375977 -15.4255952835083 -16.350391387939453 -16.043888092041016 -16.10201644897461 -17.180065155029297 -18.8499813079834 -20.646728515625 -22.60201072692871 -24.21379852294922 -26.105667114257812 -27.41623306274414 -29.04916000366211 -30.42842674255371 -31.89224624633789 -33.430049896240234 -34.761756896972656 -36.38411331176758 -38.03817367553711 -39.44386291503906 -40.78085708618164 -42.07556915283203 -43.967437744140625 -45.42068862915039 -46.7576789855957 -48.20035934448242 -49.55849075317383 -50.98003387451172 -52.44913864135742 -54.082061767578125 -55.31864547729492 -56.96742630004883 -58.7060432434082 -59.94791030883789 -61.45928955078125 -62.970672607421875 -64.4609146118164 -66.03570556640625 -67.36212921142578 -68.81009674072266 -70.12594604492188 -71.75359344482422 -73.39708709716797 -74.70764923095703 -75.90724182128906 -77.73041534423828 -79.13082122802734 -80.95927429199219 -82.25399017333984 -83.73365783691406 -84.95967864990234 -86.21739959716797 -87.90316772460938 -89.63121795654297 -91.21658325195312 -92.74909973144531 -94.21820068359375 -95.79299926757812 -97.16697692871094 -98.7629165649414 -99.80397033691406 -101.563720703125 -103.09095764160156 -104.7080307006836 -106.03445434570312 -107.12835693359375 -108.26981353759766 -109.71249389648438 -110.96493530273438 -113.38525390625 -114.14094543457031 -115.2876968383789 -116.95232391357422 -117.2852554321289 -119.18769073486328 -121.4864730834961 -123.45760345458984 -124.72061157226562 -126.32711791992188 -127.44744110107422 -128.87954711914062 -129.1279296875 