LTE(1) or 5G(2)
2 2 2 2 2 2 2 2 2 2 2 2 2 2 2 2 2 2 2 2 2 2 2 2 2 2 2 1 1 2 2 2 2 2 2 2 2 2 2 2 2 2 2 2 2 2 2 2 2 2 2 2 2 2 2 2 2 2 2 2 2 2 1 1 2 2 2 2 2 2 2 2 2 2 2 2 2 2 2 2 2 2 2 2 2 2 2 2 2 2 2 2 2 2 2 2 2 2 2 2 2 1 1 2 2 2 2 1 1 1 2 2 2 2 2 2 2 2 2 2 2 2 2 2 1 1 1 1 1 1 1 1 1 1 1 1 1 1 2 2 2 2 2 2 2 2 2 2 2 2 2 2 2 2 2 2 2 2 2 2 2 2 2 1 1 2 2 2 2 2 2 2 2 2 2 2 2 1 1 2 2 2 2 2 2 2 2 2 2 2 2 2 2 2 2 2 2 2 2 2 2 2 2 2 2 2 2 2 2 2 2 2 2 2 2 2 2 2 2 2 2 2 2 2 2 2 2 2 2 2 2 2 2 2 2 2 2 2 2 2 2 2 2 2 2 2 2 2 2 2 2 2 2 2 2 2 2 2 2 2 2 2 2 2 2 2 2 2 2 2 1 1 1 2 2 2 2 2 2 2 2 2 2 2 2 2 2 2 2 2 2 2 2 2 2 2 2 2 2 2 2 2 2 2 2 2 2 2 2 2 2 2 2 2 2 2 2 2 2 2 2 
SNR of LTE
14 14 14 14 11 11 11 11 11 11 11 11 11 11 11 11 8 8 8 8 8 8 7 7 7 7 7 7 6 6 6 6 5 5 5 4 4 2 2 2 1 0 0 0 0 0 0 -2 -2 -2 -3 -3 -3 -3 -3 -3 -3 -3 -3 -3 -3 -3 -3 -3 -3 -3 -3 -3 -3 -3 -3 -3 -3 -3 -3 -3 -2 -2 -3 -3 -3 -3 -3 -3 -3 -3 -3 -3 -3 -3 -3 -3 -3 -3 -3 -3 -3 -3 -3 -4 -4 -4 -4 -4 -4 -4 -4 -4 -4 -4 -3 -3 -3 -3 -3 -3 -3 -4 -4 -4 -4 -4 -3 -3 -3 -3 -3 -3 -3 -3 -3 -3 -3 -3 -3 -3 -3 -2 -2 -2 -2 -2 -1 -1 -1 -1 -1 -1 0 0 0 0 0 0 1 1 1 1 1 1 1 1 2 2 2 1 1 0 0 0 0 0 0 0 0 -1 -1 -2 -2 -2 -2 -2 -2 -2 -2 -2 -2 -4 -4 -3 -3 -3 -3 -3 -3 -3 -3 -3 -3 -3 -3 -3 -5 -5 -5 -5 -5 -4 -4 -4 -4 -4 -4 -4 -4 -4 -4 -4 -4 -4 -4 -2 -2 -2 -1 0 0 0 0 1 1 1 1 1 1 1 1 1 1 1 1 1 1 1 1 1 1 1 1 1 1 1 1 0 0 0 0 0 0 0 0 -1 -1 -1 -1 -1 -1 -1 -1 -1 -2 -2 -2 -2 -2 -3 -3 -3 -3 -3 -3 -3 -3 -3 -3 -3 -3 -1 -1 -1 -1 0 0 0 0 0 1 2 2 2 3 3 3 4 4 5 5 5 5 6 6 6 6 6 6 6 6 6 6 7 7 
SNR of 5G
12 12 12 12 7 7 7 7 7 7 7 7 7 7 7 7 2 2 1 1 1 1 -4 -4 0 0 0 0 0 3 3 3 3 2 2 1 1 0 0 0 -2 0 0 -2 -2 -1 -1 -3 -3 2 2 2 2 2 2 2 2 0 0 0 0 0 0 0 3 3 4 4 0 0 0 0 0 0 1 -3 4 4 5 5 5 5 5 5 1 0 0 -3 2 2 0 0 -1 -1 0 0 -1 -1 -2 -2 -3 0 0 -1 -1 -5 -5 0 0 0 3 3 3 1 1 -2 -2 -1 -1 4 4 1 1 -2 0 0 0 0 0 0 0 0 0 0 0 0 0 0 -5 -5 -3 -3 1 1 2 2 -1 -1 0 0 -1 -1 -1 -1 -1 -1 0 0 -1 -1 2 2 -3 0 0 0 0 -1 -1 0 0 -2 -2 -2 -2 0 0 0 0 -2 -2 -2 -2 -2 -2 -2 -2 0 0 1 1 3 3 3 3 3 3 3 3 3 3 2 2 1 1 0 0 -2 -2 -2 -2 -1 -1 -1 -1 0 0 0 0 1 1 1 1 1 1 1 1 2 2 2 2 3 3 3 3 2 2 4 4 4 4 4 4 4 4 4 4 4 4 4 4 4 4 2 2 2 2 1 1 0 0 -1 -1 0 0 0 0 -1 -1 -1 0 0 0 0 0 1 1 -1 -1 -1 -1 -2 -1 5 5 5 5 3 3 3 3 3 3 1 0 -1 -1 -3 -3 3 3 2 2 2 2 2 2 4 4 6 6 6 6 6 6 5 5 8 8 4 3 
RSSI
-51 -51 -51 -51 -51 -51 -51 -51 -51 -51 -51 -51 -51 -51 -51 -51 -51 -51 -51 -51 -51 -51 -51 -51 -51 -51 -51 -51 -51 -51 -51 -51 -51 -51 -51 -51 -51 -51 -51 -51 -51 -51 -51 -51 -51 -51 -51 -51 -51 -51 -51 -51 -51 -51 -51 -51 -51 -51 -51 -51 -51 -51 -51 -51 -51 -51 -51 -51 -51 -51 -51 -51 -51 -51 -51 -51 -51 -51 -51 -51 -51 -51 -51 -51 -51 -51 -51 -51 -51 -51 -51 -51 -51 -51 -51 -51 -51 -51 -51 -51 -51 -51 -51 -51 -51 -51 -51 -51 -51 -51 -51 -51 -51 -51 -51 -51 -51 -51 -51 -51 -51 -51 -51 -51 -51 -51 -51 -51 -51 -51 -51 -51 -51 -51 -51 -51 -51 -51 -51 -51 -51 -51 -51 -51 -51 -51 -51 -51 -51 -51 -51 -51 -51 -51 -51 -51 -51 -51 -51 -51 -51 -51 -51 -51 -51 -51 -51 -51 -51 -51 -51 -51 -51 -51 -51 -51 -51 -51 -51 -51 -51 -51 -51 -51 -51 -51 -51 -51 -51 -51 -51 -51 -51 -51 -51 -51 -51 -51 -51 -51 -51 -51 -51 -51 -51 -51 -51 -51 -51 -51 -51 -51 -51 -51 -51 -51 -51 -51 -51 -51 -51 -51 -51 -51 -51 -51 -51 -51 -51 -51 -51 -51 -51 -51 -51 -51 -51 -51 -51 -51 -51 -51 -51 -51 -51 -51 -51 -51 -51 -51 -51 -51 -51 -51 -51 -51 -51 -51 -51 -51 -51 -51 -51 -51 -51 -51 -51 -51 -51 -51 -51 -51 -51 -51 -51 -51 -51 -51 -51 -51 -51 -51 -51 -51 -51 -51 -51 -51 -51 -51 -51 -51 -51 -51 -51 -51 -51 -51 -51 -51 -51 -51 -51 -51 -51 -51 -51 -51 -51 -51 -51 -51 -51 -51 -51 -51 -51 -51 -51 -51 -51 
RSRP
-67 -67 -67 -67 -67 -67 -67 -67 -67 -67 -67 -67 -67 -67 -67 -67 -68 -68 -68 -68 -68 -68 -69 -69 -69 -69 -69 -69 -69 -69 -69 -69 -70 -70 -70 -70 -70 -70 -70 -70 -71 -72 -72 -72 -72 -72 -73 -74 -74 -74 -75 -75 -75 -75 -75 -76 -76 -76 -76 -76 -76 -76 -76 -76 -77 -77 -77 -77 -77 -77 -77 -77 -77 -77 -77 -77 -78 -78 -78 -78 -78 -78 -78 -78 -79 -79 -79 -79 -79 -79 -79 -79 -78 -78 -78 -78 -78 -78 -78 -78 -78 -78 -78 -78 -78 -77 -77 -77 -77 -77 -77 -77 -77 -77 -77 -77 -77 -78 -78 -78 -78 -78 -77 -77 -77 -77 -77 -78 -78 -78 -78 -78 -78 -78 -78 -78 -78 -77 -77 -77 -77 -77 -77 -77 -77 -77 -77 -77 -75 -75 -75 -75 -75 -74 -74 -74 -74 -74 -74 -74 -74 -74 -75 -75 -75 -75 -75 -75 -75 -75 -75 -76 -76 -76 -76 -77 -77 -78 -78 -78 -78 -78 -78 -78 -78 -78 -78 -79 -79 -78 -78 -78 -78 -78 -78 -78 -78 -78 -78 -78 -78 -78 -79 -79 -79 -79 -79 -78 -78 -78 -78 -78 -78 -77 -77 -77 -77 -77 -77 -77 -77 -75 -75 -75 -73 -72 -72 -72 -72 -72 -72 -72 -72 -72 -72 -73 -73 -73 -73 -73 -73 -73 -73 -73 -73 -73 -73 -73 -73 -73 -73 -73 -73 -74 -74 -74 -74 -74 -74 -74 -74 -75 -75 -75 -75 -75 -75 -75 -75 -75 -76 -76 -76 -76 -76 -77 -77 -77 -77 -77 -77 -77 -77 -77 -77 -77 -77 -75 -75 -75 -75 -73 -73 -73 -73 -73 -72 -71 -71 -71 -71 -71 -71 -70 -70 -70 -70 -70 -70 -69 -69 -69 -69 -69 -69 -69 -69 -69 -69 -69 -69 
CID
13678086 13678086 13678086 13678086 13678086 13678086 13678086 13678086 13678086 13678086 13678086 13678086 13678086 13678086 13678086 13678086 13678086 13678086 13678086 13678086 13678086 13678086 13678086 13678086 13678086 13678086 13678086 13678086 13678086 13678086 13678086 13678086 13678086 13678086 13678086 13678086 13678086 13678086 13678086 13678086 13678086 13769742 13769742 13769742 13769742 13769742 13769742 13769742 13769742 13769742 13769742 13769742 13769742 13769742 13769742 13769742 13769742 13769742 13769742 13769742 13769742 13769742 13769742 13769742 13769742 13769742 13769742 13792261 13792261 13792261 13792261 13769742 13769742 13769742 13769742 13769742 13769742 13769742 13769742 13769742 13769742 13769742 13769742 13769742 13769742 13769742 13769742 13769742 13769742 13769742 13769742 13769742 13769742 13769742 13769742 13769742 13769742 13769742 13769742 13769742 13769742 13678088 13678088 13678088 13678088 13678088 13678088 13678088 13678088 13678088 13678088 13678088 13678088 13678088 13678088 13678088 13678088 13678088 13678088 13678088 13678088 13678088 13678088 13678088 13678088 13678088 13678088 13792526 13792526 13792526 13792526 13792526 13792526 13792526 13792526 13792526 13792526 13792526 13792526 13792526 13792526 13792526 13792526 13792526 13792526 13792526 13792526 13792526 13792526 13792526 13792526 13792526 13792526 13792526 13792526 13792526 13792526 13792526 13792526 13792526 13792526 13792526 13792526 13792526 13678086 13678086 13678086 13678086 13678086 13678086 13678086 13678086 13678086 13678086 13678086 13678086 13678086 13678086 13678086 13678086 13678086 13678086 13678086 13678086 13678086 13678086 13678086 13678086 13678086 13678086 13678086 13678086 13678086 13678086 13678086 13678086 13678086 13678086 13792260 13792260 13792260 13792260 13792260 13678086 13678086 13678086 13678086 13678086 13678086 13678086 13678086 13678086 13678086 13678086 13678086 13678086 13678086 13678086 13678086 13678086 13678086 13678086 13678086 13678086 13678086 13678086 13678086 13678086 13678086 13678086 13678086 13678086 13678086 13678086 13678086 13678086 13678086 13678086 13678086 13678086 13678086 13678086 13678086 13678086 13678086 13678086 13678086 13678086 13678086 13678086 13678086 13678086 13678086 13678086 13678086 13678086 13678086 13678086 13678086 13678086 13678086 13678086 13678086 13678086 13678086 13678086 13678086 13678086 13678086 13678086 13678086 13678086 13678086 13678086 13678086 13678086 13678086 13678086 13678086 13678086 13678086 13678086 13678086 13678086 13678086 13678086 13678086 13678086 13678086 13678086 13678086 13678086 13678086 13678086 13678086 13678086 13678086 13678086 13678086 13678086 13678086 13678086 13678086 13678086 13678086 13678086 13678086 13678086 13678086 13678086 13678086 13678086 13678086 13678086 13678086 13678086 13678086 13678086 13678086 13678086 13678086 
RSRP of 5G
-79 -79 -79 -79 -79 -79 -79 -79 -79 -79 -79 -79 -79 -79 -79 -79 -81 -81 -82 -82 -115 -85 -83 -83 -93 -93 -97 -97 -97 -82 -82 -82 -86 -81 -81 -83 -83 -87 -87 -90 -85 -85 -85 -87 -87 -90 -90 -102 -102 -82 -82 -82 -82 -82 -82 -84 -84 -95 -95 -88 -88 -90 -90 -90 -89 -89 -80 -80 -104 -104 -86 -86 -105 -105 -89 -82 -82 -82 -80 -80 -82 -82 -82 -82 -85 -80 -85 -81 -93 -93 -81 -81 -90 -90 -88 -88 -87 -87 -87 -87 -92 -92 -92 -89 -89 -126 -126 -99 -99 -99 -82 -82 -82 -88 -88 -98 -98 -89 -83 -82 -82 -99 -99 -130 -130 -130 -130 -130 -130 -130 -130 -130 -130 -130 -130 -130 -130 -130 -106 -106 -103 -103 -84 -84 -95 -95 -86 -86 -84 -84 -85 -85 -85 -85 -86 -86 -87 -87 -91 -91 -86 -86 -117 -117 -117 -89 -89 -81 -81 -80 -80 -82 -82 -90 -111 -103 -81 -81 -81 -82 -82 -82 -82 -82 -82 -82 -82 -79 -79 -77 -77 -78 -78 -78 -78 -78 -78 -78 -77 -77 -77 -77 -77 -77 -77 -79 -79 -81 -81 -79 -79 -83 -83 -90 -90 -85 -85 -83 -83 -84 -84 -83 -83 -83 -83 -83 -83 -82 -82 -84 -84 -82 -82 -82 -82 -88 -88 -79 -79 -79 -79 -79 -79 -79 -79 -79 -79 -79 -79 -79 -79 -79 -79 -81 -81 -81 -81 -83 -83 -86 -86 -85 -85 -87 -87 -90 -90 -95 -95 -95 -95 -95 -95 -83 -83 -87 -87 -80 -80 -88 -88 -87 -82 -86 -86 -86 -86 -87 -87 -84 -84 -80 -80 -91 -85 -87 -87 -86 -86 -83 -83 -85 -85 -83 -83 -81 -81 -78 -78 -81 -81 -78 -78 -78 -78 -73 -73 -79 -79 -87 -79 
CQI
2147483647 2147483647 2147483647 2147483647 2147483647 2147483647 2147483647 2147483647 2147483647 2147483647 2147483647 2147483647 2147483647 2147483647 2147483647 2147483647 2147483647 2147483647 2147483647 2147483647 2147483647 2147483647 2147483647 2147483647 2147483647 2147483647 2147483647 2147483647 2147483647 2147483647 2147483647 2147483647 2147483647 2147483647 2147483647 2147483647 2147483647 2147483647 2147483647 2147483647 2147483647 2147483647 2147483647 2147483647 2147483647 2147483647 2147483647 2147483647 2147483647 2147483647 2147483647 2147483647 2147483647 2147483647 2147483647 2147483647 2147483647 2147483647 2147483647 2147483647 2147483647 2147483647 2147483647 2147483647 2147483647 2147483647 2147483647 2147483647 2147483647 2147483647 2147483647 2147483647 2147483647 2147483647 2147483647 2147483647 2147483647 2147483647 2147483647 2147483647 2147483647 2147483647 2147483647 2147483647 2147483647 2147483647 2147483647 2147483647 2147483647 2147483647 2147483647 2147483647 2147483647 2147483647 2147483647 2147483647 2147483647 2147483647 2147483647 2147483647 2147483647 2147483647 2147483647 2147483647 2147483647 2147483647 2147483647 2147483647 2147483647 2147483647 2147483647 2147483647 2147483647 2147483647 2147483647 2147483647 2147483647 2147483647 2147483647 2147483647 2147483647 2147483647 2147483647 2147483647 2147483647 2147483647 2147483647 2147483647 2147483647 2147483647 2147483647 2147483647 2147483647 2147483647 2147483647 2147483647 2147483647 2147483647 2147483647 2147483647 2147483647 2147483647 2147483647 2147483647 2147483647 2147483647 2147483647 2147483647 2147483647 2147483647 2147483647 2147483647 2147483647 2147483647 2147483647 2147483647 2147483647 2147483647 2147483647 2147483647 2147483647 2147483647 2147483647 2147483647 2147483647 2147483647 2147483647 2147483647 2147483647 2147483647 2147483647 2147483647 2147483647 2147483647 2147483647 2147483647 2147483647 2147483647 2147483647 2147483647 2147483647 2147483647 2147483647 2147483647 2147483647 2147483647 2147483647 2147483647 2147483647 2147483647 2147483647 2147483647 2147483647 2147483647 2147483647 2147483647 2147483647 2147483647 2147483647 2147483647 2147483647 2147483647 2147483647 2147483647 2147483647 2147483647 2147483647 2147483647 2147483647 2147483647 2147483647 2147483647 2147483647 2147483647 2147483647 2147483647 2147483647 2147483647 2147483647 2147483647 2147483647 2147483647 2147483647 2147483647 2147483647 2147483647 2147483647 2147483647 2147483647 2147483647 2147483647 2147483647 2147483647 2147483647 2147483647 2147483647 2147483647 2147483647 2147483647 2147483647 2147483647 2147483647 2147483647 2147483647 2147483647 2147483647 2147483647 2147483647 2147483647 2147483647 2147483647 2147483647 2147483647 2147483647 2147483647 2147483647 2147483647 2147483647 2147483647 2147483647 2147483647 2147483647 2147483647 2147483647 2147483647 2147483647 2147483647 2147483647 2147483647 2147483647 2147483647 2147483647 2147483647 2147483647 2147483647 2147483647 2147483647 2147483647 2147483647 2147483647 2147483647 2147483647 2147483647 2147483647 2147483647 2147483647 2147483647 2147483647 2147483647 2147483647 2147483647 2147483647 2147483647 2147483647 2147483647 2147483647 2147483647 2147483647 2147483647 2147483647 2147483647 2147483647 2147483647 2147483647 2147483647 2147483647 2147483647 2147483647 2147483647 2147483647 2147483647 2147483647 2147483647 2147483647 2147483647 2147483647 2147483647 2147483647 2147483647 2147483647 2147483647 
Altitude
-63.837337493896484 -63.261322021484375 -62.38408660888672 -61.490997314453125 -61.05766677856445 -59.065391540527344 -56.59750747680664 -54.17718505859375 -52.33816146850586 -50.36174011230469 -48.41702651977539 -46.30849075317383 -44.40605545043945 -42.3450813293457 -40.45321273803711 -38.3499641418457 -36.495086669921875 -34.3548469543457 -32.22517395019531 -30.217044830322266 -28.356884002685547 -26.491437911987305 -24.409326553344727 -22.586156845092773 -20.62558937072754 -18.485347747802734 -16.334537506103516 -14.252425193786621 -12.217874526977539 -10.310153007507324 -8.302024841308594 -6.499993801116943 -4.354467391967773 -2.346339225769043 -0.33292651176452637 1.6884130239486694 3.7573134899139404 5.802433490753174 7.533123016357422 9.464625358581543 10.732916831970215 11.715842247009277 12.875801086425781 13.755678176879883 14.566856384277344 15.256489753723145 15.695106506347656 16.427017211914062 16.688602447509766 17.140430450439453 17.423154830932617 17.695308685302734 17.93311309814453 17.951608657836914 18.1497802734375 18.281892776489258 18.477420806884766 18.538192749023438 18.617462158203125 18.80242156982422 18.76014518737793 18.72579574584961 18.68351936340332 18.519697189331055 18.41929054260254 18.445714950561523 18.503843307495117 18.59368133544922 18.984737396240234 18.728437423706055 18.80770492553711 19.29388427734375 20.57010269165039 22.89530372619629 24.327415466308594 25.474163055419922 26.37517738342285 28.171924591064453 29.892044067382812 31.984725952148438 33.89508819580078 35.82659149169922 37.80301284790039 39.17171096801758 40.59061050415039 41.49427032470703 42.310733795166016 43.113983154296875 43.822113037109375 44.26337432861328 44.98735427856445 45.26215362548828 45.610931396484375 45.83552551269531 46.23186492919922 46.49609375 46.76824951171875 46.681053161621094 46.35605239868164 46.747108459472656 47.25178527832031 47.14873504638672 47.663978576660156 47.69304275512695 47.91763687133789 48.21621322631836 48.39060592651367 48.469871520996094 48.19771957397461 47.91763687133789 47.92556381225586 47.888572692871094 47.97312545776367 49.20706558227539 48.665401458740234 48.50157928466797 48.13694763183594 46.58857345581055 45.174957275390625 44.34528350830078 43.259307861328125 41.65016174316406 40.667236328125 38.74102020263672 37.37232208251953 36.04854202270508 34.637569427490234 33.2873649597168 31.834115982055664 30.33858871459961 29.02009391784668 27.65403938293457 26.332901000976562 24.8505859375 23.923147201538086 23.162172317504883 22.538597106933594 21.70099639892578 21.193679809570312 21.143476486206055 20.646728515625 20.287378311157227 19.838191986083984 19.72193145751953 19.00851821899414 18.04408836364746 18.18941307067871 18.707298278808594 18.638599395751953 18.823558807373047 18.506486892700195 18.5593318939209 18.47477912902832 18.41400718688965 18.229047775268555 18.30303192138672 18.160348892211914 18.234333038330078 18.279251098632812 18.147136688232422 18.583112716674805 19.513193130493164 19.39693260192871 20.031078338623047 20.43006134033203 22.7631893157959 24.834732055664062 25.624773025512695 26.406885147094727 28.068876266479492 30.100784301757812 32.2066764831543 34.24915313720703 36.16480255126953 38.09894561767578 39.47557067871094 40.74386215209961 41.7400016784668 42.622520446777344 43.542030334472656 44.22373962402344 44.98471450805664 45.314998626708984 45.58715057373047 45.98877716064453 46.387760162353516 46.53837203979492 46.86601257324219 47.03776168823242 47.389183044433594 46.49873733520508 47.159305572509766 47.62434387207031 47.957271575927734 47.811946868896484 48.171295166015625 48.41702651977539 48.60462951660156 48.805442810058594 48.660118103027344 48.83186340332031 48.7552375793457 48.675968170166016 48.69974899291992 48.7552375793457 48.96662139892578 48.85564422607422 48.81865310668945 48.77373504638672 48.31398010253906 47.164588928222656 44.90016174316406 43.82475662231445 43.12983703613281 41.30931091308594 40.336952209472656 38.5587043762207 37.72110366821289 36.299560546875 34.40504837036133 33.03370666503906 31.78919792175293 30.106069564819336 29.244688034057617 27.85485076904297 25.733104705810547 24.435749053955078 23.39469337463379 22.459327697753906 21.835750579833984 21.339004516601562 21.050996780395508 20.593883514404297 20.297948837280273 20.004655838012695 19.748355865478516 19.338802337646484 18.791851043701172 18.88433074951172 18.945104598999023 18.728437423706055 19.420713424682617 19.33616065979004 19.312379837036133 19.151201248168945 19.064006805419922 18.902828216552734 18.860551834106445 18.886974334716797 18.886974334716797 18.879047393798828 18.984737396240234 18.99530792236328 19.013803482055664 18.900184631347656 18.860551834106445 18.860551834106445 19.005876541137695 18.83677101135254 18.955673217773438 18.694087982177734 18.659738540649414 17.827421188354492 16.501001358032227 15.39124584197998 14.009336471557617 12.60628890991211 10.89937973022461 9.50425910949707 7.950602054595947 7.295318126678467 6.396944999694824 4.867068290710449 3.2869887351989746 1.196950078010559 -1.030486822128296 -2.985769510269165 -4.116662979125977 -5.469507217407227 -7.873976230621338 -8.930885314941406 -10.611371994018555 -11.974784851074219 -12.482101440429688 -13.264215469360352 -14.17315673828125 -15.636977195739746 -17.44957733154297 -19.5581111907959 -21.164613723754883 -22.744693756103516 -24.092252731323242 -25.165016174316406 -27.062170028686523 -28.34103012084961 -29.218265533447266 -29.968669891357422 -31.675579071044922 -33.345497131347656 -35.358909606933594 -37.37232208251953 -38.65646743774414 -39.908905029296875 -41.66337585449219 -43.40199279785156 -45.13003921508789 -46.118247985839844 -47.19101333618164 -48.406455993652344 -50.5889778137207 -51.90482711791992 -53.220680236816406 -54.95401382446289 -55.25523376464844 -56.692626953125 -57.627994537353516 -59.715389251708984 -61.02595901489258 -62.748722076416016 -64.7515640258789 -65.08977508544922 