LTE(1) or 5G(2)
2 2 2 2 2 2 2 2 2 2 2 2 2 2 2 2 2 2 2 2 2 2 2 2 2 2 2 2 2 2 2 2 2 2 2 2 2 2 2 2 2 2 2 2 2 2 2 2 2 2 2 2 2 2 2 2 2 2 2 2 2 2 2 2 2 2 2 2 2 2 2 2 2 2 2 2 2 2 2 2 2 2 2 2 2 2 2 2 2 2 2 2 2 2 2 2 2 2 2 2 1 2 2 1 1 2 2 2 2 1 1 2 2 2 2 1 1 2 2 2 2 2 2 2 2 2 2 2 2 2 2 2 2 2 2 2 2 2 2 2 2 2 2 2 2 2 2 2 2 2 2 2 2 2 2 2 2 2 2 2 2 1 1 2 2 2 2 2 2 2 2 2 2 2 2 2 2 2 2 2 2 2 2 2 2 2 2 2 2 2 2 2 2 2 2 2 2 2 2 2 2 2 2 2 2 2 2 2 2 2 2 2 2 2 2 2 2 2 2 2 2 2 2 2 2 2 2 2 2 2 2 2 2 2 2 2 2 2 2 2 2 2 2 2 2 2 2 2 2 2 2 2 2 2 2 2 2 2 2 2 2 2 2 2 2 2 2 2 2 2 2 2 2 
SNR of LTE
11 11 10 10 10 10 10 8 8 8 8 8 8 8 8 8 7 7 7 7 7 7 7 7 5 5 5 5 5 5 5 5 5 5 5 5 5 5 3 3 3 3 3 3 3 3 3 2 2 2 2 2 2 2 2 0 0 0 0 0 -1 -1 -1 -1 -1 -1 -1 -1 -2 -2 -2 -2 -2 -2 -2 -2 -2 -2 -1 -1 -1 -1 -1 -1 -1 -1 -1 -1 0 0 0 -1 -1 -1 -1 -1 -2 -2 -3 -3 -3 -3 -3 -3 -3 -4 -4 -4 -4 -5 -5 -5 -5 -5 -5 -5 -5 -5 -5 -5 -5 -5 -5 -5 -5 -5 -5 -5 -5 -5 -5 -5 -5 -4 -4 -4 -4 -4 -4 -4 -4 -4 -4 -4 -4 -2 -2 -2 -2 -2 -2 -2 -2 -2 -2 0 0 0 0 0 0 0 0 0 0 0 0 0 0 0 0 0 -2 -2 -2 -2 -2 -2 -2 -2 -2 -3 -3 -3 -3 -3 -3 0 0 0 0 0 0 1 2 2 2 2 4 6 6 6 6 7 7 7 7 7 7 7 7 7 7 6 6 6 6 6 6 6 6 6 5 5 5 5 5 4 4 4 4 4 4 4 4 3 3 3 3 3 3 3 3 3 3 3 3 3 3 3 3 3 3 4 4 4 4 4 4 5 5 6 6 6 6 6 6 6 6 6 6 7 7 
SNR of 5G
6 6 6 7 7 7 7 9 9 9 8 8 8 8 8 8 4 4 4 4 4 4 4 4 6 6 7 7 7 7 7 7 7 7 7 7 7 7 5 5 5 5 5 5 5 5 4 4 3 3 3 3 3 3 3 3 5 5 5 5 4 4 4 4 4 4 4 4 7 7 8 8 8 8 8 8 7 7 7 7 7 7 7 7 7 7 7 7 5 5 1 -1 5 5 5 5 2 2 1 1 0 -1 -1 0 0 -1 -1 -1 -1 0 0 -3 -4 -1 -1 0 0 -1 -1 -3 -3 1 1 0 0 -5 -5 2 2 4 4 4 4 5 5 5 5 6 6 6 6 4 4 0 0 1 1 1 1 1 1 1 1 1 1 0 0 0 0 -1 -1 0 0 1 1 0 0 3 3 3 3 3 3 3 3 3 3 3 3 3 3 3 3 2 1 0 0 0 0 -2 -5 2 2 0 0 1 1 -1 -1 -1 -1 3 3 5 5 5 5 5 5 5 5 5 5 8 8 8 8 8 8 8 8 8 8 8 8 8 8 5 5 5 5 1 1 2 2 1 1 0 0 0 0 0 0 0 0 0 0 0 0 0 0 2 2 3 3 4 4 4 4 7 7 7 7 7 7 7 7 7 7 7 7 5 5 
RSSI
-51 -51 -51 -51 -51 -51 -51 -51 -51 -51 -51 -51 -51 -51 -51 -51 -51 -51 -51 -51 -51 -51 -51 -51 -51 -51 -51 -51 -51 -51 -51 -51 -51 -51 -51 -51 -51 -51 -51 -51 -51 -51 -51 -51 -51 -51 -51 -51 -51 -51 -51 -51 -51 -51 -51 -51 -51 -51 -51 -51 -51 -51 -51 -51 -51 -51 -51 -51 -51 -51 -51 -51 -51 -51 -51 -51 -51 -51 -51 -51 -51 -51 -51 -51 -51 -51 -51 -51 -51 -51 -51 -51 -51 -51 -51 -51 -51 -51 -51 -51 -51 -51 -51 -51 -51 -51 -51 -51 -51 -51 -51 -51 -51 -51 -51 -51 -51 -51 -51 -51 -51 -51 -51 -51 -51 -51 -51 -51 -51 -51 -51 -51 -51 -51 -51 -51 -51 -51 -51 -51 -51 -51 -51 -51 -51 -51 -51 -51 -51 -51 -51 -51 -51 -51 -51 -51 -51 -51 -51 -51 -51 -51 -51 -51 -51 -51 -51 -51 -51 -51 -51 -51 -51 -51 -51 -51 -51 -51 -51 -51 -51 -51 -51 -51 -51 -51 -51 -51 -51 -51 -51 -51 -51 -51 -51 -51 -51 -51 -51 -51 -51 -51 -51 -51 -51 -51 -51 -51 -51 -51 -51 -51 -51 -51 -51 -51 -51 -51 -51 -51 -51 -51 -51 -51 -51 -51 -51 -51 -51 -51 -51 -51 -51 -51 -51 -51 -51 -51 -51 -51 -51 -51 -51 -51 -51 -51 -51 -51 -51 -51 -51 -51 -51 -51 -51 -51 -51 -51 -51 -51 -51 -51 -51 -51 -51 -51 -51 -51 -51 -51 -51 -51 -51 
RSRP
-68 -68 -68 -68 -68 -68 -68 -67 -67 -67 -67 -67 -67 -67 -67 -67 -67 -67 -67 -67 -67 -67 -67 -67 -67 -67 -67 -67 -67 -67 -67 -67 -67 -67 -67 -67 -67 -67 -69 -69 -69 -69 -69 -69 -69 -69 -70 -70 -70 -70 -70 -70 -71 -71 -71 -71 -71 -71 -71 -71 -73 -73 -73 -73 -73 -73 -73 -73 -74 -75 -75 -75 -75 -75 -75 -75 -75 -75 -74 -74 -74 -74 -74 -75 -74 -74 -74 -74 -74 -74 -74 -74 -74 -74 -74 -74 -75 -75 -75 -75 -75 -76 -76 -76 -76 -77 -77 -77 -77 -78 -78 -78 -78 -78 -79 -78 -78 -78 -78 -78 -78 -78 -78 -78 -78 -78 -78 -77 -77 -77 -77 -77 -77 -77 -77 -77 -77 -77 -76 -76 -76 -76 -76 -76 -76 -74 -74 -74 -74 -74 -74 -74 -74 -74 -74 -74 -73 -73 -73 -73 -73 -73 -73 -73 -73 -73 -73 -73 -73 -73 -73 -73 -75 -75 -75 -75 -75 -75 -75 -75 -75 -74 -74 -74 -74 -74 -74 -71 -71 -71 -70 -70 -70 -69 -68 -68 -68 -68 -66 -66 -66 -66 -66 -65 -65 -65 -65 -65 -65 -65 -65 -65 -65 -67 -67 -67 -67 -67 -67 -67 -67 -67 -67 -67 -67 -67 -67 -67 -67 -67 -67 -67 -67 -67 -67 -68 -68 -68 -68 -68 -69 -69 -69 -69 -69 -69 -69 -69 -68 -68 -68 -68 -68 -67 -67 -67 -67 -67 -67 -67 -67 -66 -66 -66 -66 -66 -66 -66 -66 -66 -66 -66 -66 
CID
13678086 13678086 13678086 13678086 13678086 13678086 13678086 13678086 13678086 13678086 13678086 13678086 13678086 13678086 13678086 13678086 13678086 13678086 13678086 13678086 13678086 13678086 13678086 13678086 13678086 13678086 13678086 13678086 13678086 13678086 13678086 13678086 13678086 13678086 13678086 13678086 13678086 13678086 13678086 13678086 13678086 13678086 13678086 13678086 13678086 13678086 13678086 13678086 13678086 13678086 13678086 13678086 13678086 13678086 13678086 13769742 13769742 13769742 13769742 13769742 13769742 13769742 13769742 13769742 13769742 13769742 13769742 13769742 13769742 13769742 13769742 13769742 13769742 13769742 13769742 13769742 13769742 13769742 13769742 13769742 13769742 13769742 13769742 13769742 13769742 13769742 13769742 13769742 13769742 13769742 13769742 13678088 13678088 13678088 13678088 13678088 13678088 13678088 13678088 13678088 13792526 13792526 13754893 13754893 13754893 13754893 13754893 13754893 13754893 13754893 13792526 13792526 13792526 13792526 13769742 13769742 13769742 13769742 13769742 13769742 13769742 13792526 13754893 13754893 13792526 13792526 13792526 13792526 13792526 13792526 13792526 13792526 13792526 13754893 13754893 13754893 13754893 13754893 13769742 13769742 13769742 13769742 13769742 13769742 13769742 13769742 13769742 13769742 13769742 13769742 13769742 13769742 13769742 13769742 13769742 13769742 13769742 13769742 13769742 13769742 13769742 13769742 13678086 13678086 13678086 13678086 13678086 13678086 13678086 13678086 13678086 13678086 13678086 13678086 13678086 13678086 13678086 13678086 13678086 13678086 13678086 13678086 13678086 13678086 13678086 13678086 13678086 13678086 13678086 13678086 13678086 13678086 13678086 13678086 13678086 13678086 13678086 13678086 13678086 13678086 13678086 13678086 13678086 13678086 13678086 13678086 13678086 13678086 13678086 13678086 13678086 13678086 13678086 13678086 13678086 13678086 13678086 13678086 13678086 13678086 13678086 13678086 13678086 13678086 13678086 13678086 13678086 13678086 13678086 13678086 13678086 13678086 13678086 13678086 13678086 13678086 13678086 13678086 13678086 13678086 13678086 13678086 13678086 13678086 13678086 13678086 13678086 13678086 13678086 13678086 13678086 13678086 13678086 13678086 13678086 13678086 13678086 13678086 13678086 13678086 13678086 13678086 13678086 13678086 13678086 13678086 13678086 13678086 13678086 13678086 13678086 13678086 13678086 
RSRP of 5G
-86 -86 -89 -79 -79 -79 -79 -79 -79 -79 -81 -81 -81 -81 -81 -81 -87 -87 -85 -85 -85 -85 -85 -85 -80 -80 -82 -82 -82 -82 -82 -82 -82 -82 -82 -82 -82 -82 -82 -82 -82 -82 -82 -82 -82 -82 -88 -88 -87 -87 -87 -87 -84 -84 -88 -88 -84 -84 -84 -84 -82 -82 -82 -82 -82 -82 -82 -82 -80 -80 -81 -81 -81 -81 -78 -78 -82 -82 -85 -85 -85 -85 -85 -84 -82 -82 -82 -82 -80 -80 -83 -80 -86 -86 -86 -86 -81 -81 -83 -83 -83 -85 -91 -91 -91 -89 -89 -111 -86 -86 -86 -94 -83 -81 -81 -81 -81 -81 -81 -94 -81 -81 -81 -81 -81 -102 -79 -81 -81 -80 -80 -80 -80 -78 -78 -78 -78 -72 -72 -72 -72 -84 -78 -79 -79 -78 -78 -78 -78 -78 -78 -78 -78 -78 -78 -80 -80 -80 -80 -80 -80 -80 -80 -77 -77 -78 -78 -77 -77 -77 -77 -77 -77 -77 -77 -77 -77 -77 -77 -77 -77 -81 -81 -112 -82 -81 -81 -81 -81 -90 -82 -91 -91 -101 -101 -87 -87 -92 -80 -85 -85 -81 -81 -80 -80 -80 -80 -80 -80 -80 -80 -80 -80 -72 -72 -72 -72 -72 -72 -72 -72 -72 -72 -72 -72 -72 -72 -75 -75 -75 -75 -81 -81 -80 -80 -82 -82 -85 -85 -85 -85 -85 -85 -84 -84 -84 -84 -84 -82 -82 -82 -84 -84 -88 -88 -84 -84 -84 -84 -80 -80 -78 -78 -78 -78 -78 -78 -78 -78 -78 -78 -87 -87 
CQI
2147483647 2147483647 2147483647 2147483647 2147483647 2147483647 2147483647 2147483647 2147483647 2147483647 2147483647 2147483647 2147483647 2147483647 2147483647 2147483647 2147483647 2147483647 2147483647 2147483647 2147483647 2147483647 2147483647 2147483647 2147483647 2147483647 2147483647 2147483647 2147483647 2147483647 2147483647 2147483647 2147483647 2147483647 2147483647 2147483647 2147483647 2147483647 2147483647 2147483647 2147483647 2147483647 2147483647 2147483647 2147483647 2147483647 2147483647 2147483647 2147483647 2147483647 2147483647 2147483647 2147483647 2147483647 2147483647 2147483647 2147483647 2147483647 2147483647 2147483647 2147483647 2147483647 2147483647 2147483647 2147483647 2147483647 2147483647 2147483647 2147483647 2147483647 2147483647 2147483647 2147483647 2147483647 2147483647 2147483647 2147483647 2147483647 2147483647 2147483647 2147483647 2147483647 2147483647 2147483647 2147483647 2147483647 2147483647 2147483647 2147483647 2147483647 2147483647 2147483647 2147483647 2147483647 2147483647 2147483647 2147483647 2147483647 2147483647 2147483647 2147483647 2147483647 2147483647 2147483647 2147483647 2147483647 2147483647 2147483647 2147483647 2147483647 2147483647 2147483647 2147483647 2147483647 2147483647 2147483647 2147483647 2147483647 2147483647 2147483647 2147483647 2147483647 2147483647 2147483647 2147483647 2147483647 2147483647 2147483647 2147483647 2147483647 2147483647 2147483647 2147483647 2147483647 2147483647 2147483647 2147483647 2147483647 2147483647 2147483647 2147483647 2147483647 2147483647 2147483647 2147483647 2147483647 2147483647 2147483647 2147483647 2147483647 2147483647 2147483647 2147483647 2147483647 2147483647 2147483647 2147483647 2147483647 2147483647 2147483647 2147483647 2147483647 2147483647 2147483647 2147483647 2147483647 2147483647 2147483647 2147483647 2147483647 2147483647 2147483647 2147483647 2147483647 2147483647 2147483647 2147483647 2147483647 2147483647 2147483647 2147483647 2147483647 2147483647 2147483647 2147483647 2147483647 2147483647 2147483647 2147483647 2147483647 2147483647 2147483647 2147483647 2147483647 2147483647 2147483647 2147483647 2147483647 2147483647 2147483647 2147483647 2147483647 2147483647 2147483647 2147483647 2147483647 2147483647 2147483647 2147483647 2147483647 2147483647 2147483647 2147483647 2147483647 2147483647 2147483647 2147483647 2147483647 2147483647 2147483647 2147483647 2147483647 2147483647 2147483647 2147483647 2147483647 2147483647 2147483647 2147483647 2147483647 2147483647 2147483647 2147483647 2147483647 2147483647 2147483647 2147483647 2147483647 2147483647 2147483647 2147483647 2147483647 2147483647 2147483647 2147483647 2147483647 2147483647 2147483647 2147483647 2147483647 2147483647 2147483647 2147483647 2147483647 2147483647 2147483647 2147483647 2147483647 2147483647 2147483647 2147483647 2147483647 2147483647 2147483647 2147483647 2147483647 2147483647 2147483647 2147483647 2147483647 2147483647 2147483647 2147483647 
Altitude
-127.9336166381836 -127.2254867553711 -126.5860595703125 -125.6929702758789 -123.9173583984375 -121.86695861816406 -119.3198013305664 -117.29582214355469 -115.21371459960938 -112.98363494873047 -111.07062530517578 -108.88282012939453 -107.01737976074219 -105.2100601196289 -102.97470092773438 -100.818603515625 -98.80519104003906 -96.85519409179688 -94.81007385253906 -92.69625091552734 -90.89950561523438 -88.84381866455078 -86.86739349365234 -85.31902313232422 -83.87105560302734 -82.60804748535156 -82.05317687988281 -80.89057159423828 -80.38325500488281 -79.8230972290039 -79.37919616699219 -78.53894805908203 -78.1531753540039 -78.49667358398438 -78.34342193603516 -77.67756652832031 -77.49789428710938 -77.6511459350586 -77.55602264404297 -77.24951934814453 -77.02757263183594 -76.56253051757812 -76.8161849975586 -76.758056640625 -76.95358276367188 -76.4462661743164 -76.1556167602539 -74.6336669921875 -72.87919616699219 -70.93448638916016 -69.30155944824219 -68.8259506225586 -67.3885498046875 -65.52310943603516 -63.551971435546875 -61.417015075683594 -59.488155364990234 -57.527587890625 -55.493038177490234 -54.140193939208984 -52.9881591796875 -51.76742935180664 -50.96946334838867 -50.34060287475586 -49.886131286621094 -49.04060363769531 -48.797515869140625 -48.448734283447266 -48.07353210449219 -47.75117492675781 -47.671905517578125 -47.455238342285156 -47.48166275024414 -46.937355041503906 -46.58857345581055 -45.73247528076172 -45.53166198730469 -45.737762451171875 -45.72190856933594 -45.76947021484375 -45.478816986083984 -45.36784362792969 -45.473533630371094 -45.5263786315918 -45.547515869140625 -45.36784362792969 -45.69548416137695 -45.72719192504883 -45.56336975097656 -45.48410415649414 -46.292640686035156 -45.43654251098633 -47.29670333862305 -49.933692932128906 -50.62596893310547 -53.53775405883789 -55.83653259277344 -56.54466247558594 -58.24100112915039 -59.139373779296875 -61.173927307128906 -62.57961654663086 -63.72107696533203 -64.8308334350586 -66.55359649658203 -68.12310791015625 -69.43895721435547 -70.98204803466797 -71.72188568115234 -72.7417984008789 -73.66130828857422 -74.36943817138672 -75.72228240966797 -75.99708557128906 -76.00236511230469 -77.20724487304688 -76.65765380859375 -76.83203887939453 -77.53488159179688 -77.98406982421875 -78.98284912109375 -78.1161880493164 -77.09626770019531 -76.68936157226562 -76.62065887451172 -76.89016723632812 -77.63529205322266 -77.78325653076172 -78.07390594482422 -78.30642700195312 -78.73976135253906 -78.22187805175781 -78.18488311767578 -77.50846099853516 -77.67228698730469 -78.7186279296875 -78.96699523925781 -78.88772583007812 -78.77146911621094 -77.24423217773438 -75.68000793457031 -73.84098815917969 -71.90155792236328 -71.55278015136719 -70.84465026855469 -69.91985321044922 -68.49830627441406 -66.50603485107422 -64.34465026855469 -62.14099884033203 -60.354820251464844 -58.568641662597656 -57.68612289428711 -56.655635833740234 -55.5828742980957 -54.864173889160156 -54.658077239990234 -53.49547576904297 -52.68165588378906 -52.53897476196289 -52.09507369995117 -52.10564041137695 -51.41336441040039 -51.19670104980469 -51.1702766418457 -51.06986999511719 -52.19019317626953 -50.71580505371094 -49.933692932128906 -48.675968170166016 -48.47515869140625 -48.06824493408203 -48.06296157836914 -47.94670104980469 -47.86214828491211 -47.8832893371582 -47.71946716308594 -47.666622161865234 -47.936134338378906 -47.745887756347656 -47.7564582824707 -48.03654098510742 -47.52922439575195 -46.82109451293945 -46.71540069580078 -48.580848693847656 -50.282470703125 -53.019866943359375 -54.89588165283203 -56.44425582885742 -57.527587890625 -58.95441436767578 -60.49750518798828 -61.67595672607422 -63.05522537231445 -64.47148132324219 -65.77676391601562 -67.57879638671875 -68.54586791992188 -70.09952545166016 -71.61090850830078 -72.72594451904297 -73.16456604003906 -74.52268981933594 -75.58488464355469 -75.923095703125 -76.65765380859375 -77.175537109375 -77.57716369628906 -77.55602264404297 -78.35398864746094 -78.43325805664062 -78.79261016845703 -79.13082122802734 -77.83610534667969 -77.26537322998047 -76.85845947265625 -76.80561828613281 -77.06455993652344 -77.46089935302734 -77.20724487304688 -77.26008605957031 -77.76740264892578 -77.97879028320312 -78.11090087890625 -77.51374816894531 -77.80968475341797 -78.010498046875 -77.10155487060547 -77.22837829589844 -76.83732604980469 -75.83854675292969 -76.22431945800781 -76.65765380859375 -77.09626770019531 -77.38691711425781 -78.79261016845703 -80.59463500976562 -82.07431030273438 -83.57512664794922 -85.07064819335938 -85.99544525146484 -87.43812561035156 -88.88080596923828 -90.21780395507812 -91.43324279785156 -92.7015380859375 -94.4454345703125 -95.82998657226562 -96.97673797607422 -98.95844268798828 -100.3799819946289 -101.53202056884766 -102.89014434814453 -104.2694091796875 -105.89705657958984 -107.5194091796875 -108.7718505859375 -110.37834930419922 -111.5832290649414 -113.36412048339844 -115.15557861328125 -116.3234634399414 -117.8189926147461 -118.97102355957031 -120.6884994506836 -122.31085968017578 -123.94906616210938 -125.32305145263672 -126.88199615478516 -128.28768920898438 -129.2547607421875 -129.4080047607422 