LTE(1) or 5G(2)
2 2 2 2 2 2 2 2 2 2 2 2 2 2 2 2 2 2 2 2 2 2 2 2 1 1 1 1 1 1 1 1 1 1 1 1 1 1 1 1 2 2 2 2 2 2 1 1 1 2 2 2 2 2 2 2 2 2 2 2 2 2 2 2 2 2 2 1 1 2 2 2 2 2 2 2 2 2 2 2 2 2 2 2 2 2 2 2 1 1 1 2 2 2 2 2 2 2 2 2 2 2 2 2 2 2 2 2 2 2 2 2 2 2 2 2 2 2 2 2 2 2 2 2 2 2 2 2 2 2 1 1 1 1 1 1 1 1 1 2 2 2 2 2 2 2 2 2 2 2 2 2 2 2 2 2 2 2 2 2 2 2 2 2 2 2 2 2 2 2 2 2 2 2 2 2 2 2 2 2 2 2 2 2 2 2 2 2 2 2 2 2 2 2 2 2 2 2 2 2 2 2 2 2 2 2 2 2 2 2 2 2 2 2 2 2 2 2 2 2 2 2 2 2 2 2 2 2 2 2 2 2 2 2 2 2 2 2 2 2 2 2 2 2 2 2 2 2 2 2 2 2 1 1 1 1 1 1 1 2 2 2 2 2 2 2 2 2 2 2 2 
SNR of LTE
0 0 0 0 -2 -2 -2 -2 -1 -1 -1 -1 -1 -1 -1 -1 0 0 0 0 0 0 0 0 0 0 0 0 0 0 0 0 0 0 0 0 0 0 0 0 0 0 0 0 0 0 0 0 0 -1 -1 -1 0 0 0 0 0 0 0 0 0 0 0 0 0 0 0 0 0 0 0 0 0 0 0 0 0 0 0 0 0 0 0 0 0 0 0 0 0 0 0 0 0 0 0 0 0 0 0 0 0 0 1 1 1 1 1 1 1 1 1 1 1 1 1 1 1 2 2 3 3 3 3 4 4 4 4 4 4 5 5 5 5 5 5 5 5 5 5 5 5 4 4 4 4 4 2 2 2 2 2 0 0 0 0 0 0 0 0 -2 -2 -2 -2 -2 -2 -3 -4 -4 -4 -4 -4 -4 -4 -4 -4 -4 -4 -3 -3 -3 -3 -3 -3 -2 -2 -2 -2 -2 -2 -1 -1 0 0 0 0 -1 -1 -1 -1 -1 -1 -1 -1 -1 -1 -2 -2 -2 -2 -2 -2 -2 -2 -2 -2 -2 -2 -2 -2 -2 -2 -2 -2 -2 -2 -2 -2 -1 -1 -1 -1 -1 -1 -1 -1 -1 -1 -1 -1 -1 -1 0 0 0 0 0 0 0 0 0 1 1 1 1 1 1 1 1 3 3 3 3 3 3 3 3 3 3 3 4 4 
SNR of 5G
10 10 10 10 6 6 6 6 13 13 13 13 6 6 6 6 4 4 3 3 3 3 3 3 0 0 0 0 0 0 0 0 0 0 0 0 0 0 0 0 6 6 6 6 3 3 0 0 0 3 3 3 5 5 5 3 3 4 4 7 7 7 7 7 7 7 8 0 0 7 7 7 7 7 7 8 8 8 8 9 9 9 9 9 9 9 9 0 0 0 0 1 1 2 2 2 2 0 0 0 0 0 0 0 0 -2 -2 -2 -2 -2 -2 -2 -2 -2 -2 -3 -3 0 0 0 0 0 0 1 1 2 2 1 1 0 0 0 0 0 0 0 0 0 0 1 1 3 3 3 3 3 4 4 4 1 1 0 0 0 0 0 0 -1 -1 0 0 1 1 1 1 4 4 3 3 3 3 3 3 3 3 3 3 4 4 4 4 7 7 4 -2 1 1 1 1 -2 -2 -4 -1 -1 -1 -1 -1 2 2 7 7 7 7 7 7 8 8 8 8 8 8 8 8 8 8 8 8 8 8 8 8 8 8 8 8 8 8 4 4 4 4 0 0 4 4 3 3 1 1 3 3 1 2 2 1 1 1 3 4 4 5 5 0 0 0 0 0 0 0 8 8 8 8 8 8 8 8 8 8 7 7 
RSSI
-51 -51 -51 -51 -51 -51 -51 -51 -51 -51 -51 -51 -51 -51 -51 -51 -51 -51 -51 -51 -51 -51 -51 -51 -51 -51 -51 -51 -51 -51 -51 -51 -51 -51 -51 -51 -51 -51 -51 -51 -51 -51 -51 -51 -51 -51 -51 -51 -51 -51 -51 -51 -51 -51 -51 -51 -51 -51 -51 -51 -51 -51 -51 -51 -51 -51 -51 -51 -51 -51 -51 -51 -51 -51 -51 -51 -51 -51 -51 -51 -51 -51 -51 -51 -51 -51 -51 -51 -51 -51 -51 -51 -51 -51 -51 -51 -51 -51 -51 -51 -51 -51 -51 -51 -51 -51 -51 -51 -51 -51 -51 -51 -51 -51 -51 -51 -51 -51 -51 -51 -51 -51 -51 -51 -51 -51 -51 -51 -51 -51 -51 -51 -51 -51 -51 -51 -51 -51 -51 -51 -51 -51 -51 -51 -51 -51 -51 -51 -51 -51 -51 -51 -51 -51 -51 -51 -51 -51 -51 -51 -51 -51 -51 -51 -51 -51 -51 -51 -51 -51 -51 -51 -51 -51 -51 -51 -51 -51 -51 -51 -51 -51 -51 -51 -51 -51 -51 -51 -51 -51 -51 -51 -51 -51 -51 -51 -51 -51 -51 -51 -51 -51 -51 -51 -51 -51 -51 -51 -51 -51 -51 -51 -51 -51 -51 -51 -51 -51 -51 -51 -51 -51 -51 -51 -51 -51 -51 -51 -51 -51 -51 -51 -51 -51 -51 -51 -51 -51 -51 -51 -51 -51 -51 -51 -51 -51 -51 -51 -51 -51 -51 -51 -51 -51 -51 -51 -51 -51 -51 -51 -51 -51 -51 -51 -51 -51 -51 -51 -51 -51 -51 
RSRP
-85 -85 -85 -85 -82 -82 -82 -82 -80 -80 -80 -80 -79 -79 -79 -79 -76 -74 -74 -74 -74 -74 -73 -73 -73 -73 -73 -73 -73 -73 -73 -73 -73 -73 -73 -73 -73 -73 -73 -74 -74 -74 -74 -75 -75 -75 -75 -75 -75 -76 -76 -76 -75 -75 -75 -75 -75 -75 -75 -75 -75 -75 -75 -75 -75 -75 -75 -75 -75 -75 -74 -74 -74 -74 -74 -74 -74 -74 -74 -74 -74 -74 -74 -74 -74 -74 -74 -74 -74 -74 -74 -74 -74 -75 -75 -75 -75 -75 -75 -75 -75 -75 -74 -74 -74 -74 -74 -74 -74 -74 -74 -74 -74 -74 -74 -73 -73 -72 -72 -71 -71 -71 -71 -71 -71 -71 -71 -71 -71 -70 -70 -70 -70 -70 -70 -70 -70 -70 -69 -69 -69 -70 -70 -70 -70 -70 -72 -72 -72 -73 -73 -74 -74 -75 -75 -76 -76 -76 -76 -78 -78 -78 -78 -78 -78 -79 -80 -80 -81 -81 -81 -80 -80 -81 -81 -81 -81 -79 -79 -79 -79 -79 -79 -78 -78 -78 -78 -78 -78 -78 -78 -79 -79 -79 -79 -79 -79 -78 -78 -78 -78 -78 -78 -78 -78 -79 -79 -79 -79 -79 -78 -78 -78 -78 -78 -77 -77 -77 -77 -77 -77 -77 -77 -77 -77 -77 -77 -77 -77 -77 -77 -77 -77 -77 -77 -77 -77 -76 -76 -76 -76 -75 -75 -75 -74 -74 -74 -74 -73 -73 -73 -73 -73 -73 -73 -73 -73 -73 -72 -72 -72 -72 -72 -72 -72 -72 -72 -72 -72 -72 -72 
CID
13754896 13754896 13754896 13754896 13769745 13769745 13769745 13769745 13769745 13769745 13769745 13769745 13769745 13769745 13769745 13769745 13769745 13769745 13769745 13769745 13769745 13769745 13769745 13769745 13769745 13769745 13769745 13769745 13769745 13769745 13769745 13769745 13769745 13769745 13769745 13769745 13769745 13769745 13769745 13769745 13769745 13769745 13769745 13769745 13769745 13769745 13769745 13769745 13769745 13769745 13769745 13769745 13769745 13769745 13769745 13769745 13769745 13769745 13769745 13769745 13769745 13769745 13769745 13769745 13769745 13769745 13769745 13769745 13769745 13769745 13769745 13769745 13769745 13769745 13769745 13769745 13769745 13769745 13769745 13769745 13769745 13769745 13769745 13769745 13769745 13769745 13769745 13754888 13754888 13754896 13754896 13754896 13754896 13754896 13754896 13754896 13754896 13754896 13754896 13754896 13754896 13754896 13754896 13754896 13754896 13754896 13754896 13754896 13754896 13754896 13754896 13754896 13754896 13754896 13754896 13754896 13754896 13754896 13754896 13754896 13754896 13754896 13754896 13754896 13754896 13754896 13754896 13754896 13754896 13754896 13754896 13754896 13754896 13754896 13754896 13754896 13754896 13754896 13754896 13754896 13769745 13769745 13769745 13769745 13769745 13769745 13769745 13769745 13769745 13769745 13769745 13769745 13769745 13769745 13769745 13769745 13769745 13769745 13769745 13754888 13769745 13769745 13769745 13769745 13769745 13769745 13792279 13754896 13754896 13754896 13754896 13754896 13754896 13754896 13754896 13754896 13754896 13754896 13754896 13754896 13754896 13754896 13754896 13754896 13754896 13754896 13754896 13754896 13754896 13754896 13754896 13754896 13769745 13769745 13769745 13769745 13769745 13769745 13769745 13769745 13769745 13769745 13769745 13769745 13769745 13769745 13769745 13769745 13769745 13769745 13769745 13792279 13792279 13792279 13792279 13792279 13792279 13792279 13792279 13792279 13792279 13792279 13792279 13792279 13792279 13792279 13792279 13792279 13792279 13792279 13792279 13769745 13769745 13769745 13769745 13769745 13769745 13769745 13769745 13769745 13769745 13769745 13769745 13769745 13769745 13769745 13769745 13769745 13769745 13769745 13769745 13769745 13769745 13769745 13769745 13769745 13769745 13769745 13769745 13769745 13769745 13769745 13769745 13769745 13769745 13769745 13769745 13769745 13769745 13769745 13754896 
RSRP of 5G
-86 -86 -86 -86 -80 -80 -80 -80 -75 -75 -75 -75 -81 -81 -81 -81 -87 -87 -82 -82 -82 -82 -79 -79 -79 -79 -79 -79 -79 -79 -79 -79 -79 -79 -79 -79 -79 -79 -79 -79 -80 -80 -82 -82 -90 -90 -83 -83 -83 -81 -81 -81 -83 -83 -83 -78 -78 -81 -81 -80 -80 -80 -80 -80 -80 -80 -79 -79 -79 -79 -79 -79 -79 -79 -79 -81 -81 -81 -81 -88 -88 -84 -84 -84 -82 -82 -81 -86 -86 -86 -86 -84 -84 -82 -82 -86 -86 -81 -81 -85 -85 -87 -87 -87 -87 -96 -96 -85 -85 -82 -82 -82 -82 -82 -82 -89 -89 -83 -83 -83 -83 -86 -86 -85 -85 -81 -81 -79 -79 -81 -81 -81 -81 -81 -81 -81 -81 -81 -81 -78 -78 -77 -77 -77 -77 -77 -78 -78 -78 -79 -79 -81 -81 -81 -81 -82 -82 -80 -80 -78 -78 -75 -75 -75 -75 -80 -80 -78 -78 -78 -78 -78 -78 -76 -76 -76 -76 -79 -79 -79 -79 -82 -82 2147483647 -83 -80 -80 -86 -86 -88 -88 -83 -83 -101 -101 -79 -79 -79 -79 -76 -76 -76 -76 -76 -76 -74 -74 -74 -74 -74 -72 -72 -72 -72 -72 -66 -66 -66 -66 -71 -71 -71 -71 -71 -71 -71 -71 -75 -75 -75 -75 -78 -78 -80 -80 -83 -83 -84 -84 -84 -84 -84 -84 -84 -84 -84 -84 -92 -83 -83 -80 -80 -80 -80 -80 -80 -80 -80 -80 -80 -80 -80 -80 -80 -80 -80 -80 -80 -80 -83 -83 
CQI
2147483647 2147483647 2147483647 2147483647 2147483647 2147483647 2147483647 2147483647 2147483647 2147483647 2147483647 2147483647 2147483647 2147483647 2147483647 2147483647 2147483647 2147483647 2147483647 2147483647 2147483647 2147483647 2147483647 2147483647 2147483647 2147483647 2147483647 2147483647 2147483647 2147483647 2147483647 2147483647 2147483647 2147483647 2147483647 2147483647 2147483647 2147483647 2147483647 2147483647 2147483647 2147483647 2147483647 2147483647 2147483647 2147483647 2147483647 2147483647 2147483647 2147483647 2147483647 2147483647 2147483647 2147483647 2147483647 2147483647 2147483647 2147483647 2147483647 2147483647 2147483647 2147483647 2147483647 2147483647 2147483647 2147483647 2147483647 2147483647 2147483647 2147483647 2147483647 2147483647 2147483647 2147483647 2147483647 2147483647 2147483647 2147483647 2147483647 2147483647 2147483647 2147483647 2147483647 2147483647 2147483647 2147483647 2147483647 2147483647 2147483647 2147483647 2147483647 2147483647 2147483647 2147483647 2147483647 2147483647 2147483647 2147483647 2147483647 2147483647 2147483647 2147483647 2147483647 2147483647 2147483647 2147483647 2147483647 2147483647 2147483647 2147483647 2147483647 2147483647 2147483647 2147483647 2147483647 2147483647 2147483647 2147483647 2147483647 2147483647 2147483647 2147483647 2147483647 2147483647 2147483647 2147483647 2147483647 2147483647 2147483647 2147483647 2147483647 2147483647 2147483647 2147483647 2147483647 2147483647 2147483647 2147483647 2147483647 2147483647 2147483647 2147483647 2147483647 2147483647 2147483647 2147483647 2147483647 2147483647 2147483647 2147483647 2147483647 2147483647 2147483647 2147483647 2147483647 2147483647 2147483647 2147483647 2147483647 2147483647 2147483647 2147483647 2147483647 2147483647 2147483647 2147483647 2147483647 2147483647 2147483647 2147483647 2147483647 2147483647 2147483647 2147483647 2147483647 2147483647 2147483647 2147483647 2147483647 2147483647 2147483647 2147483647 2147483647 2147483647 2147483647 2147483647 2147483647 2147483647 2147483647 2147483647 2147483647 2147483647 2147483647 2147483647 2147483647 2147483647 2147483647 2147483647 2147483647 2147483647 2147483647 2147483647 2147483647 2147483647 2147483647 2147483647 2147483647 2147483647 2147483647 2147483647 2147483647 2147483647 2147483647 2147483647 2147483647 2147483647 2147483647 2147483647 2147483647 2147483647 2147483647 2147483647 2147483647 2147483647 2147483647 2147483647 2147483647 2147483647 2147483647 2147483647 2147483647 2147483647 2147483647 2147483647 2147483647 2147483647 2147483647 2147483647 2147483647 2147483647 2147483647 2147483647 2147483647 2147483647 2147483647 2147483647 2147483647 2147483647 2147483647 2147483647 2147483647 2147483647 2147483647 2147483647 2147483647 2147483647 2147483647 2147483647 2147483647 2147483647 2147483647 2147483647 2147483647 2147483647 2147483647 2147483647 2147483647 2147483647 2147483647 2147483647 2147483647 
Altitude
-93.3885269165039 -92.71739196777344 -92.04096984863281 -91.2641372680664 -90.3446273803711 -88.72227478027344 -86.86739349365234 -84.6426010131836 -82.8088607788086 -80.80073547363281 -78.86659240722656 -76.50440216064453 -74.71293640136719 -72.83692169189453 -71.0560302734375 -68.85765838623047 -66.65399932861328 -64.73571014404297 -62.34709548950195 -60.31782913208008 -58.22514724731445 -56.275150299072266 -54.1666145324707 -52.501983642578125 -50.77393341064453 -49.024749755859375 -47.81459045410156 -46.65727233886719 -45.83816909790039 -44.966217041015625 -44.252803802490234 -43.78247833251953 -43.35443115234375 -42.69386291503906 -42.59873962402344 -42.2393913269043 -41.82719421386719 -41.774349212646484 -41.38329315185547 -41.34101867675781 -41.066219329833984 -40.87069320678711 -40.71744155883789 -40.14142608642578 -38.74102020263672 -36.80687713623047 -35.4117546081543 -35.136959075927734 -33.59915542602539 -31.67029571533203 -29.69387435913086 -27.802005767822266 -25.862577438354492 -23.68534278869629 -22.00485610961914 -20.762989044189453 -19.346729278564453 -18.485347747802734 -18.358518600463867 -17.935754776000977 -16.889415740966797 -16.10201644897461 -15.679253578186035 -14.907709121704102 -14.865432739257812 -14.63819694519043 -14.273563385009766 -13.945921897888184 -13.782100677490234 -13.665840148925781 -12.846735954284668 -12.402833938598633 -11.784542083740234 -11.853240966796875 -12.17559814453125 -12.39754867553711 -12.281289100646973 -11.10811996459961 -10.70120906829834 -10.500396728515625 -10.89145278930664 -10.785761833190918 -11.430477142333984 -12.043484687805176 -11.234949111938477 -10.759339332580566 -10.976005554199219 -10.902022361755371 -11.567874908447266 -13.850799560546875 -15.267058372497559 -16.59347915649414 -17.777217864990234 -19.954452514648438 -21.101200103759766 -22.454044342041016 -23.56908416748047 -25.561357498168945 -27.104446411132812 -27.960542678833008 -29.04916000366211 -29.334524154663086 -31.855255126953125 -33.282081604003906 -34.90972137451172 -36.54264831542969 -37.50443649291992 -38.334110260009766 -38.76215744018555 -39.30118179321289 -40.976383209228516 -40.45849609375 -40.36865997314453 -41.393863677978516 -41.72150421142578 -41.874755859375 -42.21825408935547 -41.37800979614258 -40.79142379760742 -40.74386215209961 -41.21418762207031 -42.033294677734375 -41.35687255859375 -40.65402603149414 -40.527198791503906 -40.326385498046875 -40.2418327331543 -40.69630432128906 -40.46906661987305 -40.67516326904297 -40.59589767456055 -40.21012496948242 -40.691017150878906 -40.86540985107422 -40.194271087646484 -39.914188385009766 -39.0580940246582 -37.38289260864258 -36.003623962402344 -35.200374603271484 -33.9954948425293 -32.32029342651367 -30.217044830322266 -28.552412033081055 -26.914201736450195 -24.94835090637207 -23.162172317504883 -21.67193031311035 -20.50933074951172 -19.25160789489746 -18.242259979248047 -17.49713706970215 -16.889415740966797 -16.197139739990234 -15.837789535522461 -15.441448211669922 -15.18250560760498 -15.097952842712402 -14.891855239868164 -14.907709121704102 -14.611774444580078 -14.120311737060547 -13.972344398498535 -14.019905090332031 -13.095109939575195 -13.317060470581055 -12.778036117553711 -11.858525276184082 -11.647143363952637 -11.562590599060059 -11.345924377441406 -11.372346878051758 -11.293078422546387 -11.393485069274902 -11.330070495605469 -11.340639114379883 -11.52031421661377 -11.419907569885254 -11.377631187438965 -11.39876937866211 -11.884947776794434 -12.957711219787598 -14.743888854980469 -15.869497299194336 -16.778438568115234 -18.622745513916016 -20.54103660583496 -21.79875946044922 -23.960140228271484 -25.497943878173828 -26.30647850036621 -27.442657470703125 -28.991029739379883 -30.01094627380371 -31.49590492248535 -32.505252838134766 -34.280860900878906 -35.44346237182617 -37.340614318847656 -37.266632080078125 -37.78980255126953 -38.841426849365234 -39.401588439941406 -39.908905029296875 -40.98695373535156 -40.67516326904297 -40.57475662231445 -41.79020309448242 -41.911746978759766 -42.62516403198242 -41.75849533081055 -41.45199203491211 -40.86012268066406 -41.55768585205078 -41.89060974121094 -41.85361862182617 -41.47312927246094 -41.256465911865234 -40.611751556396484 -40.421504974365234 -40.1678466796875 -40.041019439697266 -40.136138916015625 -40.63288879394531 -40.66987991333008 -40.78085708618164 -40.9499626159668 -40.67516326904297 -40.65930938720703 -40.80199432373047 -40.79142379760742 -40.85483932495117 -41.01337432861328 -41.56825256347656 -42.66743850708008 -44.51174545288086 -45.85930633544922 -46.42475128173828 -47.893856048583984 -49.2308464050293 -50.10279846191406 -51.598323822021484 -53.532470703125 -56.433685302734375 -57.2369384765625 -57.691410064697266 -59.551570892333984 -61.4698600769043 -62.193843841552734 -62.80685043334961 -63.91660690307617 -65.93001556396484 -68.25521850585938 -69.94627380371094 -71.10887145996094 -72.83692169189453 -74.01009368896484 -74.85562133789062 -76.5255355834961 -77.4873275756836 -79.55886840820312 -81.47715759277344 -83.09951782226562 -84.91211700439453 -86.0377197265625 -86.93609619140625 -88.15154266357422 -90.82552337646484 -91.87715148925781 -93.26170349121094 -94.35559844970703 