LTE(1) or 5G(2)
2 2 2 2 2 2 2 2 2 2 2 2 2 2 2 2 2 2 2 2 2 2 2 2 2 1 1 1 2 2 2 2 2 2 2 2 2 2 2 2 2 2 2 2 2 2 2 2 2 2 2 2 2 2 2 2 2 2 2 2 2 2 2 2 2 2 2 2 2 2 2 2 2 2 2 2 1 1 1 1 1 1 1 1 1 1 1 1 1 1 1 1 1 1 1 1 1 1 1 1 1 1 1 1 1 1 1 1 1 1 1 1 1 1 1 1 1 1 1 1 1 1 1 1 1 1 1 1 1 1 1 1 1 1 1 1 1 1 1 1 1 1 1 1 1 1 2 2 2 2 2 2 2 2 2 2 2 2 2 2 2 2 2 2 2 2 2 2 2 2 2 2 2 2 2 2 2 2 2 2 2 2 2 2 2 2 2 2 2 2 2 2 2 2 2 1 1 2 2 2 2 2 2 2 2 2 2 2 2 2 2 2 2 2 2 2 2 2 2 2 2 2 2 2 2 2 2 2 2 2 2 2 2 2 2 1 1 1 1 1 1 1 1 1 1 1 1 1 1 1 1 1 1 1 1 1 1 1 1 1 1 1 1 1 1 1 1 1 1 1 1 1 1 1 1 
SNR of LTE
10 10 10 10 9 9 9 9 9 8 8 8 8 8 8 8 8 8 8 8 8 8 8 8 8 6 5 5 5 5 5 5 4 4 4 4 4 4 4 3 3 3 3 3 2 2 2 2 2 2 1 1 1 1 0 0 0 0 0 0 0 0 0 0 0 0 -1 -1 -1 0 0 0 0 0 0 0 0 0 0 0 0 0 0 0 0 0 0 0 0 0 0 0 0 -1 -1 -1 -1 -1 -1 -1 -1 -1 -3 -3 -3 -3 -3 -3 -3 -3 -3 -4 -4 -4 -4 -4 -4 -3 -3 -3 -3 -3 -3 -3 0 0 0 0 0 0 0 0 0 0 0 0 0 0 0 0 0 0 0 0 0 2 2 2 2 2 2 2 2 2 1 1 1 1 1 1 0 0 0 0 0 0 -2 -2 -2 -2 -5 -5 -5 -5 -5 -5 -5 -5 -5 -5 -5 -5 -5 -5 -5 -5 -5 -5 -3 -3 -3 -3 -2 -2 -2 -1 0 -1 -1 -1 -1 -1 -1 -1 -1 -1 -1 -1 -1 -2 -2 -2 -2 -2 -2 -2 -2 -2 -2 -2 -2 -2 -2 -2 -2 -2 -2 -2 -2 -2 -2 -2 -2 0 0 0 0 0 0 0 -1 -1 -1 -1 -1 0 0 0 0 0 0 0 0 0 0 0 0 0 0 0 0 0 0 3 3 3 3 3 3 3 3 3 3 3 3 
SNR of 5G
8 8 8 8 7 7 7 7 7 8 8 8 6 6 6 6 6 6 6 6 6 6 6 6 6 0 0 0 0 0 0 0 0 0 0 0 0 0 0 0 -1 0 4 4 4 4 4 4 3 3 3 3 5 5 5 5 7 7 7 7 5 5 5 5 6 6 8 8 8 8 9 9 9 9 9 9 0 0 0 0 0 0 0 0 0 0 0 0 0 0 0 0 0 0 0 0 0 0 0 0 0 0 0 0 0 0 0 0 0 0 0 0 0 0 0 0 0 0 0 0 0 0 0 0 0 0 0 0 0 0 0 0 0 0 0 0 0 0 0 0 0 0 0 0 0 0 2 2 3 3 1 1 2 2 1 1 0 0 -1 -1 -2 -2 -2 -2 -2 -2 -2 -2 -2 -2 4 4 3 3 3 3 3 3 3 3 3 3 3 3 3 3 6 6 4 4 -1 -1 0 0 -4 0 0 1 1 -1 -1 0 0 0 0 3 3 3 3 7 7 7 7 7 7 10 10 10 10 10 10 8 8 7 7 7 7 7 7 7 7 7 7 0 0 0 0 0 0 0 0 0 0 0 0 0 0 0 0 0 0 0 0 0 0 0 0 0 0 0 0 0 0 0 0 0 0 0 0 0 0 0 0 0 0 
RSSI
-51 -51 -51 -51 -51 -51 -51 -51 -51 -51 -51 -51 -51 -51 -51 -51 -51 -51 -51 -51 -51 -51 -51 -51 -51 -51 -51 -51 -51 -51 -51 -51 -51 -51 -51 -51 -51 -51 -51 -51 -51 -51 -51 -51 -51 -51 -51 -51 -51 -51 -51 -51 -51 -51 -51 -51 -51 -51 -51 -51 -51 -51 -51 -51 -51 -51 -51 -51 -51 -51 -51 -51 -51 -51 -51 -51 -51 -51 -51 -51 -51 -51 -51 -51 -51 -51 -51 -51 -51 -51 -51 -51 -51 -51 -51 -51 -51 -51 -51 -51 -51 -51 -51 -51 -51 -51 -51 -51 -51 -51 -51 -51 -51 -51 -51 -51 -51 -51 -51 -51 -51 -51 -51 -51 -51 -51 -51 -51 -51 -51 -51 -51 -51 -51 -51 -51 -51 -51 -51 -51 -51 -51 -51 -51 -51 -51 -51 -51 -51 -51 -51 -51 -51 -51 -51 -51 -51 -51 -51 -51 -51 -51 -51 -51 -51 -51 -51 -51 -51 -51 -51 -51 -51 -51 -51 -51 -51 -51 -51 -51 -51 -51 -51 -51 -51 -51 -51 -51 -51 -51 -51 -51 -51 -51 -51 -51 -51 -51 -51 -51 -51 -51 -51 -51 -51 -51 -51 -51 -51 -51 -51 -51 -51 -51 -51 -51 -51 -51 -51 -51 -51 -51 -51 -51 -51 -51 -51 -51 -51 -51 -51 -51 -51 -51 -51 -51 -51 -51 -51 -51 -51 -51 -51 -51 -51 -51 -51 -51 -51 -51 -51 -51 -51 -51 -51 -51 -51 -51 -51 -51 -51 -51 -51 -51 -51 -51 -51 -51 -51 -51 -51 -51 -51 -51 -51 
RSRP
-69 -69 -69 -69 -68 -68 -68 -68 -68 -68 -68 -68 -68 -68 -68 -68 -68 -68 -68 -68 -68 -68 -68 -68 -68 -67 -67 -67 -67 -67 -67 -67 -67 -67 -67 -67 -68 -68 -68 -69 -69 -69 -69 -69 -70 -70 -70 -70 -70 -70 -71 -71 -71 -71 -71 -71 -71 -71 -71 -71 -72 -72 -73 -73 -73 -73 -74 -74 -74 -75 -75 -75 -75 -75 -75 -75 -75 -75 -75 -75 -75 -75 -75 -75 -75 -75 -75 -75 -75 -75 -75 -75 -75 -75 -75 -75 -75 -75 -75 -75 -75 -75 -77 -77 -77 -77 -77 -77 -77 -77 -77 -77 -77 -77 -77 -77 -77 -77 -77 -77 -77 -77 -77 -77 -74 -74 -74 -74 -74 -74 -74 -74 -74 -74 -74 -74 -74 -74 -74 -74 -74 -74 -74 -74 -74 -73 -73 -74 -74 -74 -74 -74 -74 -74 -74 -75 -75 -75 -75 -75 -76 -76 -76 -76 -76 -76 -77 -77 -77 -77 -79 -79 -79 -79 -79 -79 -79 -79 -79 -79 -79 -79 -79 -79 -79 -79 -80 -80 -79 -79 -79 -79 -79 -79 -79 -78 -78 -78 -78 -78 -78 -78 -78 -78 -78 -79 -79 -79 -79 -79 -79 -79 -79 -79 -79 -79 -79 -79 -79 -79 -79 -78 -78 -78 -78 -78 -78 -78 -78 -78 -78 -78 -78 -77 -77 -77 -77 -77 -77 -77 -77 -77 -77 -77 -77 -75 -75 -75 -75 -75 -75 -75 -75 -75 -74 -74 -74 -74 -74 -74 -74 -74 -74 -72 -72 -72 -72 -72 -72 -72 -72 -72 -72 -72 -72 
CID
13678086 13678086 13678086 13678086 13678086 13678086 13678086 13678086 13678086 13678086 13678086 13678086 13678086 13678086 13678086 13678086 13678086 13678086 13678086 13678086 13678086 13678086 13678086 13678086 13678086 13678086 13678086 13678086 13678086 13678086 13678086 13678086 13678086 13678086 13678086 13678086 13678086 13678086 13678086 13678086 13678086 13678086 13678086 13678086 13678086 13678086 13678086 13678086 13678086 13678086 13678086 13678086 13678086 13678086 13678086 13678086 13769742 13769742 13769742 13769742 13769742 13769742 13769742 13769742 13769742 13769742 13769742 13769742 13769742 13769742 13769742 13769742 13769742 13769742 13769742 13769742 13769742 13769742 13769742 13769742 13769742 13769742 13769745 13769745 13769745 13769745 13769745 13769745 13769745 13769745 13769745 13769745 13769745 13769745 13769745 13769745 13769745 13769745 13769745 13769745 13769745 13769745 13754896 13754896 13754896 13754896 13754896 13754896 13754896 13754896 13754896 13754896 13754896 13754896 13754896 13754896 13754896 13754896 13754896 13754896 13754896 13754896 13754896 13754896 13754896 13754896 13754896 13754896 13754896 13754896 13754896 13754896 13754896 13754896 13754896 13754896 13754896 13754896 13754896 13754896 13754896 13754896 13754896 13754896 13754896 13754896 13754896 13769745 13769745 13769745 13769745 13769745 13769745 13769745 13769745 13769745 13769745 13769745 13769745 13769745 13769745 13769745 13769745 13769745 13769745 13769745 13769745 13769745 13769745 13754896 13754896 13754896 13754896 13754896 13754896 13754896 13754896 13754896 13754896 13754896 13754896 13754896 13754896 13754896 13754896 13754896 13754896 13754896 13754896 13754896 13769745 13769745 13769745 13769745 13769745 13769745 13769745 13792279 13769745 13769745 13769745 13754888 13754888 13769745 13769745 13769745 13769745 13769745 13769745 13769745 13769745 13769745 13769745 13769745 13769745 13792279 13792279 13792279 13792279 13792279 13792279 13792279 13792279 13792279 13792279 13792279 13792279 13792279 13792279 13792279 13792279 13792279 13792279 13792279 13792279 13792279 13792279 13792279 13792279 13792279 13678086 13678086 13678086 13678086 13678086 13769745 13769745 13769745 13769745 13769745 13769745 13769745 13769745 13769745 13769745 13769745 13769745 13769745 13769745 13769745 13769745 13769745 13769745 13769745 13769745 13769745 13769745 13769745 13769745 13769745 13769745 13769745 13769745 13769745 13769745 
RSRP of 5G
-83 -83 -83 -83 -78 -78 -78 -78 -78 -77 -77 -77 -85 -85 -85 -85 -85 -85 -85 -85 -85 -85 -85 -85 -85 -85 -85 -85 -83 -83 -85 -85 -82 -82 -82 -82 -84 -84 -81 -81 -91 -81 -84 -84 -84 -84 -80 -80 -87 -87 -83 -83 -79 -79 -81 -81 -85 -85 -85 -85 -79 -79 -82 -82 -78 -78 -82 -82 -82 -81 -79 -79 -86 -86 -78 -78 -78 -78 -78 -78 -78 -78 -78 -78 -78 -78 -78 -78 -78 -78 -78 -78 -78 -78 -78 -78 -78 -78 -78 -78 -78 -78 -78 -78 -78 -78 -78 -78 -78 -78 -78 -78 -78 -78 -78 -78 -78 -78 -78 -78 -78 -78 -78 -78 -78 -78 -78 -78 -78 -78 -78 -78 -78 -78 -78 -78 -78 -78 -78 -78 -78 -78 -78 -78 -78 -78 -77 -77 -76 -76 -77 -77 -80 -80 -80 -80 -82 -82 -82 -82 -82 -82 -82 -82 -82 -82 -80 -80 -83 -77 -81 -81 -77 -77 -77 -77 -77 -77 -77 -77 -77 -77 -77 -77 -77 -77 -83 -83 -81 -81 -80 -80 -82 -82 -136 -136 -136 -87 -84 -86 -86 -82 -82 -77 -77 -80 -80 -80 -80 -74 -74 -74 -74 -74 -74 -70 -70 -70 -70 -70 -70 -67 -67 -70 -70 -70 -70 -70 -70 -70 -70 -70 -70 -78 -78 -78 -78 -78 -78 -78 -78 -78 -78 -78 -78 -78 -78 -78 -78 -78 -78 -78 -78 -78 -78 -78 -78 -78 -78 -78 -78 -78 -78 -78 -78 -78 -78 -78 -78 -78 -78 -78 -78 -78 -78 
CQI
2147483647 2147483647 2147483647 2147483647 2147483647 2147483647 2147483647 2147483647 2147483647 2147483647 2147483647 2147483647 2147483647 2147483647 2147483647 2147483647 2147483647 2147483647 2147483647 2147483647 2147483647 2147483647 2147483647 2147483647 2147483647 2147483647 2147483647 2147483647 2147483647 2147483647 2147483647 2147483647 2147483647 2147483647 2147483647 2147483647 2147483647 2147483647 2147483647 2147483647 2147483647 2147483647 2147483647 2147483647 2147483647 2147483647 2147483647 2147483647 2147483647 2147483647 2147483647 2147483647 2147483647 2147483647 2147483647 2147483647 2147483647 2147483647 2147483647 2147483647 2147483647 2147483647 2147483647 2147483647 2147483647 2147483647 2147483647 2147483647 2147483647 2147483647 2147483647 2147483647 2147483647 2147483647 2147483647 2147483647 2147483647 2147483647 2147483647 2147483647 2147483647 2147483647 2147483647 2147483647 2147483647 2147483647 2147483647 2147483647 2147483647 2147483647 2147483647 2147483647 2147483647 2147483647 2147483647 2147483647 2147483647 2147483647 2147483647 2147483647 2147483647 2147483647 2147483647 2147483647 2147483647 2147483647 2147483647 2147483647 2147483647 2147483647 2147483647 2147483647 2147483647 2147483647 2147483647 2147483647 2147483647 2147483647 2147483647 2147483647 2147483647 2147483647 2147483647 2147483647 2147483647 2147483647 2147483647 2147483647 2147483647 2147483647 2147483647 2147483647 2147483647 2147483647 2147483647 2147483647 2147483647 2147483647 2147483647 2147483647 2147483647 2147483647 2147483647 2147483647 2147483647 2147483647 2147483647 2147483647 2147483647 2147483647 2147483647 2147483647 2147483647 2147483647 2147483647 2147483647 2147483647 2147483647 2147483647 2147483647 2147483647 2147483647 2147483647 2147483647 2147483647 2147483647 2147483647 2147483647 2147483647 2147483647 2147483647 2147483647 2147483647 2147483647 2147483647 2147483647 2147483647 2147483647 2147483647 2147483647 2147483647 2147483647 2147483647 2147483647 2147483647 2147483647 2147483647 2147483647 2147483647 2147483647 2147483647 2147483647 2147483647 2147483647 2147483647 2147483647 2147483647 2147483647 2147483647 2147483647 2147483647 2147483647 2147483647 2147483647 2147483647 2147483647 2147483647 2147483647 2147483647 2147483647 2147483647 2147483647 2147483647 2147483647 2147483647 2147483647 2147483647 2147483647 2147483647 2147483647 2147483647 2147483647 2147483647 2147483647 2147483647 2147483647 2147483647 2147483647 2147483647 2147483647 2147483647 2147483647 2147483647 2147483647 2147483647 2147483647 2147483647 2147483647 2147483647 2147483647 2147483647 2147483647 2147483647 2147483647 2147483647 2147483647 2147483647 2147483647 2147483647 2147483647 2147483647 2147483647 2147483647 2147483647 2147483647 2147483647 2147483647 2147483647 2147483647 2147483647 2147483647 2147483647 2147483647 2147483647 2147483647 2147483647 2147483647 2147483647 2147483647 2147483647 2147483647 2147483647 2147483647 2147483647 2147483647 
Altitude
-92.81251525878906 -92.12551879882812 -91.3539810180664 -90.67755889892578 -89.29300689697266 -87.41170501708984 -85.36658477783203 -83.1893539428711 -80.97512817382812 -79.22065734863281 -76.95886993408203 -75.0300064086914 -73.01131439208984 -70.89749145507812 -68.83123779296875 -66.78611755371094 -64.73042297363281 -62.51620101928711 -60.629615783691406 -58.64262771606445 -56.724334716796875 -54.695068359375 -52.74507141113281 -51.05401611328125 -49.516212463378906 -48.40117263793945 -47.25971221923828 -46.41946792602539 -45.700767517089844 -45.124752044677734 -45.00849533081055 -44.55930709838867 -44.14711380004883 -43.59751892089844 -43.4178466796875 -43.100772857666016 -42.72557067871094 -42.57231903076172 -42.619876861572266 -42.329227447509766 -42.234107971191406 -41.880043029785156 -41.49427032470703 -41.18247985839844 -41.103214263916016 -41.0556526184082 -40.754432678222656 -40.257686614990234 -39.628822326660156 -36.70647048950195 -34.73004913330078 -35.16337966918945 -34.16460037231445 -32.86988830566406 -31.310945510864258 -29.572330474853516 -27.157291412353516 -25.846723556518555 -24.430463790893555 -22.771116256713867 -21.851604461669922 -20.599166870117188 -19.996728897094727 -18.71786880493164 -18.16299057006836 -17.026813507080078 -16.508926391601562 -15.673969268798828 -15.314619064331055 -15.177221298217773 -14.923563003540039 -14.685758590698242 -14.728034973144531 -14.014620780944824 -14.18372631072998 -12.7199068069458 -11.95364761352539 -12.038200378417969 -11.726411819458008 -11.75283432006836 -11.673565864562988 -11.102834701538086 -11.04470443725586 -11.0129976272583 -11.208525657653809 -11.134542465209961 -11.028851509094238 -10.902022361755371 -10.949583053588867 -10.93372917175293 -10.680070877075195 -10.542673110961914 -10.553241729736328 -10.939014434814453 -11.71055793762207 -13.158523559570312 -15.441448211669922 -16.212993621826172 -18.062583923339844 -19.753639221191406 -21.375995635986328 -22.993066787719727 -24.203227996826172 -25.37639808654785 -27.490217208862305 -28.31989097595215 -30.100784301757812 -31.47476577758789 -33.96378707885742 -34.370697021484375 -35.760536193847656 -36.32598114013672 -37.625980377197266 -37.9324836730957 -38.71988296508789 -39.708091735839844 -40.706871032714844 -41.488983154296875 -40.87069320678711 -41.05036926269531 -40.93410873413086 -41.420284271240234 -42.329227447509766 -41.30931091308594 -40.838985443115234 -40.907684326171875 -40.73857879638672 -39.998741149902344 -40.257686614990234 -40.45321273803711 -40.35809326171875 -40.484920501708984 -40.484920501708984 -40.47434997558594 -40.627601623535156 -40.685733795166016 -40.400367736816406 -40.08858108520508 -40.23654556274414 -40.125572204589844 -40.067440032958984 -39.5865478515625 -38.291831970214844 -35.95606231689453 -34.95199966430664 -34.54508972167969 -33.276798248291016 -31.1788330078125 -29.51948356628418 -27.421518325805664 -25.265422821044922 -23.188594818115234 -21.75648307800293 -20.398353576660156 -19.082502365112305 -18.136568069458008 -17.27518653869629 -16.429658889770508 -15.969903945922852 -15.452017784118652 -14.971123695373535 -14.65933609008789 -15.203643798828125 -14.971123695373535 -14.030474662780762 -13.533726692199707 -13.491450309753418 -13.523158073425293 -13.084540367126465 -12.328849792480469 -12.582508087158203 -11.816248893737793 -11.393485069274902 -11.145111083984375 -11.171533584594727 -11.102834701538086 -11.023567199707031 -10.970721244812012 -10.94429874420166 -10.965436935424805 -11.049989700317383 -11.113404273986816 -11.160964965820312 -11.05527400970459 -10.706493377685547 -10.970721244812012 -11.546736717224121 -13.375190734863281 -15.636977195739746 -16.58819580078125 -17.8512020111084 -19.64794921875 -20.609737396240234 -22.094694137573242 -23.896724700927734 -24.546724319458008 -27.331680297851562 -27.77029800415039 -30.201190948486328 -30.80362892150879 -34.15931701660156 -34.10647201538086 -34.67191696166992 -34.88330078125 -36.60606384277344 -38.08573532104492 -37.916629791259766 -38.492645263671875 -39.98817443847656 -39.713375091552734 -40.44264602661133 -40.95524597167969 -41.066219329833984 -40.44264602661133 -42.123130798339844 -41.65280532836914 -41.51540756225586 -40.98695373535156 -39.8243522644043 -40.51134490966797 -40.44264602661133 -40.52191162109375 -41.129634857177734 -40.72272491455078 -40.548336029052734 -40.548336029052734 -40.336952209472656 -40.0040283203125 -39.38573455810547 -39.354026794433594 -39.57597732543945 -40.194271087646484 -40.63288879394531 -40.47434997558594 -40.47434997558594 -40.6381721496582 -40.543052673339844 -40.7650032043457 -41.36215591430664 -41.95402526855469 -42.186546325683594 -44.95564651489258 -45.521095275878906 -47.809303283691406 -48.69182205200195 -51.704017639160156 -52.82962417602539 -54.784908294677734 -55.51417541503906 -56.47067642211914 -58.653194427490234 -59.78937530517578 -61.25319290161133 -62.997093200683594 -64.97879791259766 -66.2470932006836 -67.30400085449219 -68.78895568847656 -70.77066040039062 -72.4511489868164 -73.48692321777344 -73.64546203613281 -75.66415405273438 -77.16497039794922 -78.72390747070312 -80.6474838256836 -82.34910583496094 -84.01374053955078 -85.99544525146484 -87.50154113769531 -88.28365325927734 -88.97064971923828 -90.56129455566406 -91.78202819824219 -92.99747467041016 