LTE(1) or 5G(2)
2 2 2 2 2 2 2 2 2 2 2 2 2 2 2 2 2 2 2 2 2 2 2 2 2 2 2 2 2 2 2 2 2 2 2 2 2 2 2 2 2 2 2 2 2 2 2 2 2 2 2 2 2 2 2 2 2 2 2 1 1 2 2 2 2 2 2 2 2 2 2 2 2 2 2 2 2 2 2 2 2 2 2 2 2 2 2 2 2 2 2 2 2 2 2 2 2 2 2 2 2 2 1 1 1 1 1 1 1 2 2 2 2 2 2 2 2 2 2 2 2 1 1 1 2 2 2 2 2 2 2 2 2 2 2 2 2 2 2 2 2 2 2 2 2 2 2 2 2 2 2 1 1 1 1 1 1 1 1 1 1 2 2 2 2 2 2 2 2 2 2 2 2 2 2 2 2 2 2 2 2 2 2 2 2 2 2 2 2 2 2 2 2 2 2 2 2 2 2 2 2 2 2 2 2 2 2 2 2 1 1 1 2 2 2 2 2 2 2 2 2 2 2 2 2 1 1 1 1 1 1 1 1 1 1 1 2 2 2 2 2 2 2 2 2 2 2 2 2 1 1 1 2 2 2 2 2 2 2 2 2 2 1 1 1 1 1 1 2 2 2 2 2 2 2 2 2 2 2 2 2 2 2 2 2 2 2 2 2 2 2 2 2 2 2 2 2 2 2 2 2 2 2 2 2 2 2 2 2 2 
SNR of LTE
-1 0 0 0 0 0 0 0 0 0 0 0 0 0 0 0 0 0 0 0 0 0 0 0 0 0 0 0 0 0 0 0 0 0 0 0 0 0 -2 -2 -2 -2 -2 -2 -2 -2 -3 -3 -3 -3 -3 -3 -3 -3 -3 -3 -4 -4 -4 -4 -4 -4 -4 -4 -4 -3 -3 -4 -4 -4 -4 -4 -4 -4 -4 -5 -5 -5 -5 -5 -5 -5 -5 -5 -5 -5 -4 -4 -4 -4 -4 -4 -4 -4 -4 -4 -4 -4 -4 -4 -4 -4 -4 -4 -4 -4 -7 -7 -7 -7 -7 -7 -7 -7 -7 -5 -5 -5 -4 -4 -4 -4 -3 -3 -3 -3 -3 -3 -2 -2 -2 -2 -3 -3 -3 -3 -3 -3 -3 -4 -4 -4 -4 -4 -4 -4 -4 -4 -4 -4 -4 -5 -5 -5 -6 -6 -6 -6 -6 -6 -6 -6 -6 -6 -6 -6 -6 -6 -6 -5 -5 -4 -4 -4 -4 -3 -3 -2 -2 -2 -2 -2 -2 -2 -2 -1 -1 -1 -1 -1 -1 -1 -1 -2 -2 -2 -2 -2 -2 -3 -3 -3 -3 -4 -4 -3 -3 -5 -5 -5 -5 -6 -6 -6 -6 -6 -6 -6 -6 -6 -6 -6 -6 -7 -7 -7 -7 -7 -7 -8 -8 -6 -6 -6 -6 -5 -5 -5 -5 -5 -6 -6 -6 -6 -6 -6 -6 -6 -5 -5 -5 -5 -5 -5 -5 -5 -5 -5 -5 -5 -5 -5 -6 -6 -6 -6 -5 -5 -5 -5 -5 -5 -5 -5 -4 -4 -4 -3 -3 -2 -2 -2 -2 1 1 1 1 1 1 1 1 1 1 1 1 3 3 3 3 3 3 6 6 6 6 6 6 6 6 6 
SNR of 5G
9 6 6 6 6 6 7 7 7 7 7 7 7 7 7 7 7 7 7 7 7 7 7 7 7 7 7 7 2 2 2 2 2 2 1 1 0 0 -2 -2 0 0 -3 -3 0 0 0 0 0 0 0 0 0 0 0 0 -1 -1 -1 0 0 1 1 1 1 3 3 3 3 3 3 5 5 5 5 6 6 7 7 7 7 8 8 8 8 8 8 8 8 7 7 7 7 7 7 7 7 7 7 7 7 6 0 0 0 0 0 0 0 2 2 0 0 -3 -3 -7 -7 -2 -2 -1 -1 0 0 0 0 0 0 0 0 0 0 0 1 1 0 0 0 0 0 0 0 0 -1 -1 -1 -1 0 0 0 0 -2 0 0 0 0 0 0 0 0 0 0 0 0 0 0 0 0 0 0 -1 -1 -2 -2 1 1 2 2 3 3 3 3 6 6 1 1 4 4 4 4 4 4 4 4 3 3 1 1 1 1 -1 -1 0 0 -3 -3 -4 -4 2 2 0 0 0 4 1 1 1 1 1 1 2 2 1 1 1 1 0 0 0 0 0 0 0 0 0 0 0 2 2 1 1 0 0 -1 -1 0 0 -2 -2 -3 0 0 0 -1 -1 0 0 1 1 1 1 0 0 0 0 0 0 0 0 1 1 1 1 1 1 2 2 2 2 2 2 3 3 3 3 3 3 3 3 3 3 3 3 3 3 3 3 3 3 3 3 3 6 6 6 6 6 6 6 6 6 
RSSI
-51 -51 -51 -51 -51 -51 -51 -51 -51 -51 -51 -51 -51 -51 -51 -51 -51 -51 -51 -51 -51 -51 -51 -51 -51 -51 -51 -51 -51 -51 -51 -51 -51 -51 -51 -51 -51 -51 -51 -51 -51 -51 -51 -51 -51 -51 -51 -51 -51 -51 -51 -51 -51 -51 -51 -51 -51 -51 -51 -51 -51 -51 -51 -51 -51 -51 -51 -51 -51 -51 -51 -51 -51 -51 -51 -51 -51 -51 -51 -51 -51 -51 -51 -51 -51 -51 -51 -51 -51 -51 -51 -51 -51 -51 -51 -51 -51 -51 -51 -51 -51 -51 -51 -51 -51 -51 -51 -51 -51 -51 -51 -51 -51 -51 -51 -51 -51 -51 -51 -51 -51 -51 -51 -51 -51 -51 -51 -51 -51 -51 -51 -51 -51 -51 -51 -51 -51 -51 -51 -51 -51 -51 -51 -51 -51 -51 -51 -51 -51 -51 -51 -51 -51 -51 -51 -51 -51 -51 -51 -51 -51 -51 -51 -51 -51 -51 -51 -51 -51 -51 -51 -51 -51 -51 -51 -51 -51 -51 -51 -51 -53 -51 -51 -51 -51 -51 -51 -51 -51 -51 -51 -51 -51 -51 -51 -51 -51 -51 -51 -51 -51 -51 -51 -51 -51 -51 -51 -51 -51 -51 -51 -51 -51 -51 -51 -51 -51 -51 -51 -51 -51 -51 -51 -51 -51 -51 -51 -51 -51 -51 -51 -51 -51 -51 -51 -51 -51 -51 -51 -51 -51 -51 -51 -51 -51 -51 -51 -51 -51 -51 -51 -51 -51 -51 -51 -51 -51 -51 -51 -51 -51 -51 -51 -51 -51 -51 -51 -51 -51 -51 -51 -51 -51 -51 -51 -51 -51 -51 -51 -51 -51 -51 -51 -51 -51 -51 -51 -51 -51 -51 -51 -51 -51 -51 -51 -51 -51 -51 -51 -51 -51 -51 -51 -51 -51 -51 -51 -51 -51 -51 
RSRP
-83 -79 -79 -79 -79 -79 -78 -78 -78 -78 -78 -78 -78 -78 -78 -78 -78 -78 -78 -78 -78 -78 -78 -78 -78 -78 -78 -78 -75 -75 -75 -75 -75 -75 -75 -75 -75 -75 -76 -76 -76 -76 -76 -76 -76 -76 -76 -76 -76 -76 -76 -77 -77 -77 -77 -77 -78 -78 -78 -78 -78 -78 -78 -78 -78 -78 -78 -78 -78 -78 -78 -78 -78 -78 -78 -79 -79 -79 -79 -79 -79 -79 -79 -79 -79 -79 -78 -78 -78 -78 -78 -78 -77 -77 -77 -77 -77 -77 -77 -77 -77 -77 -77 -77 -77 -77 -76 -76 -76 -76 -76 -76 -76 -76 -76 -75 -75 -75 -74 -74 -74 -73 -73 -73 -73 -73 -73 -73 -73 -73 -73 -73 -74 -74 -74 -74 -75 -75 -75 -76 -77 -77 -77 -77 -77 -77 -78 -78 -78 -78 -78 -78 -78 -78 -80 -80 -80 -79 -79 -79 -79 -79 -79 -79 -79 -78 -78 -76 -76 -75 -75 -74 -74 -74 -74 -73 -73 -72 -72 -72 -72 -73 -73 -73 -73 -73 -73 -73 -73 -73 -73 -73 -73 -75 -75 -76 -76 -76 -76 -77 -77 -77 -77 -78 -78 -77 -77 -78 -78 -78 -78 -78 -78 -78 -78 -78 -78 -78 -78 -79 -79 -79 -79 -80 -80 -80 -80 -80 -80 -81 -81 -80 -80 -80 -80 -79 -79 -79 -79 -79 -79 -79 -79 -79 -79 -79 -79 -79 -80 -80 -80 -80 -80 -80 -80 -80 -80 -80 -80 -81 -81 -81 -81 -81 -81 -80 -79 -79 -79 -79 -79 -79 -79 -79 -76 -76 -76 -75 -75 -73 -73 -73 -73 -71 -71 -71 -71 -71 -71 -71 -71 -71 -71 -71 -71 -68 -68 -68 -68 -68 -68 -67 -67 -67 -67 -67 -67 -67 -67 -67 
CID
13792258 13792258 13792258 13792258 13792258 13792258 13792258 13792258 13792258 13792258 13792258 13792258 13792258 13792258 13792258 13792258 13792258 13792258 13792258 13792258 13792258 13792258 13792258 13792258 13792258 13792258 13792258 13792258 13792258 13792258 13792258 13792258 13792258 13792258 13792258 13792258 13792258 13792258 13792258 13792258 13792258 13792258 13792258 13792258 13792258 13792258 13792258 13792258 13792258 13792258 13792258 13792258 13792258 13792258 13792258 13792258 13792258 13792258 13792258 13792258 13792258 13792258 13792258 13792258 13792258 13792258 13792258 13792258 13792258 13792258 13792258 13792258 13792258 13792258 13792258 13792513 13792513 13792513 13792513 13769739 13769739 13769739 13769739 13769739 13769739 13769739 13769739 13769739 13769739 13769739 13769739 13769739 13792513 13792513 13792513 13792513 13792513 13792513 13792513 13792513 13792513 13792513 13792513 13792513 13792513 13792513 13792513 13769739 13769739 13769739 13769739 13769739 13769739 13769739 13769739 13769739 13769739 13769739 13769739 13769739 13769739 13769739 13769739 13769739 13769739 13769739 13769739 13769739 13769739 13769739 13769739 13769739 13769739 13769739 13769739 13754890 13754890 13769739 13769739 13769739 13769739 13792258 13792258 13792258 13792258 13792258 13792258 13792258 13769739 13769739 13769739 13769739 13769739 13769739 13682186 13682186 13682186 13682186 13769739 13769739 13769739 13769739 13769739 13769739 13769739 13769739 13769739 13769739 13769739 13769739 13769739 13769739 13769739 13769739 13769739 13769739 13769739 13769739 13769739 13769739 13792523 13792513 13792513 13792513 13792513 13792513 13792513 13792513 13792513 13792513 13792513 13792513 13792513 13792513 13792513 13792513 13792513 13792513 13792513 13792513 13792513 13792513 13792513 13792513 13754890 13754890 13754890 13754890 13754890 13792257 13792257 13792257 13792258 13792258 13792258 13792258 13792258 13792258 13792258 13792258 13792258 13792258 13792258 13792258 13792258 13792258 13792258 13792258 13792258 13792258 13792258 13792258 13792258 13792258 13792258 13792258 13792258 13792258 13792258 13792258 13792258 13792258 13754890 13754890 13754890 13754890 13754890 13754890 13754890 13792257 13792257 13792257 13792257 13792257 13792257 13792257 13792257 13792257 13792257 13792257 13792257 13792257 13792257 13792257 13792257 13792257 13792526 13678086 13678086 13678086 13678086 13678086 13678086 13678086 13678086 13678086 13678086 13678086 13678086 13678086 13678086 13678086 13678086 13678086 13678086 13678086 13678086 13678086 13678086 13678086 13678086 13678086 13678086 13678086 13678086 13678086 13678086 13678086 13678086 13678086 13678086 13678086 13678086 13678086 13678086 13678086 13678086 13678086 13678086 13678086 
RSRP of 5G
-80 -79 -79 -79 -79 -79 -78 -78 -78 -78 -78 -78 -78 -78 -78 -78 -78 -78 -78 -78 -78 -78 -78 -78 -78 -78 -78 -78 -77 -77 -77 -76 -78 -78 -79 -79 -82 -82 -91 -91 -89 -89 -119 -119 -116 -116 -89 -89 -85 -85 -85 -83 -83 -83 -83 -83 -86 -82 -82 -82 -82 -91 -91 -93 -93 -84 -84 -80 -80 -80 -80 -82 -82 -82 -82 -80 -80 -82 -82 -82 -82 -80 -80 -81 -81 -81 -81 -78 -78 -83 -83 -87 -87 -86 -86 -86 -86 -86 -86 -86 -86 -80 -80 -80 -80 -80 -80 -80 -80 -89 -89 -90 -90 -114 -114 -85 -85 -96 -96 -84 -84 -87 -87 -87 -83 -83 -81 -81 -82 -82 -86 -86 -88 -88 -84 -84 -110 -110 -88 -88 -96 -96 -87 -87 -87 -87 -92 -92 -85 -85 -120 -120 -120 -120 -120 -120 -120 -120 -83 -83 -83 -84 -84 -84 -84 -87 -87 -88 -88 -86 -86 -101 -101 -79 -79 -78 -78 -79 -79 -79 -78 -78 -78 -80 -80 -78 -78 -78 -78 -78 -78 -78 -78 -77 -77 -82 -82 -92 -92 -91 -91 -85 -85 -84 -84 -84 -84 -83 -83 -83 -83 -83 -80 -83 -83 -84 -84 -84 -84 -88 -88 -82 -82 -85 -85 -85 -85 -85 -85 -85 -85 -85 -85 -85 -85 -85 -80 -80 -85 -85 -85 -85 -84 -84 -85 -85 -99 -99 -107 -107 -107 -107 -83 -83 -81 -81 -83 -83 -83 -86 -87 -87 -87 -87 -87 -87 -87 -87 -78 -78 -78 -78 -78 -78 -76 -76 -76 -76 -76 -75 -76 -76 -76 -76 -76 -76 -76 -76 -76 -76 -76 -76 -76 -76 -76 -76 -76 -76 -76 -76 -76 -77 -77 -77 -77 -77 -77 -77 -77 -77 
CQI
2147483647 2147483647 2147483647 2147483647 2147483647 2147483647 2147483647 2147483647 2147483647 2147483647 2147483647 2147483647 2147483647 2147483647 2147483647 2147483647 2147483647 2147483647 2147483647 2147483647 2147483647 2147483647 2147483647 2147483647 2147483647 2147483647 2147483647 2147483647 2147483647 2147483647 2147483647 2147483647 2147483647 2147483647 2147483647 2147483647 2147483647 2147483647 2147483647 2147483647 2147483647 2147483647 2147483647 2147483647 2147483647 2147483647 2147483647 2147483647 2147483647 2147483647 2147483647 2147483647 2147483647 2147483647 2147483647 2147483647 2147483647 2147483647 2147483647 2147483647 2147483647 2147483647 2147483647 2147483647 2147483647 2147483647 2147483647 2147483647 2147483647 2147483647 2147483647 2147483647 2147483647 2147483647 2147483647 2147483647 2147483647 2147483647 2147483647 2147483647 2147483647 2147483647 2147483647 2147483647 2147483647 2147483647 2147483647 2147483647 2147483647 2147483647 2147483647 2147483647 2147483647 2147483647 2147483647 2147483647 2147483647 2147483647 2147483647 2147483647 2147483647 2147483647 2147483647 2147483647 2147483647 2147483647 2147483647 2147483647 2147483647 2147483647 2147483647 2147483647 2147483647 2147483647 2147483647 2147483647 2147483647 2147483647 2147483647 2147483647 2147483647 2147483647 2147483647 2147483647 2147483647 2147483647 2147483647 2147483647 2147483647 2147483647 2147483647 2147483647 2147483647 2147483647 2147483647 2147483647 2147483647 2147483647 2147483647 2147483647 2147483647 2147483647 2147483647 2147483647 2147483647 2147483647 2147483647 2147483647 2147483647 2147483647 2147483647 2147483647 2147483647 2147483647 2147483647 2147483647 2147483647 2147483647 2147483647 2147483647 2147483647 2147483647 2147483647 2147483647 2147483647 2147483647 2147483647 2147483647 2147483647 2147483647 2147483647 2147483647 2147483647 2147483647 2147483647 2147483647 2147483647 2147483647 2147483647 2147483647 2147483647 2147483647 2147483647 2147483647 2147483647 2147483647 2147483647 2147483647 2147483647 2147483647 2147483647 2147483647 2147483647 2147483647 2147483647 2147483647 2147483647 2147483647 2147483647 2147483647 2147483647 2147483647 2147483647 2147483647 2147483647 2147483647 2147483647 2147483647 2147483647 2147483647 2147483647 2147483647 2147483647 2147483647 2147483647 2147483647 2147483647 2147483647 2147483647 2147483647 2147483647 2147483647 2147483647 2147483647 2147483647 2147483647 2147483647 2147483647 2147483647 2147483647 2147483647 2147483647 2147483647 2147483647 2147483647 2147483647 2147483647 2147483647 2147483647 2147483647 2147483647 2147483647 2147483647 2147483647 2147483647 2147483647 2147483647 2147483647 2147483647 2147483647 2147483647 2147483647 2147483647 2147483647 2147483647 2147483647 2147483647 2147483647 2147483647 2147483647 2147483647 2147483647 2147483647 2147483647 2147483647 2147483647 2147483647 2147483647 2147483647 2147483647 2147483647 2147483647 2147483647 2147483647 2147483647 2147483647 2147483647 2147483647 2147483647 2147483647 2147483647 2147483647 2147483647 2147483647 2147483647 2147483647 2147483647 2147483647 2147483647 2147483647 2147483647 2147483647 2147483647 2147483647 2147483647 2147483647 2147483647 2147483647 2147483647 2147483647 2147483647 2147483647 2147483647 2147483647 2147483647 2147483647 2147483647 2147483647 2147483647 2147483647 
Altitude
-74.22147369384766 -73.508056640625 -72.87919616699219 -71.85928344726562 -70.35318756103516 -68.28692626953125 -66.18367767333984 -64.15441131591797 -62.1779899597168 -59.916202545166016 -57.717830657958984 -55.79954147338867 -53.97108840942383 -51.92068099975586 -49.870277404785156 -47.9942626953125 -45.748329162597656 -43.86174774169922 -41.71622085571289 -39.82963562011719 -37.921913146972656 -35.83980178833008 -33.6467170715332 -31.728424072265625 -29.58289909362793 -27.569486618041992 -25.540220260620117 -23.6800594329834 -21.50811004638672 -19.457704544067383 -17.692665100097656 -15.568277359008789 -13.454458236694336 -11.219095230102539 -9.438201904296875 -7.4195051193237305 -5.511783599853516 -3.4402406215667725 -1.7174780368804932 -0.12154459953308105 0.9089422225952148 2.060973644256592 3.070322275161743 3.6463379859924316 4.452231407165527 4.9331254959106445 5.514425754547119 5.886986255645752 6.198774337768555 6.539628028869629 6.737798690795898 6.76422119140625 7.192269325256348 7.282106876373291 7.268895626068115 7.464423656463623 7.5965375900268555 7.564830303192139 7.189627170562744 7.131497383117676 6.832920074462891 6.674384117126465 6.428652286529541 5.818286895751953 5.474791526794434 5.70466947555542 5.641254901885986 5.7310919761657715 5.863205909729004 6.0851569175720215 6.211986064910889 5.99796199798584 6.164424896240234 6.241050720214844 6.182920932769775 6.040238380432129 6.0851569175720215 6.235766410827637 6.185563087463379 6.275400638580322 6.280684947967529 6.381091594696045 6.4260101318359375 6.4630022048950195 6.270115852355957 6.1036529541015625 6.478855609893799 6.883123397827148 7.332310199737549 7.673163414001465 7.675805568695068 7.5965375900268555 7.525196075439453 7.379870891571045 7.490846633911133 7.340236663818359 7.4802775382995605 7.546334266662598 7.538407325744629 7.459139347076416 7.467065811157227 7.604464530944824 7.7603583335876465 8.33901596069336 8.286170959472656 7.829057693481445 6.999383449554443 5.897555351257324 5.37702751159668 4.52357292175293 4.848572731018066 4.927840709686279 5.149791717529297 5.102231025695801 5.009751319885254 5.384954452514648 5.575198173522949 5.501214027404785 5.419303894042969 5.223775386810303 5.424588203430176 5.2317023277282715 5.4325151443481445 5.474791526794434 5.456295490264893 5.0546698570251465 5.287189960479736 5.559344291687012 5.524994850158691 5.379669666290283 5.5910515785217285 5.369100570678711 5.554059982299805 5.709953784942627 5.918693542480469 6.568693161010742 6.793286323547363 6.534343242645264 6.079872131347656 6.262188911437988 7.147350788116455 7.123570442199707 7.239830493927002 7.445927619934082 7.416862964630127 7.511984825134277 7.506700038909912 7.541049957275391 7.205481052398682 7.213407516479492 7.374586582183838 7.028448581695557 6.645318984985352 6.904261589050293 6.753652095794678 6.280684947967529 5.7495880126953125 5.160360813140869 4.322760105133057 3.984549045562744 4.087597846984863 4.010972023010254 4.367678642272949 4.5552802085876465 4.4152398109436035 4.491865634918213 4.494507789611816 4.703247547149658 4.724385738372803 4.626621723175049 4.85121488571167 4.568491458892822 4.843287944793701 5.0546698570251465 4.642475128173828 4.684751510620117 4.7323126792907715 4.6530442237854 5.033531665802002 5.0969462394714355 3.7810940742492676 4.053248405456543 4.919914245605469 6.153855800628662 6.684952735900879 6.544912338256836 6.576619625091553 6.6268229484558105 6.613611698150635 6.415441036224365 6.682310581207275 6.782717227935791 6.719302654266357 6.708733558654785 6.587188720703125 6.79857063293457 7.448570251464844 7.736577987670898 7.403651237487793 7.493488788604736 7.181700706481934 5.990035057067871 5.598978519439697 5.23962926864624 4.898776054382324 4.7138166427612305 4.856499671936035 4.88556432723999 5.0678815841674805 5.297759056091309 5.297759056091309 5.443084239959717 5.556702136993408 5.686173439025879 5.728449821472168 5.421946048736572 5.292474746704102 5.379669666290283 5.52235221862793 5.519710063934326 5.538206100463867 5.598978519439697 5.635970115661621 5.672962188720703 5.752230167388916 4.87763786315918 5.448369026184082 6.153855800628662 6.832920074462891 7.300602912902832 6.7668633460998535 6.600399971008301 6.536985397338867 6.666457176208496 6.650603294372559 7.068082809448242 7.506700038909912 7.715439796447754 7.726008892059326 7.805276870727539 7.921537399291992 8.021944046020508 8.037796974182129 8.069504737854004 8.080073356628418 8.47113037109375 8.47113037109375 8.196333885192871 7.85019588470459 8.080073356628418 8.15141487121582 8.135560989379883 8.354869842529297 8.124992370605469 7.580683708190918 6.502635955810547 4.505076885223389 3.55914306640625 1.986989974975586 0.4148370027542114 -1.2101614475250244 -2.668696641921997 -4.259345531463623 -5.622758865356445 -7.197554111480713 -8.53982925415039 -10.230884552001953 -11.731696128845215 -13.375190734863281 -15.10323715209961 -16.45608139038086 -18.041446685791016 -19.468273162841797 -21.00079345703125 -22.538597106933594 -24.049976348876953 -25.630056381225586 -27.056884765625 -28.615825653076172 -30.148345947265625 -31.71785545349121 -33.09712219238281 -34.571510314941406 -36.114601135253906 -37.60484313964844 -39.110939025878906 -40.775569915771484 -42.28695297241211 -43.66621780395508 -45.26215362548828 -46.68898010253906 -48.13694763183594 -49.91255569458008 -51.28125 -52.76092529296875 -54.46255111694336 -55.8206787109375 -57.44303512573242 -59.065391540527344 -60.687747955322266 -62.109291076660156 -63.50969696044922 -64.9946517944336 -66.42676544189453 -67.63164520263672 -69.25928497314453 -69.99383544921875 -71.1141586303711 -72.73651885986328 -73.8674087524414 