LTE(1) or 5G(2)
2 2 2 2 2 2 2 2 2 2 2 2 2 2 2 2 2 2 2 2 2 2 2 2 2 2 2 2 2 2 2 2 2 2 2 2 2 2 2 2 2 2 2 2 2 2 2 2 2 2 2 2 2 2 2 2 2 2 2 2 2 2 2 2 2 2 2 2 2 2 2 2 2 2 2 2 2 2 2 2 2 2 2 2 2 1 1 2 2 2 2 2 2 2 2 2 2 2 2 2 2 2 2 2 2 2 2 2 2 2 2 2 2 2 2 2 2 2 2 2 2 2 2 2 2 2 2 2 2 2 2 2 2 2 2 2 2 2 2 2 2 2 2 2 2 2 2 2 2 2 2 2 2 2 2 2 2 2 1 1 2 2 1 1 1 1 2 2 2 2 2 2 1 1 2 2 2 2 2 2 2 2 2 2 2 2 2 2 2 2 2 2 2 2 2 2 2 2 2 2 2 2 2 2 2 2 2 2 2 2 2 2 2 2 2 2 2 2 2 2 2 2 2 2 2 2 2 2 2 2 2 2 2 2 2 2 2 2 2 2 2 2 2 2 2 2 2 2 2 2 2 2 2 2 2 2 2 2 2 2 2 2 2 
SNR of LTE
2 2 3 3 3 3 3 3 3 3 3 3 3 3 3 3 3 3 3 3 1 1 0 0 0 0 0 0 0 0 0 0 -1 -1 -1 -1 -1 -1 -2 -2 -3 -3 -3 -3 -3 -3 -3 -3 -1 -1 -1 -1 -1 -1 -1 -1 -1 0 0 0 0 0 0 0 1 1 2 2 2 2 2 2 2 2 1 1 1 1 1 1 1 1 0 0 0 0 0 0 0 0 0 0 0 0 0 0 0 0 0 0 0 0 0 0 0 0 0 0 0 0 0 0 0 0 0 1 1 1 1 1 1 2 2 2 2 2 2 2 3 3 3 3 3 3 3 3 3 3 3 3 2 2 2 2 2 2 2 2 2 2 2 2 2 2 2 2 2 2 1 1 0 0 0 0 0 -1 -1 -1 -1 -4 -4 -4 -4 -4 -4 -4 -5 -4 -4 -4 -4 -4 -4 -4 -4 -4 -4 -3 -3 -3 -3 -3 -3 -3 -3 -3 -3 -3 -3 -3 -3 -3 -3 -3 -3 -3 -3 -3 -3 -3 -3 -4 -4 -4 -4 -5 -5 -5 -5 -5 -5 -5 -5 -5 -4 -4 -4 -4 -4 -4 -4 -4 -4 -4 -4 -3 -3 -3 -3 -3 -2 -2 -1 -1 -1 -1 -1 -1 0 0 0 0 0 0 1 1 1 1 1 1 1 1 3 
SNR of 5G
8 7 7 7 7 7 7 7 8 8 8 8 3 3 3 3 3 3 3 3 7 7 6 6 6 6 6 6 6 6 5 5 5 5 5 5 5 5 2 2 3 3 3 3 3 3 3 3 5 5 4 4 4 4 4 4 4 6 7 7 5 5 5 5 2 2 3 3 3 3 3 3 3 3 3 3 3 3 3 3 3 3 3 3 -4 0 0 4 4 4 4 0 0 0 0 0 0 -2 -2 1 1 -2 -2 -2 -2 -1 -1 -1 -1 -1 -1 -1 -1 -2 -3 0 0 -2 -2 -1 -1 7 7 7 7 7 7 7 6 6 6 4 4 4 4 4 4 -1 -1 0 0 0 0 1 1 0 0 0 0 0 0 -2 -2 -3 -3 -5 -5 -5 0 0 1 0 0 0 0 0 -2 -2 -2 -2 -2 -2 0 0 -1 -1 1 1 -1 -1 0 0 0 0 -2 -2 -3 -3 0 0 4 4 4 4 4 4 4 4 4 4 9 9 9 9 9 9 8 8 8 9 9 10 10 10 10 9 9 9 9 9 9 9 6 6 2 2 2 2 2 2 3 3 3 3 2 2 2 2 2 2 1 1 1 1 1 1 1 1 1 1 2 2 2 2 4 4 4 4 4 4 4 4 6 
RSSI
-51 -51 -51 -51 -51 -51 -51 -51 -51 -51 -51 -51 -51 -51 -51 -51 -51 -51 -51 -51 -51 -51 -51 -51 -51 -51 -51 -51 -51 -51 -51 -51 -51 -51 -51 -51 -51 -51 -51 -51 -51 -51 -51 -51 -51 -51 -51 -51 -51 -51 -51 -51 -51 -51 -51 -51 -51 -51 -51 -51 -51 -51 -51 -51 -51 -51 -51 -51 -51 -51 -51 -51 -51 -51 -51 -51 -51 -51 -51 -51 -51 -51 -51 -51 -51 -51 -51 -51 -51 -51 -51 -51 -51 -51 -51 -51 -51 -51 -51 -51 -51 -51 -51 -51 -51 -51 -51 -51 -51 -51 -51 -51 -51 -51 -51 -51 -51 -51 -51 -51 -51 -51 -51 -51 -51 -51 -51 -51 -51 -51 -51 -51 -51 -51 -51 -51 -51 -51 -51 -51 -51 -51 -51 -51 -51 -51 -51 -51 -51 -51 -51 -51 -51 -51 -51 -51 -51 -51 -51 -51 -51 -51 -51 -51 -51 -51 -51 -51 -51 -51 -51 -51 -51 -51 -51 -51 -51 -51 -51 -51 -51 -51 -51 -51 -51 -51 -51 -51 -51 -51 -51 -51 -51 -51 -51 -51 -51 -51 -51 -51 -51 -51 -51 -51 -51 -51 -51 -51 -51 -51 -51 -51 -51 -51 -51 -51 -51 -51 -51 -51 -51 -51 -51 -51 -51 -51 -51 -51 -51 -51 -51 -51 -51 -51 -51 -51 -51 -51 -51 -51 -51 -51 -51 -51 -51 -51 -51 -51 -51 -51 -51 -51 -51 -51 -51 -51 -51 -51 -51 -51 -51 -51 -51 
RSRP
-81 -81 -79 -79 -79 -79 -79 -79 -75 -75 -75 -75 -73 -73 -73 -73 -73 -73 -73 -73 -72 -72 -72 -72 -72 -72 -72 -72 -72 -72 -73 -73 -73 -73 -73 -73 -73 -73 -73 -73 -74 -74 -74 -74 -74 -74 -74 -74 -72 -72 -72 -72 -72 -72 -72 -72 -72 -71 -71 -71 -71 -71 -71 -71 -71 -71 -71 -71 -71 -71 -71 -71 -71 -71 -71 -71 -71 -71 -71 -71 -71 -71 -72 -72 -73 -73 -73 -73 -73 -73 -73 -73 -73 -73 -73 -74 -74 -74 -75 -75 -75 -75 -75 -75 -75 -76 -76 -76 -76 -76 -75 -75 -75 -75 -75 -74 -74 -74 -74 -74 -74 -74 -74 -74 -74 -74 -74 -74 -72 -72 -72 -72 -72 -72 -72 -72 -72 -72 -72 -72 -73 -73 -73 -74 -74 -74 -74 -74 -74 -74 -74 -72 -72 -72 -72 -72 -72 -72 -73 -73 -73 -73 -73 -75 -75 -76 -76 -76 -76 -78 -78 -78 -78 -80 -80 -80 -80 -80 -80 -80 -80 -80 -80 -80 -80 -80 -80 -79 -79 -79 -79 -79 -79 -79 -79 -79 -79 -79 -79 -79 -80 -80 -80 -80 -80 -80 -80 -80 -80 -80 -80 -80 -80 -80 -80 -79 -79 -79 -79 -79 -79 -79 -77 -77 -76 -76 -76 -76 -76 -75 -75 -75 -75 -75 -75 -74 -74 -74 -74 -74 -73 -73 -73 -73 -73 -73 -73 -73 -72 -72 -72 -72 -72 -72 -71 -71 -71 -71 -71 -71 -71 -71 -71 
CID
13769745 13769745 13769745 13769745 13769745 13769745 13769745 13769745 13769745 13769745 13769745 13769745 13769745 13769745 13769745 13769745 13769745 13769745 13769745 13769745 13769745 13769745 13769745 13769745 13769745 13769745 13769745 13769745 13769745 13769745 13769745 13769745 13769745 13769745 13769745 13769745 13769745 13769745 13769745 13769745 13769745 13769745 13769745 13769745 13769745 13769745 13769745 13769745 13769745 13769745 13769745 13769745 13769745 13769745 13769745 13769745 13769745 13769745 13769745 13769745 13769745 13769745 13769745 13769745 13769745 13769745 13769745 13769745 13769745 13769745 13769745 13769745 13769745 13769745 13769745 13769745 13769745 13769745 13769745 13769745 13769745 13769745 13769745 13769745 13769745 13769745 13754888 13754888 13754888 13754888 13754888 13769745 13769745 13769745 13769745 13769745 13769745 13769745 13769745 13769745 13769745 13769745 13769745 13769745 13769745 13769745 13769745 13769745 13769745 13769745 13769745 13769745 13769745 13769745 13754896 13754896 13754896 13754896 13754896 13754896 13754896 13754896 13754896 13754896 13754896 13754896 13754896 13754896 13754896 13754896 13754896 13754896 13754896 13754896 13754896 13754896 13769745 13769745 13769745 13769745 13769745 13769745 13769745 13769745 13769745 13769745 13769745 13769745 13769745 13769745 13769745 13769745 13769745 13769745 13769745 13769745 13769745 13769745 13769745 13769745 13769745 13769745 13769745 14792454 14792454 14792454 14792454 14792454 14792454 14792454 14792454 14792454 14792454 14792454 14792454 14792454 14792454 13792534 13792534 13792534 13792534 13792534 13792534 13769745 13769745 13769745 13769745 13769745 13769745 13769745 13769745 13769745 13769745 13769745 13769745 13769745 13769745 13769745 13769745 13769745 13769745 13792279 13792279 13792279 13792279 13792279 13792279 13792279 13792279 13792279 13792279 13792279 13792279 13792279 13792279 13754888 13754888 13754888 13754888 13754888 13754888 13754888 13754888 13754888 13754888 13754888 13754888 13754888 13754888 13754888 13754888 13754888 13769745 13769745 13769745 13769745 13769745 13769745 13769745 13769745 13769745 13769745 13769745 13769745 13769745 13769745 13769745 13769745 13769745 13769745 13769745 13769745 13769745 13769745 13769745 13769745 13769745 13769745 13769745 13769745 13769745 13769745 13769745 
RSRP of 5G
-82 -76 -76 -76 -76 -76 -76 -76 -83 -83 -83 -83 -88 -88 -91 -91 -85 -85 -85 -85 -80 -80 -84 -84 -84 -84 -84 -84 -84 -84 -83 -83 -80 -80 -84 -84 -84 -84 -88 -88 -89 -89 -83 -83 -83 -83 -83 -83 -80 -80 -82 -82 -82 -82 -82 -82 -82 -81 -80 -80 -84 -84 -84 -84 -82 -82 -82 -82 -82 -82 -82 -82 -87 -87 -81 -81 -81 -81 -81 -81 -81 -81 -91 -83 -108 -108 -108 -76 -76 -76 -76 -81 -81 -81 -81 -81 -81 -90 -90 -81 -81 -81 -81 -82 -82 -82 -82 -82 -82 -82 -83 -83 -83 -90 -79 -85 -85 -80 -80 -82 -82 -76 -76 -76 -76 -76 -76 -76 -75 -75 -75 -74 -74 -78 -78 -86 -79 -81 -81 -79 -79 -79 -79 -79 -79 -79 -79 -79 -79 -79 -79 -80 -80 -81 -81 -82 -82 -82 -82 -82 -86 -81 -81 -81 -81 -81 -80 -80 -80 -80 -81 -81 -81 -81 -82 -82 -79 -79 -80 -80 -79 -79 -79 -78 -79 -79 -81 -81 -81 -81 -77 -77 -77 -77 -77 -77 -77 -77 -77 -77 -76 -76 -76 -76 -75 -75 -71 -71 -71 -69 -69 -70 -70 -70 -70 -72 -72 -72 -72 -72 -72 -72 -74 -74 -79 -79 -81 -81 -80 -80 -79 -79 -79 -79 -81 -81 -81 -81 -81 -81 -88 -88 -86 -86 -85 -85 -84 -84 -84 -84 -84 -84 -87 -87 -82 -82 -82 -82 -82 -82 -82 -82 -82 
CQI
2147483647 2147483647 2147483647 2147483647 2147483647 2147483647 2147483647 2147483647 2147483647 2147483647 2147483647 2147483647 2147483647 2147483647 2147483647 2147483647 2147483647 2147483647 2147483647 2147483647 2147483647 2147483647 2147483647 2147483647 2147483647 2147483647 2147483647 2147483647 2147483647 2147483647 2147483647 2147483647 2147483647 2147483647 2147483647 2147483647 2147483647 2147483647 2147483647 2147483647 2147483647 2147483647 2147483647 2147483647 2147483647 2147483647 2147483647 2147483647 2147483647 2147483647 2147483647 2147483647 2147483647 2147483647 2147483647 2147483647 2147483647 2147483647 2147483647 2147483647 2147483647 2147483647 2147483647 2147483647 2147483647 2147483647 2147483647 2147483647 2147483647 2147483647 2147483647 2147483647 2147483647 2147483647 2147483647 2147483647 2147483647 2147483647 2147483647 2147483647 2147483647 2147483647 2147483647 2147483647 2147483647 2147483647 2147483647 2147483647 2147483647 2147483647 2147483647 2147483647 2147483647 2147483647 2147483647 2147483647 2147483647 2147483647 2147483647 2147483647 2147483647 2147483647 2147483647 2147483647 2147483647 2147483647 2147483647 2147483647 2147483647 2147483647 2147483647 2147483647 2147483647 2147483647 2147483647 2147483647 2147483647 2147483647 2147483647 2147483647 2147483647 2147483647 2147483647 2147483647 2147483647 2147483647 2147483647 2147483647 2147483647 2147483647 2147483647 2147483647 2147483647 2147483647 2147483647 2147483647 2147483647 2147483647 2147483647 2147483647 2147483647 2147483647 2147483647 2147483647 2147483647 2147483647 2147483647 2147483647 2147483647 2147483647 2147483647 2147483647 2147483647 2147483647 2147483647 2147483647 2147483647 2147483647 2147483647 2147483647 2147483647 2147483647 2147483647 2147483647 2147483647 2147483647 2147483647 2147483647 2147483647 2147483647 2147483647 2147483647 2147483647 2147483647 2147483647 2147483647 2147483647 2147483647 2147483647 2147483647 2147483647 2147483647 2147483647 2147483647 2147483647 2147483647 2147483647 2147483647 2147483647 2147483647 2147483647 2147483647 2147483647 2147483647 2147483647 2147483647 2147483647 2147483647 2147483647 2147483647 2147483647 2147483647 2147483647 2147483647 2147483647 2147483647 2147483647 2147483647 2147483647 2147483647 2147483647 2147483647 2147483647 2147483647 2147483647 2147483647 2147483647 2147483647 2147483647 2147483647 2147483647 2147483647 2147483647 2147483647 2147483647 2147483647 2147483647 2147483647 2147483647 2147483647 2147483647 2147483647 2147483647 2147483647 2147483647 2147483647 2147483647 2147483647 2147483647 2147483647 2147483647 2147483647 2147483647 2147483647 2147483647 2147483647 2147483647 2147483647 2147483647 2147483647 2147483647 2147483647 2147483647 2147483647 2147483647 2147483647 2147483647 2147483647 2147483647 2147483647 2147483647 2147483647 2147483647 
Altitude
-72.62554168701172 -70.72838592529297 -68.56700897216797 -66.5166015625 -64.74099731445312 -62.67473602294922 -60.777584075927734 -58.79587936401367 -56.650352478027344 -54.54710388183594 -52.45442199707031 -50.36702346801758 -48.36418151855469 -46.14995574951172 -44.231666564941406 -42.01215362548828 -39.91947555541992 -37.99061584472656 -35.87150955200195 -34.24386978149414 -33.06013107299805 -32.03492736816406 -31.015010833740234 -30.417858123779297 -29.387371063232422 -28.869483947753906 -28.515419006347656 -28.20891571044922 -27.506071090698242 -27.03046226501465 -26.898347854614258 -26.671112060546875 -26.649974822998047 -26.052820205688477 -26.311763763427734 -26.042251586914062 -26.200788497924805 -26.41217041015625 -25.19672393798828 -25.497943878173828 -25.873146057128906 -26.179649353027344 -26.41217041015625 -26.41217041015625 -26.401599884033203 -26.41745376586914 -26.184934616088867 -26.16908073425293 -26.026397705078125 -26.12680435180664 -26.052820205688477 -26.200788497924805 -26.105667114257812 -26.311763763427734 -26.269487380981445 -26.28005599975586 -26.269487380981445 -26.644689559936523 -26.422739028930664 -26.3487548828125 -26.16908073425293 -26.068674087524414 -26.295909881591797 -26.317047119140625 -25.244285583496094 -25.01704978942871 -25.059326171875 -25.01704978942871 -25.10688591003418 -25.355260848999023 -25.90485382080078 -25.915422439575195 -25.74631690979004 -25.630056381225586 -25.46095085144043 -25.688186645507812 -25.582496643066406 -25.74631690979004 -25.519081115722656 -25.59306526184082 -24.768674850463867 -24.52558708190918 -24.515016555786133 -24.41989517211914 -24.361764907836914 -24.303634643554688 -24.39347267150879 -26.221925735473633 -28.039810180664062 -29.107288360595703 -30.301597595214844 -30.819482803344727 -30.037368774414062 -29.31867218017578 -29.40322494506836 -29.397939682006836 -28.716232299804688 -28.98046112060547 -28.34103012084961 -28.108509063720703 -27.907697677612305 -28.54712677001953 -29.154850006103516 -28.98574447631836 -30.106069564819336 -29.87354850769043 -30.164199829101562 -30.137775421142578 -30.328020095825195 -30.0902156829834 -30.164199829101562 -29.741436004638672 -30.021516799926758 -30.084930419921875 -29.78899574279785 -29.530052185058594 -26.956478118896484 -26.776803970336914 -27.1467227935791 -28.293468475341797 -27.289405822753906 -27.12030029296875 -27.373958587646484 -27.32111167907715 -27.173145294189453 -26.718673706054688 -27.041030883789062 -26.671112060546875 -27.379241943359375 -27.98696517944336 -28.018672943115234 -28.282899856567383 -26.787372589111328 -26.470300674438477 -26.83493423461914 -27.025177001953125 -27.786151885986328 -28.240623474121094 -29.154850006103516 -29.022735595703125 -29.440216064453125 -29.878833770751953 -30.05322265625 -29.97924041748047 -28.969890594482422 -29.58818244934082 -29.424362182617188 -29.56175994873047 -29.376800537109375 -28.87476921081543 -29.456069946289062 -29.371517181396484 -29.456069946289062 -29.604036331176758 -29.683305740356445 -29.334524154663086 -29.641029357910156 -30.15891456604004 -29.667451858520508 -29.773141860961914 -29.69387435913086 -29.482492446899414 -28.890623092651367 -28.182493209838867 -27.23655891418457 -27.426803588867188 -27.136152267456055 -27.051599502563477 -26.91948699951172 -26.79265785217285 -26.861356735229492 -27.01460838317871 -26.961763381958008 -26.982900619506836 -27.27883529663086 -26.63412094116211 -26.449161529541016 -25.624773025512695 -25.175586700439453 -25.825584411621094 -26.623552322387695 -28.045095443725586 -28.83249282836914 -29.56175994873047 -29.19184112548828 -28.800785064697266 -28.74265480041504 -28.65281867980957 -28.821924209594727 -28.6739559173584 -28.52070426940918 -28.684524536132812 -28.462574005126953 -28.615825653076172 -28.6739559173584 -28.578834533691406 -28.65810203552246 -28.399160385131836 -28.47314453125 -28.494281768798828 -28.80607032775879 -28.636964797973633 -28.404443740844727 -28.483713150024414 -28.536558151245117 -28.510135650634766 -28.25647735595703 -26.940624237060547 -27.157291412353516 -26.068674087524414 -26.639406204223633 -26.005260467529297 -26.750381469726562 -26.554853439331055 -27.130868911743164 -27.56420135498047 -26.406885147094727 -26.507291793823242 -26.200788497924805 -26.068674087524414 -25.999975204467773 -26.428024291992188 -26.623552322387695 -25.445096969604492 -25.254854202270508 -24.589000701904297 -25.87843132019043 -26.507291793823242 -26.898347854614258 -27.92354965209961 -30.058507919311523 -32.373138427734375 -33.144683837890625 -34.45525360107422 -35.81866455078125 -37.10809326171875 -38.10158920288086 -39.57597732543945 -40.78085708618164 -42.87353515625 -43.6556510925293 -45.11418533325195 -46.30320739746094 -47.58735275268555 -49.52678298950195 -50.85320281982422 -52.803199768066406 -53.4584846496582 -54.75848388671875 -56.75075912475586 -58.066612243652344 -59.7629508972168 -60.98896789550781 -61.749942779541016 -63.488555908203125 -64.3922119140625 -66.42676544189453 -67.58936309814453 -69.10074615478516 -70.41131591796875 -71.93326568603516 -73.1117172241211 -74.62838745117188 