LTE(1) or 5G(2)
2 2 2 2 2 2 2 2 2 2 2 2 2 2 2 2 2 2 2 2 2 2 2 2 2 2 2 2 2 2 2 2 2 2 2 2 2 2 2 2 2 2 2 2 2 2 2 2 2 2 2 2 2 2 2 2 2 2 2 2 2 2 2 2 2 2 2 2 2 2 2 2 2 2 2 2 2 2 2 2 2 2 2 2 2 2 2 2 2 2 2 2 2 2 2 2 2 2 2 2 2 2 2 2 2 2 2 2 2 2 2 2 2 2 2 2 2 2 2 2 2 2 2 2 2 2 2 2 2 2 1 1 1 1 2 2 2 1 1 2 2 1 1 2 2 2 2 2 2 2 2 2 2 2 2 2 2 2 2 2 2 2 2 2 2 2 2 2 2 2 2 2 2 2 2 2 2 2 2 2 2 2 2 2 2 2 2 2 2 2 2 2 2 2 2 2 2 2 2 2 2 2 2 2 2 2 2 2 2 2 2 2 2 2 2 2 2 2 2 2 2 2 2 2 2 2 2 2 2 2 2 2 2 2 2 2 2 1 2 2 2 2 2 2 2 2 2 2 2 2 2 2 2 2 2 2 2 2 2 2 2 2 2 2 2 2 2 2 2 2 2 2 2 2 2 2 2 2 2 2 2 2 2 2 2 2 2 2 2 2 2 2 2 
SNR of LTE
11 11 11 9 9 9 9 9 8 8 8 8 8 8 8 8 8 8 8 8 6 5 4 4 4 4 4 4 2 2 1 1 1 1 0 0 0 0 0 0 -1 -1 -1 -2 -2 -2 -2 -2 -3 -3 -3 -3 -4 -4 -4 -4 -4 -4 -4 -4 -4 -4 -4 -4 -5 -5 -4 -4 -4 -4 -3 -3 -3 -3 -3 -3 -3 -3 -3 -3 -2 -2 -2 -2 -2 -2 -2 -2 -1 -1 -1 -1 -1 -1 -1 -1 -1 -1 -2 -2 -2 -2 -2 -2 -2 -2 -3 -3 -3 -3 -3 -3 -3 -3 -3 -3 -3 -3 -4 -4 -4 -4 -4 -4 -3 -3 -3 -3 -3 -3 -2 -2 -2 -2 -2 -2 -2 -1 0 0 0 0 0 0 0 0 0 0 0 -1 -1 -1 -1 -1 -2 -2 -2 -3 -3 -3 -4 -4 -4 -4 -4 -4 -4 -4 -4 -4 -4 -4 -4 -4 -4 -4 -4 -4 -3 -3 -3 -3 -3 -2 -1 -1 -1 0 0 0 0 0 0 1 1 1 3 3 3 3 3 5 5 5 6 6 6 6 6 6 6 7 7 7 6 6 6 6 5 5 5 5 3 3 3 3 1 1 1 0 0 0 0 -1 -1 -1 -2 -2 -3 -3 -3 -3 -3 -3 -3 -3 -3 -3 -3 -4 -4 -4 -4 -4 -4 -4 -4 -4 -4 -4 -4 -4 -4 -4 -4 -4 -4 -4 -1 -1 -1 -1 -1 -1 -1 -1 0 0 0 0 0 2 2 2 2 4 4 4 4 4 4 6 6 
SNR of 5G
8 8 8 7 7 7 7 7 6 6 6 6 6 6 6 6 6 6 6 6 6 6 5 5 5 5 5 5 5 5 4 4 -3 -3 3 3 4 4 3 3 4 4 4 4 4 4 4 4 0 0 0 0 -1 -2 2 2 3 3 3 3 3 3 3 3 5 5 5 5 5 5 6 6 7 7 8 8 8 8 8 8 7 7 7 7 7 7 7 7 8 8 8 8 6 6 1 1 0 0 1 1 0 0 -1 -1 -1 -1 -1 -1 -2 -2 -1 -1 -1 -1 0 0 0 0 2 2 0 0 1 1 -1 -1 -1 -1 -2 -2 0 0 0 0 -5 -5 -5 0 0 -1 -1 0 0 1 1 1 1 -1 -1 0 0 -2 -2 0 0 1 1 -1 -1 0 -1 0 0 -1 -1 -1 -2 2 2 1 1 2 2 4 4 2 2 2 2 2 2 2 2 1 1 1 1 2 2 0 -1 0 0 0 0 -1 -2 0 0 2 2 4 4 2 2 1 1 1 1 1 1 1 1 1 1 0 -1 3 3 3 3 3 4 4 4 2 2 2 2 1 1 1 1 0 0 0 -2 0 -3 3 3 3 3 3 3 2 2 2 2 2 2 3 3 3 3 3 3 3 3 3 3 3 3 3 3 3 3 3 4 -3 -3 2 2 2 2 6 6 6 6 6 6 5 5 5 5 6 6 6 6 6 6 11 11 
RSSI
-51 -51 -51 -51 -51 -51 -51 -51 -51 -51 -51 -51 -51 -51 -51 -51 -51 -51 -51 -51 -51 -51 -51 -51 -51 -51 -51 -51 -51 -51 -51 -51 -51 -51 -51 -51 -51 -51 -51 -51 -51 -51 -51 -51 -51 -51 -51 -51 -51 -51 -51 -51 -51 -51 -51 -51 -51 -51 -51 -51 -51 -51 -51 -51 -51 -51 -51 -51 -51 -51 -51 -51 -51 -51 -51 -51 -51 -51 -51 -51 -51 -51 -51 -51 -51 -51 -51 -51 -51 -51 -51 -51 -51 -51 -51 -51 -51 -51 -51 -51 -51 -51 -51 -51 -51 -51 -51 -51 -51 -51 -51 -51 -51 -51 -51 -51 -51 -51 -51 -51 -51 -51 -51 -51 -51 -51 -51 -51 -51 -51 -51 -51 -51 -51 -51 -51 -51 -51 -51 -51 -51 -51 -51 -51 -51 -51 -51 -51 -51 -51 -51 -51 -51 -51 -51 -51 -51 -51 -51 -51 -51 -51 -51 -51 -51 -51 -51 -51 -51 -51 -51 -51 -51 -51 -51 -51 -51 -51 -51 -51 -51 -51 -51 -51 -51 -51 -51 -51 -51 -51 -51 -51 -51 -51 -51 -51 -51 -51 -51 -51 -51 -51 -51 -51 -51 -51 -51 -51 -51 -51 -51 -51 -51 -51 -51 -51 -51 -51 -51 -51 -51 -51 -51 -51 -51 -51 -51 -51 -51 -51 -51 -51 -51 -51 -51 -51 -51 -51 -51 -51 -51 -51 -51 -51 -51 -51 -51 -51 -51 -51 -51 -51 -51 -51 -51 -51 -51 -51 -51 -51 -51 -51 -51 -51 -51 -51 -51 -51 -51 -51 -51 -51 -51 -51 -51 -51 -51 -51 -51 -51 -51 -51 -51 -51 -51 -51 -51 -51 -51 -51 -51 -51 -51 
RSRP
-69 -69 -69 -68 -68 -68 -68 -68 -68 -68 -68 -68 -68 -68 -68 -68 -68 -68 -68 -68 -67 -68 -68 -68 -68 -68 -68 -68 -69 -69 -70 -70 -70 -70 -71 -72 -72 -72 -72 -72 -74 -74 -74 -75 -75 -75 -75 -75 -77 -77 -77 -77 -77 -78 -78 -78 -78 -78 -78 -78 -78 -78 -78 -78 -79 -79 -79 -79 -79 -79 -78 -78 -78 -78 -78 -78 -77 -77 -77 -77 -76 -76 -76 -76 -76 -76 -76 -76 -76 -76 -76 -76 -76 -76 -76 -76 -76 -76 -76 -76 -76 -76 -76 -76 -76 -76 -77 -77 -77 -77 -77 -77 -79 -79 -79 -79 -79 -79 -80 -80 -80 -80 -80 -80 -78 -78 -78 -78 -78 -78 -77 -77 -77 -77 -76 -76 -76 -75 -74 -74 -74 -74 -74 -74 -74 -74 -74 -74 -74 -74 -74 -74 -74 -74 -75 -75 -75 -76 -76 -76 -77 -77 -77 -77 -77 -77 -78 -78 -78 -78 -78 -78 -78 -77 -77 -77 -77 -77 -77 -77 -77 -77 -77 -75 -74 -74 -74 -73 -73 -73 -72 -72 -72 -71 -71 -71 -68 -68 -68 -68 -68 -67 -67 -67 -66 -66 -66 -66 -66 -66 -66 -65 -65 -65 -66 -66 -66 -66 -66 -66 -66 -66 -69 -69 -69 -69 -70 -70 -70 -71 -71 -72 -72 -73 -73 -73 -74 -74 -75 -75 -75 -76 -76 -76 -76 -77 -77 -77 -77 -77 -77 -78 -78 -78 -78 -78 -78 -78 -78 -78 -78 -78 -78 -78 -78 -78 -78 -78 -77 -77 -77 -77 -77 -76 -74 -74 -73 -73 -73 -73 -73 -70 -70 -70 -70 -68 -68 -68 -68 -68 -68 -67 -67 
CID
13678086 13678086 13678086 13678086 13678086 13678086 13678086 13678086 13678086 13678086 13678086 13678086 13678086 13678086 13678086 13678086 13678086 13678086 13678086 13678086 13678086 13678086 13678086 13678086 13678086 13678086 13678086 13678086 13678086 13678086 13678086 13769742 13769742 13769742 13769742 13769742 13769742 13769742 13769742 13769742 13769742 13769742 13769742 13769742 13769742 13769742 13769742 13769742 13769742 13769742 13769742 13769742 13769742 13769742 13769742 13769742 13769742 13769742 13769742 13769742 13769742 13769742 13769742 13769742 13769742 13769742 13769742 13769742 13769742 13769742 13769742 13769742 13769742 13769742 13769742 13769742 13769742 13769742 13769742 13769742 13769742 13769742 13769742 13769742 13769742 13769742 13769742 13769742 13769742 13769742 13769742 13769742 13769742 13769742 13769742 13769742 13769742 13769742 13769742 13769742 13769742 13769742 13769742 13769742 13769742 13769742 13769742 13769742 13769742 13769742 13769742 13769742 13769742 13769742 13769742 13769742 13769742 13769742 13792526 13792526 13792526 13792526 13792526 13792526 13792526 13792526 13792526 13792526 13792526 13792526 13792526 13792526 13792526 13792526 13792526 13792526 13792526 13792526 13792526 13792526 13792526 13792526 13792526 13678086 13678086 13678086 13678086 13678086 13678086 13678086 13678086 13678086 13678086 13678086 13678086 13678086 13678086 13678086 13678086 13678086 13678086 13678086 13678086 13678086 13678086 13678086 13792526 13792526 13792526 13792526 13792526 13792526 13792526 13792526 13678086 13678086 13678086 13678086 13678086 13678086 13678086 13678086 13678086 13678086 13678086 13678086 13678086 13678086 13678086 13678086 13678086 13678086 13678086 13678086 13678086 13678086 13678086 13678086 13678086 13678086 13678086 13678086 13678086 13678086 13678086 13678086 13678086 13678086 13678086 13678086 13678086 13678086 13678086 13678086 13678086 13678086 13678086 13678086 13678086 13678086 13678086 13678086 13678086 13678086 13678086 13678086 13678086 13678086 13678086 13678086 13678086 13678086 13678086 13678086 13678086 13678086 13678086 13678086 13678086 13792526 13792526 13769742 13769742 13769742 13769742 13769742 13769742 13769742 13769742 13769742 13769742 13769742 13769742 13769742 13769742 13769742 13769742 13769742 13769742 13769742 13769742 13769742 13769742 13769742 13769742 13769742 13769742 13769742 13678086 13678086 13678086 13678086 13678086 13678086 13678086 13678086 13678086 13678086 13678086 13678086 13678086 13678086 13678086 13678086 13678086 13678086 13678086 13678086 13678086 13678086 13678086 13678086 13678086 
RSRP of 5G
-80 -80 -80 -79 -81 -81 -81 -81 -82 -82 -82 -82 -82 -82 -82 -82 -82 -82 -82 -82 -80 -80 -84 -84 -84 -84 -84 -84 -82 -82 -82 -82 -103 -84 -88 -88 -86 -86 -87 -87 -85 -85 -85 -81 -81 -81 -81 -81 -87 -87 -125 -125 -88 -88 -88 -88 -82 -82 -82 -82 -82 -82 -82 -82 -80 -80 -82 -82 -82 -82 -82 -82 -80 -80 -83 -83 -80 -80 -80 -80 -82 -82 -82 -82 -82 -82 -82 -82 -79 -79 -79 -79 -81 -81 -82 -82 -86 -86 -88 -88 -86 -86 -84 -84 -82 -82 -85 -85 -91 -91 -87 -87 -86 -86 -83 -83 -83 -83 -82 -82 -84 -84 -84 -84 -88 -88 -106 -106 -88 -88 -88 -88 -88 -88 -93 -93 -97 -97 -97 -98 -98 -98 -98 -87 -87 -87 -88 -97 -97 -84 -84 -84 -84 -83 -83 -85 -85 -94 -94 -86 -80 -80 -80 -81 -81 -81 -77 -77 -77 -77 -77 -77 -77 -79 -79 -78 -78 -78 -77 -77 -77 -77 -77 -78 -78 -78 -78 -81 -81 -97 -81 -83 -83 -83 -83 -94 -79 -83 -83 -81 -81 -79 -79 -84 -84 -85 -85 -85 -85 -85 -85 -87 -87 -85 -82 -85 -82 -78 -78 -78 -78 -78 -78 -81 -81 -82 -82 -84 -84 -82 -82 -86 -86 -95 -95 -91 -84 -84 -84 -86 -86 -86 -86 -94 -94 -88 -88 -84 -84 -84 -84 -83 -83 -83 -83 -83 -83 -83 -83 -83 -83 -83 -83 -83 -83 -83 -83 -83 -86 -110 -110 -88 -88 -85 -85 -81 -81 -81 -81 -81 -81 -89 -80 -80 -80 -80 -80 -80 -80 -80 -80 -78 -78 
CQI
2147483647 2147483647 2147483647 2147483647 2147483647 2147483647 2147483647 2147483647 2147483647 2147483647 2147483647 2147483647 2147483647 2147483647 2147483647 2147483647 2147483647 2147483647 2147483647 2147483647 2147483647 2147483647 2147483647 2147483647 2147483647 2147483647 2147483647 2147483647 2147483647 2147483647 2147483647 2147483647 2147483647 2147483647 2147483647 2147483647 2147483647 2147483647 2147483647 2147483647 2147483647 2147483647 2147483647 2147483647 2147483647 2147483647 2147483647 2147483647 2147483647 2147483647 2147483647 2147483647 2147483647 2147483647 2147483647 2147483647 2147483647 2147483647 2147483647 2147483647 2147483647 2147483647 2147483647 2147483647 2147483647 2147483647 2147483647 2147483647 2147483647 2147483647 2147483647 2147483647 2147483647 2147483647 2147483647 2147483647 2147483647 2147483647 2147483647 2147483647 2147483647 2147483647 2147483647 2147483647 2147483647 2147483647 2147483647 2147483647 2147483647 2147483647 2147483647 2147483647 2147483647 2147483647 2147483647 2147483647 2147483647 2147483647 2147483647 2147483647 2147483647 2147483647 2147483647 2147483647 2147483647 2147483647 2147483647 2147483647 2147483647 2147483647 2147483647 2147483647 2147483647 2147483647 2147483647 2147483647 2147483647 2147483647 2147483647 2147483647 2147483647 2147483647 2147483647 2147483647 2147483647 2147483647 2147483647 2147483647 2147483647 2147483647 2147483647 2147483647 2147483647 2147483647 2147483647 2147483647 2147483647 2147483647 2147483647 2147483647 2147483647 2147483647 2147483647 2147483647 2147483647 2147483647 2147483647 2147483647 2147483647 2147483647 2147483647 2147483647 2147483647 2147483647 2147483647 2147483647 2147483647 2147483647 2147483647 2147483647 2147483647 2147483647 2147483647 2147483647 2147483647 2147483647 2147483647 2147483647 2147483647 2147483647 2147483647 2147483647 2147483647 2147483647 2147483647 2147483647 2147483647 2147483647 2147483647 2147483647 2147483647 2147483647 2147483647 2147483647 2147483647 2147483647 2147483647 2147483647 2147483647 2147483647 2147483647 2147483647 2147483647 2147483647 2147483647 2147483647 2147483647 2147483647 2147483647 2147483647 2147483647 2147483647 2147483647 2147483647 2147483647 2147483647 2147483647 2147483647 2147483647 2147483647 2147483647 2147483647 2147483647 2147483647 2147483647 2147483647 2147483647 2147483647 2147483647 2147483647 2147483647 2147483647 2147483647 2147483647 2147483647 2147483647 2147483647 2147483647 2147483647 2147483647 2147483647 2147483647 2147483647 2147483647 2147483647 2147483647 2147483647 2147483647 2147483647 2147483647 2147483647 2147483647 2147483647 2147483647 2147483647 2147483647 2147483647 2147483647 2147483647 2147483647 2147483647 2147483647 2147483647 2147483647 2147483647 2147483647 2147483647 2147483647 2147483647 2147483647 2147483647 2147483647 2147483647 2147483647 2147483647 2147483647 2147483647 2147483647 2147483647 2147483647 2147483647 2147483647 2147483647 2147483647 2147483647 2147483647 2147483647 2147483647 2147483647 2147483647 2147483647 2147483647 2147483647 2147483647 2147483647 2147483647 2147483647 2147483647 2147483647 2147483647 2147483647 2147483647 2147483647 
Altitude
-125.0059814453125 -122.9185791015625 -120.60395050048828 -118.2364730834961 -116.16493225097656 -114.04054260253906 -112.13282012939453 -110.26209259033203 -108.08485412597656 -105.9181900024414 -103.8730697631836 -101.4580307006836 -99.65071868896484 -97.5316162109375 -95.46006774902344 -93.39910125732422 -91.39625549316406 -89.23487091064453 -87.41170501708984 -85.02308654785156 -83.2739028930664 -81.21821594238281 -79.14138793945312 -76.93772888183594 -74.98245239257812 -72.90562438964844 -70.97676086425781 -68.51944732666016 -66.46903991699219 -64.37635803222656 -62.352378845214844 -60.360103607177734 -58.66904830932617 -56.90401077270508 -55.4771842956543 -54.25116729736328 -53.373931884765625 -52.67108917236328 -52.02637481689453 -51.244258880615234 -51.26539993286133 -50.68409729003906 -49.98653793334961 -49.759300231933594 -49.50035858154297 -49.796295166015625 -49.2308464050293 -49.178001403808594 -49.06174087524414 -48.934913635253906 -49.0458869934082 -48.23735046386719 -48.87678146362305 -48.92434310913086 -48.9401969909668 -49.701171875 -49.74345016479492 -49.92840576171875 -50.16621398925781 -49.960113525390625 -49.92312240600586 -49.81743240356445 -49.886131286621094 -49.84914016723633 -49.76987075805664 -49.81214904785156 -49.960113525390625 -50.11865234375 -49.98653793334961 -49.92840576171875 -49.91255569458008 -49.933692932128906 -49.97068405151367 -49.870277404785156 -49.85442352294922 -49.96540069580078 -50.07637405395508 -50.23491287231445 -50.10808181762695 -49.54263687133789 -49.183284759521484 -49.20970916748047 -49.220279693603516 -49.3576774597168 -49.468650817871094 -49.442230224609375 -49.32068634033203 -49.29954528808594 -49.373531341552734 -49.442230224609375 -49.48979187011719 -49.643043518066406 -49.47393798828125 -49.378814697265625 -49.47922134399414 -48.62312316894531 -48.92962646484375 -49.07231140136719 -50.155643463134766 -50.467430114746094 -50.958892822265625 -52.17962646484375 -52.04751205444336 -51.54547882080078 -51.84141540527344 -51.47149658203125 -51.445072174072266 -50.800357818603516 -51.20726776123047 -50.63125228881836 -51.39751052856445 -51.149139404296875 -51.49263381958008 -50.726375579833984 -51.508487701416016 -51.04873275756836 -50.884910583496094 -51.223121643066406 -51.513771057128906 -51.598323822021484 -51.5877571105957 -51.67759323120117 -51.36051940917969 -51.40279769897461 -52.306453704833984 -51.74100875854492 -50.578407287597656 -50.31946563720703 -50.16621398925781 -50.34588623046875 -50.77393341064453 -50.927188873291016 -50.884910583496094 -50.77393341064453 -50.795074462890625 -50.76336669921875 -50.90604782104492 -51.03287887573242 -50.55198287963867 -50.800357818603516 -50.39873123168945 -50.308895111083984 -50.96417999267578 -50.34588623046875 -50.23491287231445 -50.56255340576172 -50.62596893310547 -50.890193939208984 -51.19141387939453 -51.883689880371094 -51.9365348815918 -51.96295928955078 -51.957672119140625 -51.92068099975586 -51.667022705078125 -51.92068099975586 -51.793853759765625 -52.015804290771484 -52.03165817260742 -51.97881317138672 -51.85198211669922 -51.931251525878906 -51.99995040893555 -51.7515754699707 -51.9365348815918 -52.14263153076172 -51.931251525878906 -51.94182205200195 -51.89426040649414 -51.90482711791992 -52.7503547668457 -52.42799758911133 -52.089786529541016 -51.69344711303711 -51.450355529785156 -51.223121643066406 -51.1702766418457 -51.32352828979492 -51.39751052856445 -51.36051940917969 -51.71986770629883 -51.67759323120117 -51.49791717529297 -51.19670104980469 -51.10686111450195 -51.117431640625 -50.578407287597656 -49.91783905029297 -50.16621398925781 -50.382877349853516 -50.47271728515625 -50.509708404541016 -51.32352828979492 -51.89954376220703 -51.534912109375 -51.56661605834961 -51.55076217651367 -51.365806579589844 -51.376373291015625 -51.307674407958984 -51.33409881591797 -51.5877571105957 -51.48735046386719 -51.55604934692383 -51.349952697753906 -51.445072174072266 -51.36051940917969 -51.371089935302734 -51.466209411621094 -51.31824493408203 -51.32352828979492 -51.217838287353516 -51.3552360534668 -51.312957763671875 -51.47677993774414 -51.52434158325195 -52.33816146850586 -51.81499099731445 -51.03287887573242 -50.61539840698242 -50.308895111083984 -50.504425048828125 -50.91133499145508 -51.14385223388672 -50.34588623046875 -49.864994049072266 -49.870277404785156 -49.98125457763672 -50.07637405395508 -50.351173400878906 -50.43043899536133 -50.32474899291992 -50.41987228393555 -50.573123931884766 -50.578407287597656 -50.45686340332031 -49.48450469970703 -49.759300231933594 -50.509708404541016 -50.68938446044922 -51.96824264526367 -53.49547576904297 -55.19181823730469 -56.57637023925781 -58.425960540771484 -59.567420959472656 -60.9942512512207 -62.547908782958984 -63.73164749145508 -65.26416778564453 -66.51132202148438 -67.85887908935547 -69.21172332763672 -70.87635803222656 -72.32960510253906 -73.84626770019531 -75.38407135009766 -76.70520782470703 -78.08448028564453 -79.5218734741211 -80.6950454711914 -82.33853912353516 -83.8763427734375 -85.37715148925781 -86.94666290283203 -87.96658325195312 -89.72633361816406 -91.02633666992188 -92.52186584472656 -94.15478515625 -96.09950256347656 -97.36251068115234 -99.08527374267578 -100.46453857421875 -102.01290893554688 -103.3974609375 -104.68161010742188 -106.36209106445312 -107.89989471435547 -109.4112777709961 -110.71656036376953 -112.31777954101562 -113.73931884765625 -115.3246841430664 -116.60883331298828 -118.49012756347656 -119.58931732177734 -121.38606262207031 -122.85516357421875 -124.25028991699219 -125.84622192382812 -127.40516662597656 -128.56248474121094 