LTE(1) or 5G(2)
2 2 2 2 2 2 2 2 2 2 2 2 2 2 2 2 2 2 2 2 2 2 2 2 2 2 2 2 2 2 2 2 2 2 2 2 2 2 1 1 1 1 1 1 1 1 1 2 2 2 2 2 2 2 2 2 2 2 2 2 2 1 1 2 2 2 2 2 2 2 2 2 2 2 2 2 2 2 2 2 2 2 2 2 2 2 2 2 2 2 2 2 2 2 2 2 2 2 2 2 2 2 2 2 2 2 2 1 1 1 1 1 1 1 1 1 1 1 2 2 2 2 2 2 2 2 2 2 1 1 2 2 2 2 2 2 2 2 2 1 1 2 2 2 2 2 2 2 2 2 1 1 1 1 1 1 2 2 2 2 2 2 2 2 2 2 2 2 2 2 2 2 2 2 2 2 2 2 2 2 2 2 2 2 2 2 2 2 2 2 2 2 2 2 2 2 2 2 2 2 2 2 2 2 2 2 2 2 2 2 2 2 2 2 2 2 2 1 1 1 1 1 1 1 1 2 2 2 2 2 2 2 2 2 2 2 2 2 2 2 2 2 2 2 2 2 2 2 2 2 2 2 2 2 2 2 2 2 2 2 2 2 2 2 2 2 2 2 2 2 2 2 2 2 2 2 2 2 2 2 2 2 2 2 2 2 2 2 2 2 2 2 2 2 2 2 2 2 2 2 2 2 2 2 
SNR of LTE
0 0 0 0 0 0 1 1 1 1 1 1 1 1 1 1 2 2 2 2 3 3 3 3 3 3 2 2 2 2 2 2 0 0 0 0 0 -1 -1 -1 -1 -4 -4 -4 -4 -4 -4 -5 -5 -5 -5 -5 -5 -5 -5 -5 -4 -4 -4 -4 -3 -3 -3 -3 -3 -3 -3 -3 -3 -3 -3 -3 -3 -3 -3 -3 -3 -3 -3 -3 -3 -3 -3 -3 -3 -3 -3 -2 -2 -2 -2 -1 -1 -1 -1 -1 -1 -1 -1 -1 -1 0 0 0 0 0 0 0 0 -1 -1 -2 -2 -2 -2 -2 -2 -1 -1 -1 -1 -1 -2 -2 -2 -2 -2 -2 -2 -2 -2 -2 -2 -2 -2 -2 -2 -2 -2 -2 -3 -3 -3 -3 -3 -3 -3 -3 -3 -3 -3 -3 -4 -4 -5 -5 -5 -5 -5 -4 -4 -4 -4 -4 -3 -3 -3 -3 -3 -3 -2 0 0 0 0 0 0 1 1 1 1 1 0 0 0 0 0 0 0 0 0 0 0 0 -2 -2 -2 -2 -3 -3 -3 -3 -5 -5 -5 -5 -5 -5 -5 -5 -5 -5 -5 -7 -7 -7 -7 -7 -7 -7 -7 -7 -7 -7 -7 -6 -6 -6 -6 -6 -6 -6 -6 -6 -6 -6 -4 -4 -4 -4 -4 -4 -4 -4 -4 -4 -4 -4 -4 -4 -4 -4 -5 -5 -4 -4 -4 -4 -4 -4 -4 -4 -4 -4 -4 -3 -3 -3 -3 -3 -3 -3 -3 -3 -3 -3 -2 -2 -1 -1 -1 -1 -1 -1 0 0 0 0 0 0 0 0 0 0 0 0 1 1 1 1 1 1 1 1 
SNR of 5G
8 8 7 7 7 7 8 8 8 8 8 8 8 8 8 8 2 2 3 3 4 4 7 7 6 6 5 5 5 5 5 5 4 4 0 0 -2 -1 0 0 0 0 0 0 0 0 0 4 4 4 4 4 4 4 4 4 5 5 3 3 2 0 0 3 3 2 2 3 3 3 3 3 3 3 3 3 3 3 3 3 3 3 3 3 3 7 7 6 6 6 6 6 6 6 6 7 7 7 7 7 7 0 -1 -2 -2 2 2 0 0 0 0 0 0 0 0 0 0 0 -1 -1 -1 -1 -1 -1 -1 -1 0 0 0 0 1 1 1 1 0 0 0 0 -1 0 0 -2 -2 -2 -2 -1 -1 0 3 3 0 0 0 0 0 0 -1 1 1 -1 -1 0 0 0 0 -1 -1 -1 -1 -1 -1 -1 -1 1 1 2 2 2 2 4 4 4 5 5 5 5 5 5 5 5 5 5 5 5 4 2 2 1 -2 -1 -1 -3 -3 -2 -2 3 3 1 1 1 1 2 2 1 1 1 1 0 0 0 0 0 0 0 0 3 3 5 5 5 5 5 5 5 5 5 2 2 2 2 1 1 0 0 -1 -1 -1 -1 -1 -1 3 3 3 3 -1 -1 -2 -2 2 2 4 4 4 4 4 4 4 4 4 4 4 4 4 4 4 4 -2 -2 6 6 6 6 6 6 2 2 2 2 2 2 4 4 4 4 7 7 8 8 8 8 8 8 8 8 
RSSI
-51 -51 -51 -51 -51 -51 -51 -51 -51 -51 -51 -51 -51 -51 -51 -51 -51 -51 -51 -51 -51 -51 -51 -51 -51 -51 -51 -51 -51 -51 -51 -51 -51 -51 -51 -51 -51 -51 -51 -51 -51 -51 -51 -51 -51 -51 -51 -51 -51 -51 -51 -51 -51 -51 -51 -51 -51 -51 -51 -51 -51 -51 -51 -51 -51 -51 -51 -51 -51 -51 -51 -51 -51 -51 -51 -51 -51 -51 -51 -51 -51 -51 -51 -51 -51 -51 -51 -51 -51 -51 -51 -51 -51 -51 -51 -51 -51 -51 -51 -51 -51 -51 -51 -51 -51 -51 -51 -51 -51 -51 -51 -51 -51 -51 -51 -51 -51 -51 -51 -51 -51 -51 -51 -51 -51 -51 -51 -51 -51 -51 -51 -51 -51 -51 -51 -51 -51 -51 -51 -51 -51 -51 -51 -51 -51 -51 -51 -51 -51 -51 -51 -51 -51 -51 -51 -51 -51 -51 -51 -51 -51 -51 -51 -51 -51 -51 -51 -51 -51 -51 -51 -51 -51 -51 -51 -51 -51 -51 -51 -51 -51 -51 -51 -51 -51 -51 -51 -51 -51 -51 -51 -51 -51 -51 -51 -51 -51 -51 -51 -51 -51 -51 -51 -51 -51 -51 -51 -51 -51 -51 -51 -51 -51 -51 -51 -51 -51 -51 -51 -51 -51 -51 -51 -51 -51 -51 -51 -51 -51 -51 -51 -51 -51 -51 -51 -51 -51 -51 -51 -51 -51 -51 -51 -51 -51 -51 -51 -51 -51 -51 -51 -51 -51 -51 -51 -51 -51 -51 -51 -51 -51 -51 -51 -51 -51 -51 -51 -51 -51 -51 -51 -51 -51 -51 -51 -51 -51 -51 -51 -51 -51 -51 -51 -51 -51 -51 -51 -51 -51 -51 -51 -51 -51 -51 -51 -51 -51 -51 -51 -51 -51 -51 -51 -51 
RSRP
-78 -78 -78 -78 -78 -78 -77 -77 -77 -77 -77 -77 -77 -77 -77 -77 -76 -76 -76 -76 -76 -76 -76 -76 -76 -76 -76 -76 -76 -76 -76 -76 -78 -78 -78 -78 -78 -78 -78 -78 -78 -80 -79 -79 -79 -79 -79 -79 -79 -79 -79 -79 -79 -79 -79 -79 -77 -77 -77 -77 -77 -77 -77 -77 -77 -77 -77 -77 -77 -77 -77 -77 -77 -77 -77 -77 -77 -77 -77 -77 -77 -77 -77 -77 -77 -76 -76 -75 -75 -75 -75 -74 -74 -74 -74 -74 -74 -74 -74 -74 -74 -74 -74 -74 -75 -75 -75 -75 -75 -75 -75 -75 -75 -75 -75 -76 -76 -74 -74 -74 -74 -74 -75 -75 -75 -75 -75 -75 -74 -74 -74 -74 -74 -74 -74 -74 -74 -74 -74 -74 -76 -76 -76 -76 -77 -77 -77 -76 -76 -76 -76 -76 -77 -77 -79 -79 -79 -79 -79 -77 -77 -77 -77 -77 -75 -75 -75 -75 -75 -75 -73 -71 -71 -71 -71 -71 -69 -69 -69 -69 -69 -69 -70 -70 -70 -70 -70 -70 -70 -70 -70 -70 -70 -70 -76 -76 -76 -76 -77 -77 -77 -77 -79 -79 -79 -79 -79 -79 -79 -79 -79 -79 -79 -80 -80 -80 -80 -80 -80 -80 -80 -80 -81 -81 -81 -81 -81 -81 -81 -80 -80 -80 -80 -80 -80 -80 -79 -79 -80 -80 -80 -80 -80 -80 -80 -80 -80 -80 -80 -80 -80 -80 -80 -80 -80 -80 -80 -80 -80 -80 -80 -80 -80 -80 -80 -79 -79 -79 -79 -79 -79 -79 -79 -79 -79 -79 -79 -79 -78 -78 -78 -78 -78 -78 -78 -78 -78 -78 -78 -78 -78 -78 -78 -78 -77 -77 -76 -76 -76 -76 -76 -76 -76 -76 
CID
13792258 13792258 13792258 13792258 13792258 13792258 13792258 13792258 13792258 13792258 13792258 13792258 13792258 13792258 13792258 13792258 13792258 13792258 13792258 13792258 13792258 13792258 13792258 13792258 13792258 13792258 13792258 13792258 13792258 13792258 13792258 13792258 13792258 13792258 13792513 13792513 13792513 13792513 13792513 13792513 13792513 13792513 13769742 13769742 13769742 13769742 13769742 13769742 13769742 13769742 13769742 13769742 13769742 13769742 13769742 13769742 13769742 13769742 13769742 13769742 13769742 13769742 13769742 13769742 13769742 13769742 13769742 13769742 13769742 13769742 13769742 13769742 13769742 13769742 13769742 13769742 13769742 13769742 13769742 13769742 13769742 13769742 13769742 13769742 13769742 13769742 13769742 13769742 13769742 13769742 13769742 13769742 13769742 13769742 13769742 13769742 13769742 13769742 13769742 13769742 13769742 13769742 13769742 13678088 13678088 13678088 13678088 13678088 13678088 13678088 13678088 13678088 13678088 13678088 13678088 13769739 13769739 13769739 13769739 13769739 13769739 13769739 13769739 13769739 13769739 13769739 13769739 13769739 13769739 13769739 13769739 13769739 13769739 13769739 13769739 13769739 13769739 13769739 13769739 13792258 13792258 13792258 13792258 13792258 13792258 13769739 13769739 13769739 13769739 13769739 13769739 13769739 13769739 13769739 13682186 13682186 13769739 13769739 13769739 13769739 13769739 13769739 13769739 13769739 13769739 13769739 13769739 13769739 13769739 13769739 13769739 13769739 13769739 13769739 13769739 13769739 13769739 13769739 13792523 13792523 13792523 13792523 13792513 13792513 13792513 13792513 13792513 13792513 13792513 13792513 13792513 13792513 13792513 13792513 13792513 13792513 13792513 13792513 13792513 13792513 13792513 13792513 13792513 13792522 13792522 13792522 13792522 13792522 13792522 13792522 13792522 13792522 13792522 13792522 13792522 13792522 13792522 13792522 13792522 13792522 13792522 13792522 13792258 13792258 13792258 13769739 13769739 13769739 13769739 13769739 13769739 13769739 13769739 13769739 13769739 13769739 13769739 13769739 13792258 13792258 13792258 13792258 13792258 13792258 13792258 13792258 13792258 13792258 13792258 13792258 13792258 13792258 13792258 13769739 13769739 13769739 13769739 13769739 13769739 13769739 13769739 13769739 13769739 13769739 13769739 13769739 13769739 13769739 13769739 13769739 13769739 13769739 13769739 13769739 13769739 13769739 13792258 13792258 13792258 13792258 13792258 13792258 13792258 13792258 13792258 13792258 13792258 13792258 13792258 13792258 13792258 13792258 13792258 13792258 13792258 13792258 13792258 13792258 13792258 13792258 13792258 13792258 13792258 13792258 
RSRP of 5G
-83 -83 -80 -80 -80 -80 -81 -81 -81 -81 -81 -81 -81 -81 -81 -81 -85 -85 -85 -85 -84 -84 -79 -79 -85 -85 -83 -83 -83 -83 -83 -83 -85 -85 -81 -81 -89 -83 -83 -83 -83 -83 -83 -83 -83 -83 -83 -85 -85 -85 -85 -85 -85 -85 -85 -85 -83 -83 -88 -88 -100 -100 -100 -84 -84 -82 -82 -84 -84 -84 -84 -84 -84 -84 -84 -84 -84 -84 -84 -84 -84 -84 -84 -84 -84 -79 -79 -84 -84 -84 -84 -86 -86 -86 -86 -80 -80 -81 -81 -81 -81 -84 -82 -109 -109 -87 -87 -87 -87 -87 -87 -89 -89 -89 -89 -89 -89 -89 -90 -90 -91 -91 -84 -84 -88 -88 -84 -84 -84 -84 -87 -87 -87 -87 -93 -85 -87 -87 -88 -88 -88 -89 -89 -90 -90 -99 -81 -96 -84 -90 -90 -90 -90 -90 -90 -90 -82 -85 -85 -90 -90 -87 -87 -87 -87 -86 -86 -90 -90 -85 -85 -81 -81 -83 -83 -78 -78 -78 -78 -78 -78 -78 -78 -78 -78 -78 -78 -78 -78 -78 -78 -78 -78 -78 -80 -82 -82 -86 -84 -83 -83 -87 -87 -84 -84 -79 -79 -82 -82 -83 -83 -86 -86 -81 -81 -82 -82 -83 -83 -83 -83 -83 -83 -83 -83 -79 -79 -74 -76 -76 -76 -76 -76 -76 -76 -76 -81 -81 -81 -81 -84 -84 -82 -82 -119 -119 -90 -82 -82 -82 -86 -86 -81 -81 -88 -88 -99 -85 -85 -85 -84 -84 -84 -84 -84 -85 -85 -85 -85 -85 -85 -85 -85 -85 -85 -85 -85 -85 -85 -85 -85 -85 -85 -85 -89 -89 -84 -84 -84 -84 -83 -83 -83 -83 -80 -80 -81 -81 -78 -78 -78 -78 -78 -78 
CQI
2147483647 2147483647 2147483647 2147483647 2147483647 2147483647 2147483647 2147483647 2147483647 2147483647 2147483647 2147483647 2147483647 2147483647 2147483647 2147483647 2147483647 2147483647 2147483647 2147483647 2147483647 2147483647 2147483647 2147483647 2147483647 2147483647 2147483647 2147483647 2147483647 2147483647 2147483647 2147483647 2147483647 2147483647 2147483647 2147483647 2147483647 2147483647 2147483647 2147483647 2147483647 2147483647 2147483647 2147483647 2147483647 2147483647 2147483647 2147483647 2147483647 2147483647 2147483647 2147483647 2147483647 2147483647 2147483647 2147483647 2147483647 2147483647 2147483647 2147483647 2147483647 2147483647 2147483647 2147483647 2147483647 2147483647 2147483647 2147483647 2147483647 2147483647 2147483647 2147483647 2147483647 2147483647 2147483647 2147483647 2147483647 2147483647 2147483647 2147483647 2147483647 2147483647 2147483647 2147483647 2147483647 2147483647 2147483647 2147483647 2147483647 2147483647 2147483647 2147483647 2147483647 2147483647 2147483647 2147483647 2147483647 2147483647 2147483647 2147483647 2147483647 2147483647 2147483647 2147483647 2147483647 2147483647 2147483647 2147483647 2147483647 2147483647 2147483647 2147483647 2147483647 2147483647 2147483647 2147483647 2147483647 2147483647 2147483647 2147483647 2147483647 2147483647 2147483647 2147483647 2147483647 2147483647 2147483647 2147483647 2147483647 2147483647 2147483647 2147483647 2147483647 2147483647 2147483647 2147483647 2147483647 2147483647 2147483647 2147483647 2147483647 2147483647 2147483647 2147483647 2147483647 2147483647 2147483647 2147483647 2147483647 2147483647 2147483647 2147483647 2147483647 2147483647 2147483647 2147483647 2147483647 2147483647 2147483647 2147483647 2147483647 2147483647 2147483647 2147483647 2147483647 2147483647 2147483647 2147483647 2147483647 2147483647 2147483647 2147483647 2147483647 2147483647 2147483647 2147483647 2147483647 2147483647 2147483647 2147483647 2147483647 2147483647 2147483647 2147483647 2147483647 2147483647 2147483647 2147483647 2147483647 2147483647 2147483647 2147483647 2147483647 2147483647 2147483647 2147483647 2147483647 2147483647 2147483647 2147483647 2147483647 2147483647 2147483647 2147483647 2147483647 2147483647 2147483647 2147483647 2147483647 2147483647 2147483647 2147483647 2147483647 2147483647 2147483647 2147483647 2147483647 2147483647 2147483647 2147483647 2147483647 2147483647 2147483647 2147483647 2147483647 2147483647 2147483647 2147483647 2147483647 2147483647 2147483647 2147483647 2147483647 2147483647 2147483647 2147483647 2147483647 2147483647 2147483647 2147483647 2147483647 2147483647 2147483647 2147483647 2147483647 2147483647 2147483647 2147483647 2147483647 2147483647 2147483647 2147483647 2147483647 2147483647 2147483647 2147483647 2147483647 2147483647 2147483647 2147483647 2147483647 2147483647 2147483647 2147483647 2147483647 2147483647 2147483647 2147483647 2147483647 2147483647 2147483647 2147483647 2147483647 2147483647 2147483647 2147483647 2147483647 2147483647 2147483647 2147483647 2147483647 2147483647 2147483647 2147483647 2147483647 2147483647 2147483647 2147483647 2147483647 2147483647 2147483647 2147483647 2147483647 2147483647 2147483647 2147483647 2147483647 2147483647 2147483647 2147483647 2147483647 2147483647 2147483647 2147483647 
Altitude
-128.38279724121094 -127.54256439208984 -126.32183074951172 -124.54093933105469 -122.16817474365234 -120.13890838623047 -117.8189926147461 -115.90070343017578 -113.73403930664062 -111.67306518554688 -109.60152435302734 -107.60924530029297 -105.45843505859375 -103.56656646728516 -101.44217681884766 -99.15925598144531 -96.84461975097656 -94.9316177368164 -92.74909973144531 -90.90479278564453 -89.02349090576172 -87.2690200805664 -85.16048431396484 -82.99910736083984 -81.09667205810547 -78.9405746459961 -77.07512664794922 -75.06171417236328 -73.04830169677734 -70.93448638916016 -68.98448944091797 -66.68570709228516 -64.72514343261719 -62.56904602050781 -60.57148742675781 -58.425960540771484 -56.70848083496094 -55.12311935424805 -53.83368682861328 -52.718650817871094 -51.9365348815918 -51.39751052856445 -50.89548110961914 -50.12393569946289 -49.701171875 -49.78044128417969 -49.16743469238281 -48.83450698852539 -48.41702651977539 -48.306053161621094 -47.86214828491211 -47.76702880859375 -47.381256103515625 -47.386539459228516 -47.5239372253418 -47.56621551513672 -46.93206787109375 -47.090606689453125 -46.054832458496094 -46.599143981933594 -47.05889892578125 -47.11174392700195 -47.43938446044922 -48.06824493408203 -47.72475051879883 -47.84629440307617 -47.71418380737305 -48.07353210449219 -47.671905517578125 -47.867435455322266 -47.81987380981445 -47.79344940185547 -47.69832992553711 -47.81459045410156 -47.936134338378906 -48.06824493408203 -47.809303283691406 -47.79344940185547 -47.78288269042969 -47.957271575927734 -47.936134338378906 -47.830440521240234 -47.99954605102539 -47.84629440307617 -48.0471076965332 -47.97840881347656 -47.29670333862305 -47.3601188659668 -46.805240631103516 -46.93206787109375 -47.122314453125 -47.101173400878906 -47.117027282714844 -47.2861328125 -47.14345169067383 -47.27027893066406 -47.317840576171875 -47.13816833496094 -47.312557220458984 -47.19629669189453 -47.23857116699219 -47.13288116455078 -47.36540222167969 -46.9954833984375 -47.386539459228516 -48.14751434326172 -49.63247299194336 -49.373531341552734 -50.25605010986328 -49.600765228271484 -49.452796936035156 -49.537349700927734 -49.47393798828125 -49.29426193237305 -49.225563049316406 -48.98247528076172 -48.92434310913086 -49.2308464050293 -49.315399169921875 -49.27840805053711 -49.183284759521484 -48.92434310913086 -49.26783752441406 -48.8820686340332 -49.288978576660156 -49.00889587402344 -49.20970916748047 -48.96662139892578 -49.18857192993164 -49.315399169921875 -49.20970916748047 -49.69588851928711 -49.373531341552734 -48.8292236328125 -48.3588981628418 -48.099952697753906 -48.62841033935547 -48.81336975097656 -49.03532028198242 -49.20442581176758 -49.532066345214844 -49.42637634277344 -49.088165283203125 -48.8820686340332 -48.43288040161133 -48.7552375793457 -48.469871520996094 -48.55442428588867 -48.380035400390625 -49.65361022949219 -49.505645751953125 -48.49101257324219 -48.14223098754883 -48.115806579589844 -47.81459045410156 -48.34304428100586 -48.247920989990234 -48.61783981323242 -48.74995422363281 -48.728816986083984 -48.596702575683594 -48.71824645996094 -49.00889587402344 -48.97718811035156 -48.702392578125 -48.5227165222168 -48.454017639160156 -48.665401458740234 -48.49101257324219 -48.59141540527344 -48.14751434326172 -48.385318756103516 -48.83450698852539 -48.57027816772461 -48.69710922241211 -48.92434310913086 -48.7552375793457 -49.2308464050293 -50.13978958129883 -50.18206787109375 -50.10279846191406 -49.05645751953125 -48.892635345458984 -48.92962646484375 -49.01417922973633 -48.97718811035156 -48.961334228515625 -48.797515869140625 -48.665401458740234 -48.8292236328125 -48.81336975097656 -48.85564422607422 -49.0458869934082 -49.1727180480957 -48.596702575683594 -47.91499328613281 -47.666622161865234 -48.21621322631836 -48.443450927734375 -48.871498107910156 -49.225563049316406 -49.738162994384766 -49.29954528808594 -49.07759475708008 -49.373531341552734 -49.0458869934082 -49.20970916748047 -49.156864166259766 -49.42108917236328 -49.27312469482422 -49.0458869934082 -49.10401916503906 -49.16743469238281 -49.04060363769531 -48.77637481689453 -48.808082580566406 -48.71824645996094 -49.00361251831055 -48.92962646484375 -48.81865310668945 -48.934913635253906 -48.92962646484375 -49.088165283203125 -48.87678146362305 -49.25727081298828 -49.96540069580078 -49.04060363769531 -48.380035400390625 -48.158084869384766 -48.18979263305664 -48.517433166503906 -48.61783981323242 -48.4645881652832 -48.306053161621094 -48.05239486694336 -47.94670104980469 -47.582069396972656 -47.48166275024414 -47.603206634521484 -47.513370513916016 -47.56092834472656 -47.582069396972656 -47.72475051879883 -47.957271575927734 -47.33369445800781 -47.41824722290039 -47.61377716064453 -48.158084869384766 -48.665401458740234 -49.727596282958984 -51.34466552734375 -52.45442199707031 -54.298728942871094 -55.77840042114258 -56.93571853637695 -58.2885627746582 -59.58856201171875 -60.835716247558594 -61.92433166503906 -62.87554931640625 -64.3340835571289 -65.36985778808594 -67.1666030883789 -68.34505462646484 -69.7084732055664 -71.32025909423828 -72.64667510986328 -74.49098205566406 -75.99708557128906 -77.47675323486328 -79.17838287353516 -80.47309112548828 -82.06903076171875 -83.6438217163086 -85.001953125 -86.62959289550781 -87.90845489501953 -89.61007690429688 -91.10560607910156 -92.69097137451172 -94.20234680175781 -95.60803985595703 -97.36779022216797 -98.99543762207031 -100.36941528320312 -101.72754669189453 -103.1755142211914 -105.0462417602539 -106.26168823242188 -107.88404083251953 -109.39542388916016 -111.06005859375 -112.53973388671875 -114.26777648925781 -115.62062072753906 -117.14785766601562 -118.49541473388672 -119.7372817993164 -121.8246841430664 -123.10882568359375 -124.34012603759766 -125.79337310791016 -127.99703216552734 -129.0486602783203 