LTE(1) or 5G(2)
2 2 2 2 2 2 2 1 1 1 2 2 2 2 2 2 2 2 2 2 2 2 2 2 2 2 2 2 2 2 1 1 1 1 1 1 1 1 1 1 1 1 1 1 1 1 1 1 1 1 1 1 1 1 1 1 1 1 1 1 1 1 1 1 1 1 1 1 1 1 1 1 1 1 1 1 1 1 1 1 1 1 1 1 1 1 1 1 1 1 1 1 1 1 1 1 1 1 1 1 1 1 1 1 1 1 1 1 1 1 1 1 1 1 1 1 1 1 1 1 1 1 2 2 2 2 2 2 2 2 2 2 2 2 2 2 2 2 2 2 2 2 2 2 2 2 2 2 2 2 2 2 2 2 2 2 2 2 2 2 2 2 2 2 2 2 2 2 2 2 2 2 2 1 1 1 1 1 1 1 1 1 1 1 1 1 1 1 1 1 1 1 1 1 1 1 1 1 1 1 1 1 1 1 1 1 1 1 1 1 1 1 1 1 1 1 1 1 1 1 1 1 1 1 1 1 1 1 1 1 1 1 1 1 1 1 1 1 1 1 1 1 1 1 1 1 1 1 1 1 1 1 1 1 1 1 1 1 1 1 1 1 1 1 1 1 1 1 1 1 1 1 1 1 1 1 1 1 1 1 1 1 1 1 1 1 1 1 1 1 1 1 1 1 1 1 1 1 1 1 1 1 1 1 1 1 1 1 1 1 1 1 1 1 1 1 1 1 1 1 1 1 1 1 1 1 1 1 1 1 1 1 1 1 1 1 1 1 1 1 1 1 1 1 1 1 1 1 1 1 1 1 1 1 1 1 1 1 1 1 1 1 1 1 1 1 
SNR of LTE
8 8 8 8 8 8 8 8 10 10 11 11 11 11 10 10 10 7 7 7 7 5 5 5 5 5 5 5 4 4 4 4 4 4 4 3 3 3 3 2 2 2 2 2 2 2 2 2 0 0 0 0 0 0 0 0 0 -1 -1 -1 -1 -1 -1 -1 -1 -1 -1 -1 -1 -1 -1 -3 -3 -3 -3 -3 -3 -3 -3 -3 -3 -3 -3 -3 -4 -4 -4 -4 -4 -4 -4 -4 -4 -5 -5 -5 -5 -5 -5 -5 -5 -5 -5 -5 -5 -5 -5 -5 -5 -5 -5 -5 -5 -5 -5 -4 -4 -3 -3 -3 -2 -2 -2 -2 -2 -2 -2 -2 -2 -2 -3 -3 -3 -3 -2 -2 -3 -3 -3 -3 -3 -3 -3 -3 -3 -3 -3 -3 -3 -3 -3 -3 -2 -2 -2 -2 -1 -1 -1 -1 -1 -1 0 0 0 0 0 0 0 0 0 0 0 0 0 0 0 0 0 0 0 0 0 -1 -1 -1 -2 -2 -2 -2 -2 -2 -2 -2 -2 -2 -3 -3 -3 -3 -3 -4 -4 -4 -4 -4 -4 -4 -4 -4 -4 -4 -4 -4 -4 -4 -4 -4 -4 -6 -6 -6 -6 -6 -6 -6 -6 -6 -6 -6 -6 -6 -6 -6 -6 -6 -6 -6 -6 -6 -6 -6 -6 -6 -6 -5 -5 -5 -5 -5 -5 -5 -5 -5 -5 -5 -5 -5 -5 -5 -5 -5 -5 -5 -5 -5 -5 -5 -5 -5 -5 -5 -5 -5 -5 -5 -5 -5 -5 -5 -5 -3 -3 -3 -3 -3 -3 -3 -3 -3 -3 -3 -3 -3 -3 -3 -3 -3 -3 -3 -3 -3 -3 -3 -3 -3 -3 -3 -3 -3 -3 -3 -3 -3 -3 -3 -3 -3 -3 -3 -3 -3 -3 -3 -3 -3 -3 -3 -3 -3 -3 -3 -3 -3 -3 -3 -3 -3 -3 0 0 0 0 0 0 0 0 0 0 0 0 0 0 0 0 0 0 0 -1 -1 -1 -1 -1 -1 -1 -1 
SNR of 5G
9 9 9 9 9 9 9 0 0 0 -2 -2 8 8 7 7 7 9 8 8 8 5 2 2 0 0 0 0 0 0 0 0 0 0 0 0 0 0 0 0 0 0 0 0 0 0 0 0 0 0 0 0 0 0 0 0 0 0 0 0 0 0 0 0 0 0 0 0 0 0 0 0 0 0 0 0 0 0 0 0 0 0 0 0 0 0 0 0 0 0 0 0 0 0 0 0 0 0 0 0 0 0 0 0 0 0 0 0 0 0 0 0 0 0 0 0 0 0 0 0 0 0 7 7 7 7 1 1 -1 -1 1 1 -1 -1 -2 -2 -1 -1 0 0 -2 -2 -1 -1 -1 -1 -1 -1 -4 -4 -2 -2 -2 -2 0 0 0 0 -2 -2 -2 -2 -1 -1 -2 -2 -1 -1 -2 -2 -2 -2 -2 0 0 0 0 0 0 0 0 0 0 0 0 0 0 0 0 0 0 0 0 0 0 0 0 0 0 0 0 0 0 0 0 0 0 0 0 0 0 0 0 0 0 0 0 0 0 0 0 0 0 0 0 0 0 0 0 0 0 0 0 0 0 0 0 0 0 0 0 0 0 0 0 0 0 0 0 0 0 0 0 0 0 0 0 0 0 0 0 0 0 0 0 0 0 0 0 0 0 0 0 0 0 0 0 0 0 0 0 0 0 0 0 0 0 0 0 0 0 0 0 0 0 0 0 0 0 0 0 0 0 0 0 0 0 0 0 0 0 0 0 0 0 0 0 0 0 0 0 0 0 0 0 0 0 0 0 0 0 0 0 0 0 0 0 0 0 0 0 0 0 0 0 0 0 0 0 0 0 0 0 0 0 0 0 0 0 0 0 0 0 0 0 0 
RSSI
-51 -51 -51 -51 -51 -51 -51 -51 -51 -51 -51 -51 -51 -51 -51 -51 -51 -51 -51 -51 -51 -51 -51 -51 -51 -51 -51 -51 -51 -51 -51 -51 -51 -51 -51 -51 -51 -51 -51 -51 -51 -51 -51 -51 -51 -51 -51 -51 -51 -51 -51 -51 -51 -51 -51 -51 -51 -51 -51 -51 -51 -51 -51 -51 -51 -51 -51 -51 -51 -51 -51 -51 -51 -51 -51 -51 -51 -51 -51 -51 -51 -51 -51 -51 -51 -51 -51 -51 -51 -51 -51 -51 -51 -51 -51 -51 -51 -51 -51 -51 -51 -51 -51 -51 -51 -51 -51 -51 -51 -51 -51 -51 -51 -51 -51 -51 -51 -51 -51 -51 -51 -51 -51 -51 -51 -51 -51 -51 -51 -51 -51 -51 -51 -51 -51 -51 -51 -51 -51 -51 -51 -51 -51 -51 -51 -51 -51 -51 -51 -51 -51 -51 -51 -51 -51 -51 -51 -51 -51 -51 -51 -51 -51 -51 -51 -51 -51 -51 -51 -51 -51 -51 -51 -51 -51 -51 -51 -51 -51 -51 -51 -51 -51 -51 -51 -51 -51 -51 -51 -51 -51 -51 -51 -51 -51 -51 -51 -51 -51 -51 -51 -51 -51 -51 -51 -51 -51 -51 -51 -51 -51 -51 -51 -51 -51 -51 -51 -51 -51 -51 -51 -51 -51 -51 -51 -51 -51 -51 -51 -51 -51 -51 -51 -51 -51 -51 -51 -51 -51 -51 -51 -51 -51 -51 -51 -51 -51 -51 -51 -51 -51 -51 -51 -51 -51 -51 -51 -51 -51 -51 -51 -51 -51 -51 -51 -51 -51 -51 -51 -51 -51 -51 -51 -51 -51 -51 -51 -51 -51 -51 -51 -51 -51 -51 -51 -51 -51 -51 -51 -51 -51 -51 -51 -51 -51 -51 -51 -51 -51 -51 -51 -51 -51 -51 -51 -51 -51 -51 -51 -51 -51 -51 -51 -51 -51 -51 -51 -51 -51 -51 -51 -51 -51 -51 -51 -51 -51 -51 -51 -51 -51 -51 -51 -51 -51 -51 -51 -51 -51 -51 -51 -51 -51 -51 -51 -51 -51 -51 -51 -51 -51 -51 -51 -51 -51 -51 -51 -51 -51 -51 -51 -51 -51 -51 -51 -51 
RSRP
-70 -70 -70 -70 -70 -70 -70 -70 -68 -68 -68 -68 -68 -68 -68 -68 -68 -69 -69 -69 -69 -69 -69 -69 -69 -69 -69 -69 -69 -69 -69 -69 -69 -69 -69 -70 -70 -70 -70 -70 -70 -70 -70 -70 -70 -70 -70 -70 -73 -73 -73 -73 -73 -73 -73 -73 -73 -75 -75 -75 -75 -75 -75 -75 -75 -75 -75 -75 -75 -75 -75 -78 -78 -78 -78 -78 -78 -78 -78 -78 -78 -78 -78 -78 -77 -77 -77 -77 -77 -77 -77 -77 -77 -79 -79 -79 -79 -79 -79 -79 -79 -79 -79 -79 -79 -79 -79 -79 -79 -79 -79 -79 -79 -79 -79 -77 -77 -77 -77 -77 -76 -76 -76 -76 -76 -76 -76 -76 -76 -76 -76 -76 -76 -76 -76 -76 -77 -77 -77 -77 -78 -78 -78 -78 -78 -78 -78 -78 -78 -78 -78 -78 -77 -77 -76 -76 -74 -74 -74 -74 -74 -74 -72 -72 -72 -71 -71 -71 -71 -71 -71 -71 -72 -72 -72 -72 -72 -73 -73 -73 -73 -73 -73 -75 -75 -75 -76 -76 -76 -76 -76 -76 -76 -76 -76 -76 -81 -81 -81 -81 -81 -81 -81 -81 -81 -81 -81 -81 -81 -81 -81 -81 -81 -81 -81 -81 -81 -81 -81 -83 -83 -83 -83 -83 -83 -83 -83 -83 -83 -83 -83 -83 -83 -83 -83 -83 -83 -83 -83 -83 -83 -83 -83 -83 -83 -81 -81 -81 -81 -80 -81 -81 -81 -81 -81 -81 -81 -81 -81 -81 -81 -81 -81 -81 -81 -81 -81 -80 -80 -80 -80 -80 -80 -80 -80 -80 -80 -80 -80 -80 -80 -78 -78 -78 -78 -78 -78 -78 -78 -78 -78 -78 -78 -78 -78 -78 -78 -78 -78 -78 -78 -78 -78 -78 -78 -78 -78 -78 -78 -78 -78 -78 -78 -78 -78 -78 -78 -78 -78 -78 -78 -78 -78 -78 -78 -78 -78 -78 -78 -78 -78 -78 -78 -78 -78 -78 -78 -78 -78 -74 -74 -74 -74 -74 -73 -73 -73 -73 -73 -73 -73 -73 -73 -73 -73 -73 -73 -74 -75 -75 -75 -75 -75 -75 -75 -75 
CID
13678086 13678086 13678086 13678086 13678086 13678086 13678086 13678086 13678086 13678086 13678086 13678086 13678086 13678086 13678086 13678086 13678086 13678086 13678086 13678086 13678086 13678086 13678086 13678086 13678086 13678086 13678086 13678086 13678086 13678086 13678086 13678086 13678086 13678086 13678086 13769745 13769745 13769745 13769745 13769745 13769745 13769745 13769745 13769745 13769745 13769745 13769745 13769745 13769745 13769745 13769745 13769745 13769745 13769745 13769745 13769745 13769745 13769745 13769745 13769745 13769745 13769745 13769745 13769745 13769745 13769745 13769745 13769745 13769745 13769745 13769745 13754896 13754896 13754896 13754896 13754896 13754896 13754896 13754896 13754896 13754896 13754896 13754896 13754896 13754896 13754896 13754896 13754896 13754896 13754896 13754896 13754896 13754896 13754896 13769745 13769745 13769745 13769745 13769745 13769745 13769745 13769745 13769745 13769745 13769745 13769745 13769745 13769745 13769745 13769745 13769745 13769745 13769745 13769745 13769745 13769745 13769745 13769745 13769745 13769745 13769745 13769745 13769745 13769745 13769745 13754888 13754888 13754896 13754896 13754896 13769745 13769745 13754896 13754896 13754896 13754896 13754896 13754896 13754896 13754896 13754896 13754896 13754896 13754896 13754896 13754896 13754896 13754896 13754896 13754896 13754896 13754896 13754896 13754896 13754896 13754896 13754896 13754896 13754896 13754896 13754896 13754896 13754896 13754896 13754896 13754896 13754896 13754896 13754896 13754896 13754896 13754896 13754896 13754896 13754896 13754896 13754896 13754896 13754896 13754896 13754896 13754896 13754896 13754896 13754896 13754896 13769745 13769745 13769745 13769745 13769745 13769745 13769745 13769745 13769745 13769745 13769745 13769745 13769745 13769745 13769745 13769745 13769745 13769745 13769745 13769745 13769745 13769745 13769745 13769745 13769745 13769745 13769745 13769745 13769745 13769745 13769745 13769745 13769745 13754896 13754896 13754896 13754896 13754896 13754896 13754896 13754896 13754896 13754896 13754896 13754896 13754896 13754896 13754896 13754896 13754896 13754896 13754896 13754896 13754896 13754896 13754896 13754896 13754896 13754896 13769745 13769745 13769745 13769745 13769745 13769745 13769745 13769745 13769745 13769745 13769745 13769745 13769745 13769745 13769745 13769745 13769745 13769745 13769745 13769745 13769745 13769745 13769745 13769745 13769745 13769745 13769745 13769745 13769745 13769745 13769745 13769745 13769745 13769745 13769745 13769745 13769745 13769745 13769745 13769745 13769745 13769745 13769745 13769745 13769745 13769745 13769745 13769745 13769745 13769745 13769745 13769745 13769745 13769745 13769745 13769745 13769745 13769745 13769745 13769745 13769745 13769745 13769745 13769745 13769745 13769745 13769745 13769745 13769745 13769745 13769745 13769745 13769745 13769745 13769745 13769745 13769745 13769745 13769745 13769745 13769745 13769745 13769745 13769745 13769745 13769745 13769745 13769745 13769745 13769745 13769745 13769745 13769745 13769745 13769745 13769745 13769745 13769745 13769745 13769745 13769745 13769745 13769745 13769745 13769745 13769745 13769745 13769745 13769745 13769745 13769745 13769745 13769745 13769745 13754896 13754896 13754896 13754896 13754896 13754896 13754896 
RSRP of 5G
-82 -82 -82 -82 -82 -82 -82 -82 -82 -82 -77 -77 -72 -72 -76 -76 -76 -77 -81 -81 -81 -81 -84 -84 -85 -85 -88 -88 -79 -79 -83 -83 -83 -83 -83 -83 -83 -83 -83 -83 -83 -83 -83 -83 -83 -83 -83 -83 -83 -83 -83 -83 -83 -83 -83 -83 -83 -83 -83 -83 -83 -83 -83 -83 -83 -83 -83 -83 -83 -83 -83 -83 -83 -83 -83 -83 -83 -83 -83 -83 -83 -83 -83 -83 -83 -83 -83 -83 -83 -83 -83 -83 -83 -83 -83 -83 -83 -83 -83 -83 -83 -83 -83 -83 -83 -83 -83 -83 -83 -83 -83 -83 -83 -83 -83 -83 -83 -83 -83 -83 -83 -83 -83 -83 -83 -81 -81 -81 -84 -84 -86 -86 -88 -88 -81 -81 -84 -84 -119 -119 -87 -87 -94 -94 -86 -86 -86 -81 -83 -83 -129 -129 -84 -84 -86 -86 -87 -87 -84 -84 -84 -84 -87 -87 -84 -84 -86 -86 -84 -84 -84 -84 -81 -81 -81 -81 -81 -81 -81 -81 -81 -81 -81 -81 -81 -81 -81 -81 -81 -81 -81 -81 -81 -81 -81 -81 -81 -81 -81 -81 -81 -81 -81 -81 -81 -81 -81 -81 -81 -81 -81 -81 -81 -81 -81 -81 -81 -81 -81 -81 -81 -81 -81 -81 -81 -81 -81 -81 -81 -81 -81 -81 -81 -81 -81 -81 -81 -81 -81 -81 -81 -81 -81 -81 -81 -81 -81 -81 -81 -81 -81 -81 -81 -81 -81 -81 -81 -81 -81 -81 -81 -81 -81 -81 -81 -81 -81 -81 -81 -81 -81 -81 -81 -81 -81 -81 -81 -81 -81 -81 -81 -81 -81 -81 -81 -81 -81 -81 -81 -81 -81 -81 -81 -81 -81 -81 -81 -81 -81 -81 -81 -81 -81 -81 -81 -81 -81 -81 -81 -81 -81 -81 -81 -81 -81 -81 -81 -81 -81 -81 -81 -81 -81 -81 -81 -81 -81 -81 -81 -81 -81 -81 -81 -81 -81 -81 -81 -81 -81 -81 -81 -81 -81 -81 -81 -81 -81 -81 -81 -81 -81 -81 -81 -81 -81 -81 -81 -81 -81 -81 -81 -81 -81 -81 -81 -81 
CQI
2147483647 2147483647 2147483647 2147483647 2147483647 2147483647 2147483647 2147483647 2147483647 2147483647 2147483647 2147483647 2147483647 2147483647 2147483647 2147483647 2147483647 2147483647 2147483647 2147483647 2147483647 2147483647 2147483647 2147483647 2147483647 2147483647 2147483647 2147483647 2147483647 2147483647 2147483647 2147483647 2147483647 2147483647 2147483647 2147483647 2147483647 2147483647 2147483647 2147483647 2147483647 2147483647 2147483647 2147483647 2147483647 2147483647 2147483647 2147483647 2147483647 2147483647 2147483647 2147483647 2147483647 2147483647 2147483647 2147483647 2147483647 2147483647 2147483647 2147483647 2147483647 2147483647 2147483647 2147483647 2147483647 2147483647 2147483647 2147483647 2147483647 2147483647 2147483647 2147483647 2147483647 2147483647 2147483647 2147483647 2147483647 2147483647 2147483647 2147483647 2147483647 2147483647 2147483647 2147483647 2147483647 2147483647 2147483647 2147483647 2147483647 2147483647 2147483647 2147483647 2147483647 2147483647 2147483647 2147483647 2147483647 2147483647 2147483647 2147483647 2147483647 2147483647 2147483647 2147483647 2147483647 2147483647 2147483647 2147483647 2147483647 2147483647 2147483647 2147483647 2147483647 2147483647 2147483647 2147483647 2147483647 2147483647 2147483647 2147483647 2147483647 2147483647 2147483647 2147483647 2147483647 2147483647 2147483647 2147483647 2147483647 2147483647 2147483647 2147483647 2147483647 2147483647 2147483647 2147483647 2147483647 2147483647 2147483647 2147483647 2147483647 2147483647 2147483647 2147483647 2147483647 2147483647 2147483647 2147483647 2147483647 2147483647 2147483647 2147483647 2147483647 2147483647 2147483647 2147483647 2147483647 2147483647 2147483647 2147483647 2147483647 2147483647 2147483647 2147483647 2147483647 2147483647 2147483647 2147483647 2147483647 2147483647 2147483647 2147483647 2147483647 2147483647 2147483647 2147483647 2147483647 2147483647 2147483647 2147483647 2147483647 2147483647 2147483647 2147483647 2147483647 2147483647 2147483647 2147483647 2147483647 2147483647 2147483647 2147483647 2147483647 2147483647 2147483647 2147483647 2147483647 2147483647 2147483647 2147483647 2147483647 2147483647 2147483647 2147483647 2147483647 2147483647 2147483647 2147483647 2147483647 2147483647 2147483647 2147483647 2147483647 2147483647 2147483647 2147483647 2147483647 2147483647 2147483647 2147483647 2147483647 2147483647 2147483647 2147483647 2147483647 2147483647 2147483647 2147483647 2147483647 2147483647 2147483647 2147483647 2147483647 2147483647 2147483647 2147483647 2147483647 2147483647 2147483647 2147483647 2147483647 2147483647 2147483647 2147483647 2147483647 2147483647 2147483647 2147483647 2147483647 2147483647 2147483647 2147483647 2147483647 2147483647 2147483647 2147483647 2147483647 2147483647 2147483647 2147483647 2147483647 2147483647 2147483647 2147483647 2147483647 2147483647 2147483647 2147483647 2147483647 2147483647 2147483647 2147483647 2147483647 2147483647 2147483647 2147483647 2147483647 2147483647 2147483647 2147483647 2147483647 2147483647 2147483647 2147483647 2147483647 2147483647 2147483647 2147483647 2147483647 2147483647 2147483647 2147483647 2147483647 2147483647 2147483647 2147483647 2147483647 2147483647 2147483647 2147483647 2147483647 2147483647 2147483647 2147483647 2147483647 2147483647 2147483647 2147483647 2147483647 2147483647 2147483647 2147483647 2147483647 2147483647 2147483647 2147483647 2147483647 2147483647 2147483647 2147483647 2147483647 2147483647 2147483647 2147483647 2147483647 2147483647 2147483647 2147483647 2147483647 2147483647 2147483647 2147483647 2147483647 2147483647 2147483647 2147483647 2147483647 2147483647 2147483647 2147483647 2147483647 2147483647 2147483647 2147483647 2147483647 2147483647 2147483647 2147483647 2147483647 2147483647 2147483647 2147483647 2147483647 2147483647 2147483647 2147483647 2147483647 2147483647 2147483647 2147483647 2147483647 2147483647 2147483647 2147483647 2147483647 2147483647 
Altitude
-62.24140548706055 -61.53855895996094 -60.973114013671875 -60.30197525024414 -59.757667541503906 -58.85929489135742 -58.066612243652344 -57.39019012451172 -56.719051361083984 -55.88409423828125 -54.695068359375 -53.04629135131836 -50.731658935546875 -48.808082580566406 -46.609710693359375 -44.64914321899414 -42.57231903076172 -40.50077438354492 -38.328826904296875 -36.31541442871094 -34.15403366088867 -32.219886779785156 -30.195905685424805 -28.245908737182617 -26.290624618530273 -24.229652404785156 -22.158109664916992 -20.13941192626953 -18.152421951293945 -16.1442928314209 -14.051612854003906 -12.180882453918457 -10.193892478942871 -8.18576431274414 -6.20405912399292 -3.947557210922241 -1.8178844451904297 -0.11626005172729492 2.023981809616089 4.029467582702637 6.0481648445129395 7.958528995513916 10.035356521606445 12.299784660339355 14.165230751037598 16.189212799072266 18.004453659057617 20.268882751464844 22.002214431762695 24.092252731323242 26.034324645996094 27.981679916381836 30.10871124267578 32.1485481262207 34.09326171875 35.99834060668945 38.10687255859375 39.91154861450195 42.02800750732422 43.92251968383789 45.59507751464844 46.8158073425293 48.306053161621094 49.3814582824707 50.20320510864258 51.13856887817383 51.89954376220703 52.49141311645508 52.91153335571289 53.85746765136719 53.722713470458984 54.09263229370117 54.708282470703125 54.77169418334961 54.95401382446289 54.25645065307617 54.7928352355957 55.16803741455078 54.65543746948242 53.51661682128906 53.569461822509766 51.32881164550781 49.63775634765625 47.56885528564453 46.41946792602539 44.662357330322266 43.36235809326172 42.90260314941406 41.01073455810547 40.03837585449219 37.903419494628906 36.18330001831055 34.270294189453125 33.60708236694336 31.68614959716797 30.531475067138672 29.48513412475586 28.552412033081055 27.717453002929688 26.285341262817383 26.240421295166016 25.408105850219727 25.41867446899414 24.863798141479492 24.612781524658203 24.105464935302734 23.872943878173828 23.891441345214844 24.27457046508789 25.080463409423828 24.60221290588379 24.692049026489258 24.694692611694336 24.71318817138672 24.51766014099121 24.467456817626953 24.631277084350586 24.61542320251465 24.581073760986328 24.361764907836914 24.435749053955078 24.459529876708984 24.459529876708984 24.00505828857422 23.820098876953125 24.699975967407227 26.097740173339844 26.91948699951172 28.30668067932129 29.39529800415039 29.752004623413086 30.896108627319336 32.89630889892578 34.574153900146484 36.90199661254883 39.38045120239258 41.64487838745117 42.50625991821289 44.42719268798828 44.953006744384766 46.34812545776367 47.032474517822266 47.62963104248047 47.71946716308594 48.54385757446289 48.90056228637695 49.151580810546875 50.89283752441406 50.142433166503906 50.369667053222656 50.17414093017578 51.529624938964844 50.76336669921875 51.47677993774414 50.459503173828125 52.32230758666992 53.18104553222656 53.233890533447266 52.520477294921875 53.07271194458008 52.44913864135742 52.24039840698242 52.10300064086914 52.021087646484375 52.1452751159668 52.319664001464844 52.45706558227539 52.158485412597656 52.91153335571289 53.91031265258789 53.96051788330078 53.590599060058594 53.38978576660156 51.39751052856445 49.529422760009766 48.42230987548828 47.28084945678711 45.05869674682617 43.967437744140625 43.67942810058594 41.116424560546875 42.234107971191406 38.33146667480469 34.130252838134766 33.366634368896484 35.2030143737793 32.526390075683594 30.584320068359375 29.960742950439453 28.47842788696289 27.366031646728516 26.39103126525879 25.809730529785156 25.34204864501953 24.59428596496582 24.520301818847656 23.820098876953125 23.849164962768555 23.473960876464844 23.11725425720215 22.74205207824707 23.399978637695312 23.759326934814453 23.50566864013672 23.18595314025879 23.299571990966797 23.270505905151367 23.19916534423828 23.188594818115234 22.77640151977539 22.808109283447266 23.238798141479492 23.104042053222656 22.850383758544922 22.67863655090332 23.555871963500977 23.62985610961914 23.81745719909668 24.10282325744629 25.299772262573242 27.405664443969727 28.85363006591797 29.767858505249023 30.73493003845215 32.22517395019531 33.884521484375 35.80281066894531 38.064598083496094 39.72658920288086 41.65016174316406 43.34650421142578 44.738983154296875 45.6769905090332 46.85015869140625 47.28084945678711 47.80137634277344 48.644264221191406 49.225563049316406 49.68003463745117 50.20320510864258 50.84263610839844 50.813568115234375 51.225765228271484 51.28917694091797 51.426578521728516 51.54547882080078 51.74100875854492 51.97616958618164 52.68694305419922 52.51783752441406 53.292022705078125 53.91295623779297 54.18246841430664 54.04507064819336 54.156044006347656 54.227386474609375 54.208892822265625 54.200965881347656 54.02128982543945 54.11905288696289 54.008079528808594 54.02128982543945 53.82575988769531 53.81519317626953 53.84954071044922 53.88653564453125 53.804622650146484 53.73856735229492 53.905029296875 54.063568115234375 54.25381088256836 54.02921676635742 53.096492767333984 51.598323822021484 50.150360107421875 48.00483322143555 46.44853210449219 45.54487609863281 43.896095275878906 42.559104919433594 40.72272491455078 39.16378402709961 37.76073455810547 36.495086669921875 34.9652099609375 33.14204025268555 32.285945892333984 31.162979125976562 29.350378036499023 28.47314453125 26.755664825439453 25.386966705322266 23.727619171142578 21.58209228515625 20.247745513916016 18.886974334716797 17.328031539916992 15.763806343078613 15.074172973632812 14.307912826538086 12.3209228515625 10.048567771911621 7.844911098480225 6.1274333000183105 4.980686187744141 4.029467582702637 1.5642261505126953 0.7926821708679199 0.19817054271697998 -2.93820858001709 -3.7308907508850098 -4.571133613586426 -6.848773956298828 -8.798771858215332 -10.008934020996094 -11.779256820678711 -13.274784088134766 -14.617059707641602 -16.244699478149414 -18.279251098632812 -19.177623748779297 -19.420713424682617 -21.412986755371094 -22.9719295501709 -24.17152214050293 -25.81501579284668 -26.776803970336914 -28.25647735595703 -29.62517547607422 -30.919889450073242 -32.54753112792969 -33.636146545410156 -35.95077896118164 -37.779232025146484 -39.047523498535156 -40.38451385498047 -41.80605697631836 -42.95808792114258 -44.13125991821289 -45.394264221191406 -47.5767822265625 -48.98775863647461 -49.56377410888672 -51.51905822753906 -53.310516357421875 -54.985721588134766 -55.54588317871094 -57.939781188964844 -58.8170166015625 -60.08002471923828 -60.756446838378906 -60.86213684082031 -60.777584075927734 -61.01538848876953 -61.14750289916992 -61.43286895751953 -61.63368225097656 -61.845062255859375 -62.24140548706055 -62.34709548950195 -62.4686393737793 -62.71701431274414 -62.975955963134766 -63.129207611083984 -63.34587478637695 -63.58367919921875 