LTE(1) or 5G(2)
2 2 2 2 2 2 2 2 2 2 2 2 2 2 2 2 2 2 2 2 2 2 2 2 2 2 2 2 2 2 2 2 2 2 2 2 2 2 2 2 2 2 2 2 2 2 2 2 2 2 2 2 2 2 2 2 2 2 2 2 2 2 2 2 2 2 2 2 2 2 2 2 2 2 2 2 2 2 2 2 2 2 2 2 2 2 2 2 2 2 2 2 2 2 1 1 2 2 2 2 2 2 2 2 2 2 2 2 2 2 2 2 2 2 2 2 2 1 1 1 1 1 1 2 2 2 2 2 2 2 2 2 2 2 2 2 2 2 2 1 1 2 2 2 1 1 1 1 2 2 2 2 2 2 2 2 2 2 2 2 2 2 2 2 2 2 2 2 2 2 2 2 2 2 2 2 2 2 2 2 2 2 2 2 2 2 2 2 2 2 2 2 2 2 2 2 2 2 2 2 2 2 2 2 2 2 2 2 2 2 2 2 2 2 2 2 2 2 2 2 2 2 2 2 2 2 2 2 2 2 2 2 2 2 2 2 2 2 2 2 2 2 2 2 2 2 2 2 1 1 2 2 2 2 2 2 2 2 2 2 2 2 2 2 2 2 2 2 2 2 2 2 2 2 2 2 2 2 2 2 2 2 2 2 2 2 2 2 2 2 2 2 2 2 2 2 2 2 2 2 2 2 2 2 
SNR of LTE
9 10 10 10 10 10 10 10 10 9 9 9 9 9 9 9 9 8 8 8 8 8 8 8 8 8 8 7 7 6 5 5 5 5 4 3 3 3 3 1 1 0 0 -1 -1 -1 -1 -1 -2 -2 -2 -2 -2 -2 -2 -2 -2 -2 -2 -2 -2 -2 -3 -3 -3 -3 -3 -3 -3 -3 -3 -2 -2 -2 -2 -2 -2 -1 -1 -1 -1 -2 -2 -2 -2 -2 -2 -2 -2 -3 -3 -3 -3 -3 -3 -3 -3 -3 -3 -3 -2 -4 -4 -4 -4 -4 -4 -4 -4 -4 -4 -4 -4 -4 -4 -4 -4 -4 -4 -4 -4 -4 -3 -3 -3 -3 -3 -2 -2 -1 -1 -1 -1 0 0 0 0 1 1 1 1 1 1 2 2 2 2 2 2 2 2 2 2 2 2 0 0 0 0 -1 -1 -2 -2 -2 -2 -3 -3 -4 -4 -4 -4 -4 -4 -4 -4 -4 -4 -4 -4 -3 -3 -3 -3 -3 -3 -3 -3 -3 -3 -3 -3 -2 -2 -2 -2 -2 -2 -2 -2 -2 -2 -2 -2 -2 -2 -2 -2 -2 -2 0 0 0 0 0 0 0 0 0 0 0 0 0 0 0 0 0 0 0 0 0 0 0 0 0 0 0 0 0 0 0 0 0 0 0 -1 -2 -2 -2 -2 -2 -2 -3 -3 -3 -2 -2 -2 -2 -2 -2 -2 -2 -2 -2 -2 -2 -2 -2 -2 -2 -2 -2 -2 -2 0 0 1 1 1 1 1 1 2 2 2 3 3 3 4 5 5 5 6 6 7 7 7 7 7 7 7 7 7 7 
SNR of 5G
8 7 7 6 6 6 6 6 6 6 6 6 6 6 6 6 6 5 5 2 2 2 2 2 2 1 1 1 1 1 1 3 3 3 3 -1 -1 0 0 -1 -1 -3 -3 3 3 3 3 3 4 4 4 5 5 4 4 5 5 5 5 3 3 1 1 4 4 4 4 4 4 4 4 2 2 1 1 2 2 0 0 -1 -1 -2 -2 -2 -2 -2 -2 0 0 -1 -1 -5 -5 -4 0 0 3 3 3 3 2 2 -2 -2 4 4 4 4 0 0 -3 -2 -5 -5 -4 -4 -4 0 0 0 0 0 0 -1 -1 -1 -1 -1 -1 0 0 1 1 0 0 -1 -1 0 0 0 0 0 0 -2 0 0 0 0 1 -5 -5 -3 2 2 1 1 0 0 0 0 0 -1 -1 -7 -7 -4 -4 -5 -5 -4 -4 0 0 -3 -3 -1 -2 4 4 4 4 4 4 4 4 4 4 3 3 2 2 0 0 -2 -2 -2 -2 -2 -2 0 0 0 0 1 1 1 1 1 1 1 1 2 2 2 2 3 3 3 3 2 2 2 2 3 3 3 3 3 3 3 3 3 3 3 3 3 3 3 3 2 2 1 1 1 1 0 0 -1 0 0 4 4 4 4 2 2 2 2 3 3 3 4 4 3 -2 -5 2 0 4 4 4 4 4 4 6 6 5 4 4 4 2 2 3 3 3 5 5 5 5 5 6 6 8 8 7 7 8 8 8 7 7 7 6 6 
RSSI
-51 -51 -51 -51 -51 -51 -51 -51 -51 -51 -51 -51 -51 -51 -51 -51 -51 -51 -51 -51 -51 -51 -51 -51 -51 -51 -51 -51 -51 -51 -51 -51 -51 -51 -51 -51 -51 -51 -51 -51 -51 -51 -51 -51 -51 -51 -51 -51 -51 -51 -51 -51 -51 -51 -51 -51 -51 -51 -51 -51 -51 -51 -51 -51 -51 -51 -51 -51 -51 -51 -51 -51 -51 -51 -51 -51 -51 -51 -51 -51 -51 -51 -51 -51 -51 -51 -51 -51 -51 -51 -51 -51 -51 -51 -51 -51 -51 -51 -51 -51 -51 -51 -51 -51 -51 -51 -51 -51 -51 -51 -51 -51 -51 -51 -51 -51 -51 -51 -51 -51 -51 -51 -51 -51 -51 -51 -51 -51 -51 -51 -51 -51 -51 -51 -51 -51 -51 -51 -51 -51 -51 -51 -51 -51 -51 -51 -51 -51 -51 -51 -51 -51 -51 -51 -51 -51 -51 -51 -51 -51 -51 -51 -51 -51 -51 -51 -51 -51 -51 -51 -51 -51 -51 -51 -51 -51 -51 -51 -51 -51 -51 -51 -51 -51 -51 -51 -51 -51 -51 -51 -51 -51 -51 -51 -51 -51 -51 -51 -51 -51 -51 -51 -51 -51 -51 -51 -51 -51 -51 -51 -51 -51 -51 -51 -51 -51 -51 -51 -51 -51 -51 -51 -51 -51 -51 -51 -51 -51 -51 -51 -51 -51 -51 -51 -51 -51 -51 -51 -51 -51 -51 -51 -51 -51 -51 -51 -51 -51 -51 -51 -51 -51 -51 -51 -51 -51 -51 -51 -51 -51 -51 -51 -51 -51 -51 -51 -51 -51 -51 -51 -51 -51 -51 -51 -51 -51 -51 -51 -51 -51 -51 -51 -51 -51 -51 -51 -51 -51 -51 -51 -51 -51 -51 -51 -51 -51 -51 -51 -51 -51 -51 -51 -51 -51 
RSRP
-69 -70 -70 -69 -69 -69 -69 -69 -69 -69 -69 -68 -68 -68 -68 -68 -68 -67 -67 -67 -67 -67 -67 -67 -67 -67 -67 -67 -67 -68 -68 -68 -68 -68 -69 -69 -69 -69 -69 -70 -70 -71 -71 -73 -73 -73 -73 -73 -75 -75 -75 -75 -75 -77 -77 -77 -77 -77 -77 -77 -77 -77 -78 -78 -78 -78 -78 -78 -78 -78 -78 -78 -78 -78 -78 -78 -78 -78 -78 -78 -78 -78 -78 -79 -79 -79 -79 -79 -79 -79 -79 -79 -79 -79 -79 -79 -79 -79 -79 -79 -79 -79 -79 -79 -79 -79 -79 -79 -79 -79 -79 -79 -79 -78 -78 -78 -78 -78 -78 -78 -78 -78 -77 -77 -77 -77 -77 -77 -77 -76 -76 -76 -76 -76 -76 -75 -75 -74 -74 -74 -74 -74 -74 -74 -74 -74 -74 -74 -74 -74 -74 -74 -74 -74 -74 -75 -75 -75 -75 -76 -76 -77 -77 -77 -77 -77 -77 -78 -78 -78 -78 -78 -78 -79 -79 -79 -79 -79 -79 -78 -78 -78 -78 -78 -78 -78 -78 -78 -78 -78 -78 -78 -78 -78 -78 -78 -78 -78 -78 -78 -78 -78 -78 -77 -77 -77 -77 -77 -77 -74 -74 -74 -74 -74 -74 -73 -73 -73 -73 -73 -73 -73 -73 -73 -73 -73 -73 -73 -73 -73 -73 -73 -73 -73 -73 -73 -73 -73 -73 -74 -74 -74 -74 -74 -75 -75 -75 -75 -75 -75 -75 -76 -76 -76 -76 -76 -76 -76 -76 -76 -76 -76 -76 -77 -77 -77 -77 -76 -76 -76 -76 -76 -76 -76 -74 -74 -72 -72 -72 -72 -72 -72 -70 -70 -70 -69 -69 -69 -69 -68 -68 -68 -67 -67 -67 -67 -67 -67 -67 -67 -67 -67 -67 -67 
CID
13678086 13678086 13678086 13678086 13678086 13678086 13678086 13678086 13678086 13678086 13678086 13678086 13678086 13678086 13678086 13678086 13678086 13678086 13678086 13678086 13678086 13678086 13678086 13678086 13678086 13678086 13678086 13678086 13678086 13678086 13678086 13678086 13678086 13678086 13678086 13678086 13678086 13678086 13678086 13678086 13678086 13769742 13769742 13769742 13769742 13769742 13769742 13769742 13769742 13769742 13769742 13769742 13769742 13769742 13769742 13769742 13769742 13769742 13769742 13769742 13769742 13769742 13678086 13678086 13769742 13769742 13769742 13769742 13769742 13769742 13769742 13769742 13769742 13769742 13769742 13769742 13769742 13769742 13769742 13769742 13769742 13769742 13769742 13769742 13769742 13769742 13769742 13769742 13769742 13769742 13769742 13769742 13769742 13769742 13769742 13769742 13769742 13769742 13769742 13769742 13769742 13678088 13678088 13678088 13678088 13678088 13678088 13678088 13678088 13678088 13678088 13678088 13792526 13792526 13792526 13792526 13792526 13792526 13792526 13792526 13792526 13792526 13792526 13792526 13792526 13792526 13792526 13792526 13792526 13792526 13792526 13792526 13792526 13792526 13792526 13792526 13792526 13792526 13792526 13792526 13792526 13792526 13792526 13792526 13792526 13792526 13792526 13792526 13792526 13792526 13792526 13792526 13678086 13678086 13678086 13678086 13678086 13678086 13678086 13678086 13678086 13678086 13678086 13678086 13678086 13678086 13678086 13678086 13678086 13678086 13678086 13678086 13678086 13678086 13678086 13678086 13678086 13678086 13678086 13678086 13678086 13792260 13792260 13792260 13792260 13792260 13792260 13678086 13678086 13678086 13678086 13678086 13678086 13678086 13678086 13678086 13678086 13678086 13678086 13678086 13678086 13678086 13678086 13678086 13678086 13678086 13678086 13678086 13678086 13678086 13678086 13678086 13678086 13678086 13678086 13678086 13678086 13678086 13678086 13678086 13678086 13678086 13678086 13678086 13678086 13678086 13678086 13678086 13678086 13678086 13678086 13678086 13678086 13678086 13678086 13678086 13678086 13678086 13678086 13678086 13678086 13678086 13678086 13678086 13678086 13678086 13678086 13678086 13678086 13678086 13678086 13769742 13769742 13769742 13769742 13769742 13769742 13769742 13769742 13769742 13769742 13769742 13769742 13769742 13678086 13678086 13678086 13678086 13678086 13678086 13678086 13678086 13678086 13678086 13678086 13678086 13678086 13678086 13678086 13678086 13678086 13678086 13678086 13678086 13678086 13678086 13678086 13678086 13678086 13678086 13678086 13678086 13678086 13678086 13678086 13678086 13678086 13678086 13678086 13678086 13678086 13678086 13678086 13678086 
RSRP of 5G
-82 -80 -80 -81 -81 -80 -80 -80 -80 -81 -81 -81 -81 -81 -81 -81 -81 -86 -86 -85 -85 -88 -88 -85 -85 -85 -85 -87 -87 -83 -83 -84 -84 -78 -78 -82 -82 -89 -89 -88 -88 -85 -85 -84 -84 -84 -84 -84 -84 -84 -84 -88 -88 -85 -85 -88 -88 -83 -83 -89 -89 -92 -92 -82 -82 -82 -82 -82 -82 -82 -82 -85 -77 -79 -79 -80 -80 -82 -82 -82 -82 -82 -82 -84 -84 -85 -85 -79 -79 -89 -89 -111 -111 -96 -96 -96 -83 -83 -83 -83 -84 -84 -90 -80 -81 -81 -81 -81 -89 -89 2147483647 -81 -98 -98 -110 -110 2147483647 2147483647 2147483647 2147483647 2147483647 2147483647 2147483647 -85 -85 -84 -84 -88 -88 -85 -85 -85 -85 -95 -95 -119 -119 -98 -98 -88 -88 -99 -99 -112 -112 -112 -112 -112 -84 -86 -86 -99 -90 -90 -86 -86 -81 -87 -87 -82 -82 -94 -84 -80 -80 -81 -81 -85 -85 -82 -82 -79 -79 -82 -82 -94 -78 -79 -79 -79 -78 -78 -78 -78 -78 -78 -78 -77 -77 -77 -77 -79 -79 -84 -84 -95 -95 -83 -83 -84 -84 -84 -84 -83 -83 -83 -83 -83 -83 -84 -84 -83 -83 -82 -82 -85 -85 -85 -85 -87 -87 -87 -87 -79 -79 -79 -75 -75 -75 -75 -75 -75 -75 -75 -75 -75 -75 -75 -75 -80 -80 -81 -81 -91 -91 -81 -81 -107 -107 -107 -87 -87 -85 -85 -83 -83 -83 -83 -87 -87 -85 -77 -77 -78 -82 -84 -84 -82 -84 -84 -84 -84 -84 -84 -82 -82 -90 -80 -84 -84 -87 -87 -83 -83 -83 -83 -83 -83 -89 -89 -82 -82 -81 -81 -80 -80 -81 -81 -80 -77 -77 -77 -84 -84 
CQI
2147483647 2147483647 2147483647 2147483647 2147483647 2147483647 2147483647 2147483647 2147483647 2147483647 2147483647 2147483647 2147483647 2147483647 2147483647 2147483647 2147483647 2147483647 2147483647 2147483647 2147483647 2147483647 2147483647 2147483647 2147483647 2147483647 2147483647 2147483647 2147483647 2147483647 2147483647 2147483647 2147483647 2147483647 2147483647 2147483647 2147483647 2147483647 2147483647 2147483647 2147483647 2147483647 2147483647 2147483647 2147483647 2147483647 2147483647 2147483647 2147483647 2147483647 2147483647 2147483647 2147483647 2147483647 2147483647 2147483647 2147483647 2147483647 2147483647 2147483647 2147483647 2147483647 2147483647 2147483647 2147483647 2147483647 2147483647 2147483647 2147483647 2147483647 2147483647 2147483647 2147483647 2147483647 2147483647 2147483647 2147483647 2147483647 2147483647 2147483647 2147483647 2147483647 2147483647 2147483647 2147483647 2147483647 2147483647 2147483647 2147483647 2147483647 2147483647 2147483647 2147483647 2147483647 2147483647 2147483647 2147483647 2147483647 2147483647 2147483647 2147483647 2147483647 2147483647 2147483647 2147483647 2147483647 2147483647 2147483647 2147483647 2147483647 2147483647 2147483647 2147483647 2147483647 2147483647 2147483647 2147483647 2147483647 2147483647 2147483647 2147483647 2147483647 2147483647 2147483647 2147483647 2147483647 2147483647 2147483647 2147483647 2147483647 2147483647 2147483647 2147483647 2147483647 2147483647 2147483647 2147483647 2147483647 2147483647 2147483647 2147483647 2147483647 2147483647 2147483647 2147483647 2147483647 2147483647 2147483647 2147483647 2147483647 2147483647 2147483647 2147483647 2147483647 2147483647 2147483647 2147483647 2147483647 2147483647 2147483647 2147483647 2147483647 2147483647 2147483647 2147483647 2147483647 2147483647 2147483647 2147483647 2147483647 2147483647 2147483647 2147483647 2147483647 2147483647 2147483647 2147483647 2147483647 2147483647 2147483647 2147483647 2147483647 2147483647 2147483647 2147483647 2147483647 2147483647 2147483647 2147483647 2147483647 2147483647 2147483647 2147483647 2147483647 2147483647 2147483647 2147483647 2147483647 2147483647 2147483647 2147483647 2147483647 2147483647 2147483647 2147483647 2147483647 2147483647 2147483647 2147483647 2147483647 2147483647 2147483647 2147483647 2147483647 2147483647 2147483647 2147483647 2147483647 2147483647 2147483647 2147483647 2147483647 2147483647 2147483647 2147483647 2147483647 2147483647 2147483647 2147483647 2147483647 2147483647 2147483647 2147483647 2147483647 2147483647 2147483647 2147483647 2147483647 2147483647 2147483647 2147483647 2147483647 2147483647 2147483647 2147483647 2147483647 2147483647 2147483647 2147483647 2147483647 2147483647 2147483647 2147483647 2147483647 2147483647 2147483647 2147483647 2147483647 2147483647 2147483647 2147483647 2147483647 2147483647 2147483647 2147483647 2147483647 2147483647 2147483647 2147483647 2147483647 2147483647 2147483647 2147483647 2147483647 2147483647 2147483647 2147483647 2147483647 2147483647 2147483647 2147483647 2147483647 2147483647 2147483647 2147483647 2147483647 2147483647 2147483647 2147483647 2147483647 2147483647 2147483647 2147483647 2147483647 2147483647 2147483647 2147483647 2147483647 2147483647 2147483647 2147483647 2147483647 2147483647 2147483647 
Altitude
-63.6470947265625 -63.05522537231445 -62.43164825439453 -61.72880172729492 -60.73530960083008 -58.584495544433594 -56.571083068847656 -54.49425506591797 -52.64994812011719 -50.662960052490234 -48.538570404052734 -46.39833068847656 -44.316219329833984 -42.329227447509766 -40.109718322753906 -38.291831970214844 -36.2255744934082 -34.344276428222656 -32.33614730834961 -30.3808650970459 -28.11907958984375 -26.121519088745117 -24.187376022338867 -22.279653549194336 -20.128843307495117 -18.168275833129883 -16.086162567138672 -14.231287002563477 -11.964216232299805 -10.151616096496582 -8.217472076416016 -6.045522689819336 -4.248776435852051 -2.2036564350128174 -0.49146294593811035 1.831095814704895 3.749386787414551 5.810360431671143 7.55690336227417 9.456698417663574 10.843892097473145 12.024988174438477 13.039621353149414 14.14937686920166 14.802018165588379 15.523359298706055 16.0623836517334 16.609333038330078 17.063804626464844 17.33860206604004 17.674169540405273 17.99652671813965 18.213193893432617 18.511770248413086 18.569900512695312 18.68351936340332 18.7310791015625 19.05079460144043 19.098356246948242 22.11054801940918 23.883514404296875 25.368471145629883 26.155868530273438 27.310543060302734 29.16541862487793 31.21318244934082 33.144683837890625 35.0391960144043 37.052608489990234 38.42130661010742 39.768863677978516 40.67780685424805 41.51540756225586 42.71235656738281 43.460121154785156 44.19731521606445 44.55930709838867 45.00320816040039 45.410118103027344 45.7588996887207 45.978206634521484 46.32963180541992 46.64141845703125 46.887149810791016 46.469669342041016 46.3164176940918 47.00869369506836 47.299346923828125 46.813167572021484 47.69040298461914 47.936134338378906 48.36418151855469 48.34832763671875 48.372108459472656 48.284912109375 48.306053161621094 48.31398010253906 48.372108459472656 48.29548263549805 47.99161911010742 48.099952697753906 48.152801513671875 47.71682357788086 47.22271728515625 45.79060745239258 44.36906433105469 43.56581115722656 42.51418685913086 40.775569915771484 39.31439208984375 37.72110366821289 36.37882614135742 34.93878936767578 33.46439743041992 32.32029342651367 31.18411636352539 29.654239654541016 28.140216827392578 26.863998413085938 25.046113967895508 23.891441345214844 22.483108520507812 22.240018844604492 21.624370574951172 20.913597106933594 20.72335433959961 20.231891632080078 19.891036987304688 19.51583480834961 19.291242599487305 18.923965454101562 18.347949981689453 17.798357009887695 18.170917510986328 18.18941307067871 18.390226364135742 18.318885803222656 18.20526695251465 18.133926391601562 18.1127872467041 18.00973892211914 18.00973892211914 18.099576950073242 17.925186157226562 17.909332275390625 17.814210891723633 17.790430068969727 18.596323013305664 18.598966598510742 18.66238021850586 19.22254180908203 20.86075210571289 23.133108139038086 24.478025436401367 25.5587158203125 26.753023147583008 28.636964797973633 30.54732894897461 32.449764251708984 34.220088958740234 36.31805419921875 38.04081726074219 39.38573455810547 40.31053161621094 41.69508361816406 42.54853820800781 43.27516174316406 43.687355041503906 44.07312774658203 44.731056213378906 45.124752044677734 45.62150192260742 45.68491744995117 46.105037689208984 46.36397933959961 46.792030334472656 46.6519889831543 46.400970458984375 46.799957275390625 47.06153869628906 47.62434387207031 47.94670104980469 48.115806579589844 48.3588981628418 48.30076599121094 48.525360107421875 48.670684814453125 48.50157928466797 48.28227233886719 48.58613204956055 48.58348846435547 48.520076751708984 48.50686264038086 48.36418151855469 48.372108459472656 48.6733283996582 47.05625534057617 44.93715286254883 43.816829681396484 42.52739715576172 41.54975891113281 40.059513092041016 38.37638473510742 36.93634796142578 36.254638671875 34.782894134521484 32.80911636352539 30.438995361328125 29.427003860473633 27.458511352539062 26.581275939941406 25.38432502746582 24.48859405517578 23.18595314025879 22.65221405029297 21.571523666381836 21.050996780395508 20.636159896850586 20.39571189880371 19.83555030822754 19.452421188354492 19.23046875 18.94774627685547 18.250185012817383 17.845918655395508 18.36908721923828 18.527624130249023 18.699373245239258 18.82884407043457 18.91339683532715 18.7680721282959 18.667665481567383 18.527624130249023 18.34266471862793 18.400794982910156 18.313600540161133 18.168275833129883 18.110145568847656 18.123355865478516 18.281892776489258 18.20526695251465 18.15770721435547 18.178844451904297 18.29510498046875 18.522340774536133 18.392868041992188 18.229047775268555 17.68474006652832 16.395309448242188 14.95791244506836 13.689620971679688 12.17559814453125 10.497754096984863 9.234746932983398 8.4262113571167 6.558123588562012 5.5725555419921875 4.0743865966796875 2.272355556488037 1.2656491994857788 -0.42804837226867676 -1.9975590705871582 -3.508939743041992 -5.1101579666137695 -6.415441036224365 -7.826415061950684 -9.639015197753906 -11.16624927520752 -11.95364761352539 -13.422751426696777 -14.63819694519043 -17.264617919921875 -18.892257690429688 -20.229248046875 -21.344287872314453 -22.549165725708008 -23.500383377075195 -24.53087043762207 -27.23655891418457 -28.869483947753906 -29.239402770996094 -30.36501121520996 -32.2885856628418 -34.82516860961914 -35.04183578491211 -36.81216049194336 -37.38289260864258 -39.39101791381836 -41.21947479248047 -43.750770568847656 -45.14589309692383 -45.55280303955078 -47.4129638671875 -48.607269287109375 -49.801578521728516 -51.112144470214844 -53.81254959106445 -54.298728942871094 -55.297508239746094 -57.79181671142578 -58.912139892578125 -60.86213684082031 -62.88083267211914 -63.86376190185547 