LTE(1) or 5G(2)
2 2 2 2 2 2 2 2 2 2 2 2 2 2 2 2 2 2 2 2 2 2 2 2 2 2 2 2 2 2 2 2 2 2 2 2 2 2 1 1 2 2 2 2 2 2 2 2 2 2 2 1 1 2 2 2 2 2 2 2 2 2 2 2 2 2 2 2 2 2 2 2 2 2 2 2 2 2 2 2 2 2 2 2 2 2 2 2 2 2 2 2 2 2 2 2 2 2 2 2 2 2 2 2 2 2 2 2 2 2 2 2 2 2 2 2 2 2 2 2 2 2 2 2 2 2 2 2 2 2 2 2 2 2 2 2 2 2 2 2 2 2 2 2 2 2 2 2 2 2 2 2 2 2 2 2 2 2 2 2 2 2 2 2 2 2 2 2 2 2 2 2 2 2 2 2 2 2 1 1 2 2 2 2 1 2 2 2 2 2 2 2 2 2 2 2 2 2 2 2 2 2 2 2 2 2 2 2 2 2 2 2 2 2 2 2 2 2 2 2 2 2 2 2 2 2 2 2 2 2 2 2 2 2 2 2 2 2 2 2 2 2 2 2 2 1 1 2 2 2 2 2 2 2 2 2 2 2 2 2 2 2 2 2 2 2 2 2 2 2 2 2 2 2 2 2 2 2 2 2 2 2 2 1 1 1 1 1 1 2 2 2 2 2 2 2 2 2 2 2 2 2 2 2 2 2 2 2 2 2 2 2 2 2 2 2 2 2 2 2 2 2 2 2 2 2 2 2 2 2 2 2 2 2 2 2 2 2 2 2 2 2 2 2 2 2 2 2 2 2 2 2 2 2 2 2 2 2 2 2 2 2 2 2 2 2 2 2 2 2 2 2 2 2 2 
SNR of LTE
12 12 12 12 12 12 11 11 11 11 10 10 10 10 10 8 8 8 8 8 7 6 6 6 6 6 6 5 5 5 5 5 5 5 5 5 3 2 2 2 1 1 0 0 0 0 -1 -1 -1 -1 -1 -1 -1 -1 -1 -2 -2 -2 -2 -2 -2 -2 -2 -2 -2 -2 -2 -2 -2 -2 -2 -2 -2 -2 -2 -2 -2 -2 -2 -3 -3 -3 -3 -3 -3 -3 -3 -3 -3 -3 -3 -2 -2 -2 -2 -2 -2 -2 -2 -2 -2 -1 -1 -1 -1 -1 -1 -1 -1 0 0 0 0 0 0 0 0 0 0 0 0 0 -1 -1 -1 -1 -1 -1 -1 -1 -1 -1 -1 -1 -1 -1 -1 -1 -1 -1 -1 -2 -2 -2 -2 -2 -2 -3 -3 -4 -4 -4 -4 -4 -4 -4 -4 -4 -4 -4 -4 -4 -4 -4 -4 -3 -3 -3 -3 -3 -3 0 0 0 0 0 1 1 1 1 2 2 2 2 1 1 1 1 1 -1 -1 -1 -1 -1 -3 -4 -4 -4 -5 -5 -5 -5 -5 -5 -5 -5 -5 -5 -5 -5 -5 -5 -5 -5 -4 -4 -4 -4 -4 -4 -3 -3 -3 -3 -3 -3 -4 -4 -4 -4 -4 -4 -3 -3 -3 -3 -3 -2 -2 -2 -2 -2 -2 0 0 0 0 1 1 2 2 2 3 3 3 3 3 3 3 3 2 1 1 1 1 1 1 1 1 0 0 0 0 -1 -1 -1 -1 -2 -2 -2 -2 -2 -2 -2 -2 -2 -2 -2 -2 -2 -2 -2 -2 -2 -2 -2 -2 -2 -2 -2 -2 -2 -2 -2 -2 -2 -2 -2 -2 -2 -2 -3 -3 -3 -3 -3 -3 -3 -3 -3 -3 -2 -2 -2 -2 -3 -3 -3 -3 -2 -2 -2 -2 -2 -2 -2 -2 -2 -2 -2 -2 -2 -2 -2 -2 -2 -1 -1 -1 -1 -1 -1 -1 -1 0 0 0 0 0 0 1 1 1 1 2 2 2 2 2 2 2 2 2 2 2 
SNR of 5G
9 9 9 9 9 9 6 6 6 4 10 10 10 10 10 7 6 6 2 2 1 2 0 0 2 2 5 5 5 5 5 5 5 5 5 5 4 4 0 0 0 0 1 1 2 2 0 0 -3 -3 0 0 0 4 4 4 4 4 4 4 4 4 4 4 4 4 4 4 4 4 4 4 4 4 4 4 4 2 2 1 1 1 1 1 1 2 2 1 1 -2 -2 6 6 7 7 7 7 8 8 8 8 8 8 8 8 8 8 8 8 6 6 6 6 5 5 5 5 5 5 5 5 5 4 4 4 4 4 4 2 0 0 1 1 3 3 3 3 0 0 0 0 -1 -1 1 1 0 0 0 0 -1 -1 0 0 -2 -2 -2 -2 -2 -2 -1 -1 0 0 -1 -1 -1 -1 1 1 1 1 0 0 0 0 0 0 0 0 0 3 3 4 4 0 1 -1 -1 -1 -1 -2 -2 -3 -3 -5 -6 1 1 0 0 1 1 1 1 3 3 3 3 3 3 3 3 1 1 0 0 -2 -2 -1 -1 0 0 0 0 0 0 -1 -1 0 0 0 0 0 0 1 1 -1 -1 -2 -2 -6 -6 0 0 -5 0 0 -1 -1 5 5 3 3 3 3 3 3 3 3 3 3 2 2 3 3 3 3 3 3 3 3 2 2 1 1 1 1 2 2 2 2 2 2 0 0 0 0 0 0 4 4 4 4 4 4 4 4 3 3 3 3 3 3 3 3 3 3 3 3 3 3 3 3 1 1 1 1 0 0 0 0 -1 -2 4 4 3 3 4 4 5 5 5 5 5 5 4 4 5 4 4 4 4 2 2 1 1 3 3 3 3 3 3 3 3 7 7 7 7 7 7 8 8 8 8 5 5 5 5 3 3 3 3 3 3 3 
RSSI
-51 -51 -51 -51 -51 -51 -51 -51 -51 -51 -51 -51 -51 -51 -51 -51 -51 -51 -51 -51 -51 -51 -51 -51 -51 -51 -51 -51 -51 -51 -51 -51 -51 -51 -51 -51 -51 -51 -51 -51 -51 -51 -51 -51 -51 -51 -51 -51 -51 -51 -51 -51 -51 -51 -51 -51 -51 -51 -51 -51 -51 -51 -51 -51 -51 -51 -51 -51 -51 -51 -51 -51 -51 -51 -51 -51 -51 -51 -51 -51 -51 -51 -51 -51 -51 -51 -51 -51 -51 -51 -51 -51 -51 -51 -51 -51 -51 -51 -51 -51 -51 -51 -51 -51 -51 -51 -51 -51 -51 -51 -51 -51 -51 -51 -51 -51 -51 -51 -51 -51 -51 -51 -51 -51 -51 -51 -51 -51 -51 -51 -51 -51 -51 -51 -51 -51 -51 -51 -51 -51 -51 -51 -51 -51 -51 -51 -51 -51 -51 -51 -51 -51 -51 -51 -51 -51 -51 -51 -51 -51 -51 -51 -51 -51 -51 -51 -51 -51 -51 -51 -51 -51 -51 -51 -51 -51 -51 -51 -51 -51 -51 -51 -51 -51 -51 -51 -51 -51 -51 -51 -51 -51 -51 -51 -51 -51 -51 -51 -51 -51 -51 -51 -51 -51 -51 -51 -51 -51 -51 -51 -51 -51 -51 -51 -51 -51 -51 -51 -51 -51 -51 -51 -51 -51 -51 -51 -51 -51 -51 -51 -51 -51 -51 -51 -51 -51 -51 -51 -51 -51 -51 -51 -51 -51 -51 -51 -51 -51 -51 -51 -51 -51 -51 -51 -51 -51 -51 -51 -51 -51 -51 -51 -51 -51 -51 -51 -51 -51 -51 -51 -51 -51 -51 -51 -51 -51 -51 -51 -51 -51 -51 -51 -51 -51 -51 -51 -51 -51 -51 -51 -51 -51 -51 -51 -51 -51 -51 -55 -55 -55 -55 -51 -51 -51 -51 -51 -51 -51 -51 -51 -51 -51 -51 -51 -51 -51 -51 -51 -51 -51 -51 -51 -51 -51 -51 -51 -51 -51 -51 -51 -51 -51 -51 -51 -51 -51 -51 -51 -51 -51 -51 -51 -51 -51 -51 -51 -51 -51 -51 -51 -51 -51 -51 -51 -51 -51 -51 -51 -51 -51 -51 -51 -51 -51 -51 -51 -51 -51 -51 -51 -51 -51 -51 -51 -51 
RSRP
-67 -67 -67 -67 -67 -67 -67 -67 -67 -67 -67 -67 -67 -67 -67 -68 -68 -68 -68 -68 -68 -67 -67 -67 -67 -67 -67 -68 -68 -68 -68 -68 -68 -68 -68 -68 -68 -69 -69 -69 -69 -69 -70 -70 -70 -71 -73 -73 -73 -73 -73 -74 -74 -74 -74 -75 -75 -75 -75 -75 -75 -75 -75 -75 -75 -75 -75 -75 -75 -75 -75 -75 -75 -75 -75 -75 -75 -76 -76 -76 -76 -76 -76 -76 -76 -76 -76 -77 -77 -77 -77 -76 -76 -76 -76 -76 -76 -76 -76 -76 -76 -76 -76 -76 -76 -76 -76 -76 -76 -75 -75 -75 -75 -74 -74 -74 -74 -74 -74 -74 -74 -74 -75 -74 -74 -74 -74 -74 -74 -75 -75 -75 -75 -75 -75 -75 -75 -76 -76 -76 -76 -77 -77 -77 -77 -77 -77 -78 -78 -79 -79 -79 -79 -80 -80 -80 -80 -80 -80 -79 -79 -79 -79 -78 -78 -77 -77 -76 -76 -76 -76 -74 -74 -74 -74 -74 -74 -73 -73 -73 -74 -74 -74 -74 -74 -74 -74 -74 -74 -76 -76 -76 -76 -76 -77 -78 -78 -78 -78 -78 -78 -78 -78 -78 -79 -79 -79 -79 -79 -79 -78 -78 -78 -78 -77 -77 -77 -77 -77 -77 -77 -77 -77 -77 -77 -77 -77 -77 -77 -77 -76 -76 -76 -76 -75 -75 -75 -74 -73 -73 -73 -73 -73 -71 -71 -71 -71 -69 -69 -68 -68 -68 -68 -68 -68 -68 -68 -68 -68 -67 -67 -69 -69 -69 -69 -69 -69 -69 -69 -70 -70 -70 -70 -71 -71 -71 -71 -72 -72 -72 -72 -72 -72 -74 -74 -74 -74 -74 -74 -74 -75 -75 -75 -75 -75 -75 -75 -76 -76 -76 -76 -77 -77 -77 -77 -77 -77 -78 -78 -78 -78 -78 -78 -78 -79 -79 -79 -79 -79 -79 -79 -78 -78 -78 -78 -78 -78 -78 -78 -78 -78 -78 -78 -78 -78 -78 -78 -78 -78 -78 -78 -78 -78 -78 -78 -78 -77 -77 -77 -77 -77 -77 -77 -77 -76 -76 -76 -76 -76 -76 -75 -75 -75 -75 -75 -75 -75 -75 -75 -75 -75 -75 -75 -75 -75 
CID
13678086 13678086 13678086 13678086 13678086 13678086 13678086 13678086 13678086 13678086 13678086 13678086 13678086 13678086 13678086 13678086 13678086 13678086 13678086 13678086 13678086 13678086 13678086 13678086 13678086 13678086 13678086 13678086 13678086 13678086 13678086 13678086 13678086 13678086 13678086 13678086 13678086 13678086 13678086 13678086 13678086 13769742 13769742 13769742 13769742 13769742 13769742 13769742 13769742 13769742 13769742 13769742 13769742 13769742 13769742 13769742 13769742 13769742 13769742 13769742 13769742 13769742 13769742 13769742 13769742 13769742 13769742 13769742 13769742 13769742 13769742 13769742 13769742 13769742 13769742 13769742 13769742 13678086 13678086 13678086 13678086 13678086 13678086 13769742 13769742 13769742 13769742 13769742 13769742 13769742 13769742 13769742 13769742 13769742 13769742 13769742 13769742 13769742 13769742 13769742 13769742 13769742 13769742 13769742 13769742 13769742 13769742 13769742 13769742 13769742 13769742 13769742 13769742 13769742 13769742 13769742 13769742 13769742 13769742 13769742 13769742 13769742 13769742 13769742 13769742 13769742 13769742 13769742 13769742 13769742 13769742 13769742 13769742 13769742 13769742 13769742 13769742 13769742 13769742 13769742 13769742 13769742 13754893 13754893 13754893 13754893 13792526 13792526 13792526 13792526 13792526 13792526 13792526 13792526 13792526 13792526 13792526 13792526 13792526 13792526 13792526 13792526 13792526 13792526 13792526 13792526 13792526 13792526 13792526 13792526 13792526 13792526 13792526 13792526 13792526 13792526 13792526 13792526 13792526 13792526 13792526 13792526 13792526 13792526 13792526 13792526 13678086 13678086 13678086 13678086 13678086 13678086 13678086 13678086 13678086 13678086 13678086 13678086 13678086 13678086 13678086 13678086 13678086 13678086 13678086 13678086 13678086 13678086 13678086 13678086 13792526 13792526 13678086 13678086 13678086 13678086 13678086 13678086 13678086 13678086 13678086 13678086 13678086 13678086 13678086 13678086 13678086 13678086 13678086 13678086 13678086 13678086 13678086 13678086 13678086 13678086 13678086 13678086 13678086 13678086 13678086 13678086 13678086 13678086 13678086 13678086 13678086 13678086 13678086 13678086 13678086 13678086 13678086 13678086 13678086 13678086 13678086 13678086 13678086 13678086 13678086 13678086 13678086 13678086 13678086 13678086 13678086 13678086 13678086 13678086 13678086 13678086 13678086 13678086 13678086 13678086 13678086 13678086 13678086 13678086 13678086 13678086 13678086 13678086 13678086 13678086 13678086 13792258 13792258 13792258 13792258 13792258 13792258 13792258 13792258 13792258 13792258 13769739 13769739 13769739 13769739 13769739 13769739 13769739 13769739 13769739 13769739 13769739 13769739 13769739 13769739 13769739 13769739 13769739 13769739 13769739 13769739 13769739 13769739 13769739 13769739 13769739 13769739 13769739 13769739 13769739 13769739 13769739 13769739 13769739 13769739 13769739 13769739 13769739 13769739 13769739 13769739 13792258 13792258 13792258 13792258 13792258 13792258 13792258 13792258 13792258 13792258 13792258 13792258 13792258 13792258 13792258 13792258 13792258 13792258 13792258 13792258 13792258 13792258 13792258 13792258 13792258 13792258 13792258 13792258 13792258 13792258 13792258 13792258 13792258 13792258 13792258 13792258 13792258 13792258 
RSRP of 5G
-82 -82 -82 -82 -82 -82 -83 -83 -83 -74 -78 -78 -78 -78 -78 -80 -84 -84 -85 -85 -89 -85 -86 -86 -84 -84 -85 -85 -85 -85 -85 -85 -85 -85 -85 -85 -89 -81 -81 -81 -81 -81 -83 -83 -84 -84 -88 -88 -106 -106 -85 -85 -85 -83 -83 -83 -83 -83 -83 -83 -83 -83 -83 -83 -83 -83 -83 -83 -83 -83 -83 -83 -83 -83 -83 -83 -83 -80 -80 -80 -80 -81 -81 -82 -82 -85 -85 -82 -82 -86 -81 -80 -80 -82 -82 -82 -82 -79 -79 -79 -79 -81 -81 -80 -80 -80 -80 -80 -80 -81 -81 -81 -81 -84 -84 -84 -84 -84 -84 -84 -84 -84 -82 -82 -82 -82 -82 -82 -82 -83 -83 -82 -82 -79 -79 -79 -79 -84 -84 -84 -84 -80 -80 -89 -89 -86 -86 -84 -84 -83 -83 -86 -86 -84 -84 -94 -94 -94 -94 -86 -86 -81 -81 -92 -92 -84 -84 -91 -91 -88 -88 -79 -79 -85 -85 -85 -86 -83 -83 -83 -79 -79 -86 -86 -86 -83 -80 -80 -80 -80 -84 -84 -83 -83 -88 -78 -79 -79 -81 -81 -79 -79 -79 -79 -78 -78 -78 -78 -78 -78 -77 -77 -78 -78 -79 -79 -81 -81 -80 -80 -79 -79 -79 -79 -79 -79 -79 -79 -79 -79 -77 -77 -81 -81 -79 -79 -80 -80 -80 -80 -82 -82 -80 -80 -123 -123 -123 -95 -95 -81 -81 -87 -87 -81 -81 -81 -81 -81 -81 -80 -80 -78 -78 -77 -77 -77 -77 -77 -77 -78 -78 -80 -80 -80 -80 -80 -80 -80 -80 -80 -80 -80 -80 -81 -81 -81 -81 -81 -81 -81 -81 -81 -81 -81 -81 -81 -81 -83 -83 -83 -83 -84 -84 -84 -84 -84 -84 -87 -87 -90 -90 -96 -96 -89 -89 -82 -82 -95 -95 -85 -85 -104 -85 -86 -86 -105 -105 -85 -85 -87 -87 -81 -81 -81 -81 -80 -80 -88 -82 -82 -82 -82 -86 -86 -93 -82 -84 -84 -84 -84 -84 -84 -84 -84 -83 -83 -83 -83 -83 -83 -82 -75 -75 -75 -84 -84 -84 -84 -82 -82 -82 -82 -82 -82 -82 
CQI
2147483647 2147483647 2147483647 2147483647 2147483647 2147483647 2147483647 2147483647 2147483647 2147483647 2147483647 2147483647 2147483647 2147483647 2147483647 2147483647 2147483647 2147483647 2147483647 2147483647 2147483647 2147483647 2147483647 2147483647 2147483647 2147483647 2147483647 2147483647 2147483647 2147483647 2147483647 2147483647 2147483647 2147483647 2147483647 2147483647 2147483647 2147483647 2147483647 2147483647 2147483647 2147483647 2147483647 2147483647 2147483647 2147483647 2147483647 2147483647 2147483647 2147483647 2147483647 2147483647 2147483647 2147483647 2147483647 2147483647 2147483647 2147483647 2147483647 2147483647 2147483647 2147483647 2147483647 2147483647 2147483647 2147483647 2147483647 2147483647 2147483647 2147483647 2147483647 2147483647 2147483647 2147483647 2147483647 2147483647 2147483647 2147483647 2147483647 2147483647 2147483647 2147483647 2147483647 2147483647 2147483647 2147483647 2147483647 2147483647 2147483647 2147483647 2147483647 2147483647 2147483647 2147483647 2147483647 2147483647 2147483647 2147483647 2147483647 2147483647 2147483647 2147483647 2147483647 2147483647 2147483647 2147483647 2147483647 2147483647 2147483647 2147483647 2147483647 2147483647 2147483647 2147483647 2147483647 2147483647 2147483647 2147483647 2147483647 2147483647 2147483647 2147483647 2147483647 2147483647 2147483647 2147483647 2147483647 2147483647 2147483647 2147483647 2147483647 2147483647 2147483647 2147483647 2147483647 2147483647 2147483647 2147483647 2147483647 2147483647 2147483647 2147483647 2147483647 2147483647 2147483647 2147483647 2147483647 2147483647 2147483647 2147483647 2147483647 2147483647 2147483647 2147483647 2147483647 2147483647 2147483647 2147483647 2147483647 2147483647 2147483647 2147483647 2147483647 2147483647 2147483647 2147483647 2147483647 2147483647 2147483647 2147483647 2147483647 2147483647 2147483647 2147483647 2147483647 2147483647 2147483647 2147483647 2147483647 2147483647 2147483647 2147483647 2147483647 2147483647 2147483647 2147483647 2147483647 2147483647 2147483647 2147483647 2147483647 2147483647 2147483647 2147483647 2147483647 2147483647 2147483647 2147483647 2147483647 2147483647 2147483647 2147483647 2147483647 2147483647 2147483647 2147483647 2147483647 2147483647 2147483647 2147483647 2147483647 2147483647 2147483647 2147483647 2147483647 2147483647 2147483647 2147483647 2147483647 2147483647 2147483647 2147483647 2147483647 2147483647 2147483647 2147483647 2147483647 2147483647 2147483647 2147483647 2147483647 2147483647 2147483647 2147483647 2147483647 2147483647 2147483647 2147483647 2147483647 2147483647 2147483647 2147483647 2147483647 2147483647 2147483647 2147483647 2147483647 2147483647 2147483647 2147483647 2147483647 2147483647 2147483647 2147483647 2147483647 2147483647 2147483647 2147483647 2147483647 2147483647 2147483647 2147483647 2147483647 2147483647 2147483647 2147483647 2147483647 2147483647 2147483647 2147483647 2147483647 2147483647 2147483647 2147483647 2147483647 2147483647 2147483647 2147483647 2147483647 2147483647 2147483647 2147483647 2147483647 2147483647 2147483647 2147483647 2147483647 2147483647 2147483647 2147483647 2147483647 2147483647 2147483647 2147483647 2147483647 2147483647 2147483647 2147483647 2147483647 2147483647 2147483647 2147483647 2147483647 2147483647 2147483647 2147483647 2147483647 2147483647 2147483647 2147483647 2147483647 2147483647 2147483647 2147483647 2147483647 2147483647 2147483647 2147483647 2147483647 2147483647 2147483647 2147483647 2147483647 2147483647 2147483647 2147483647 2147483647 2147483647 2147483647 2147483647 2147483647 2147483647 2147483647 2147483647 2147483647 2147483647 2147483647 2147483647 2147483647 2147483647 2147483647 2147483647 2147483647 2147483647 2147483647 2147483647 2147483647 2147483647 2147483647 2147483647 2147483647 2147483647 2147483647 2147483647 2147483647 2147483647 2147483647 2147483647 2147483647 2147483647 2147483647 2147483647 2147483647 2147483647 2147483647 2147483647 2147483647 2147483647 2147483647 2147483647 2147483647 2147483647 2147483647 2147483647 2147483647 
Altitude
-62.5743293762207 -61.87148666381836 -61.16335678100586 -60.2332763671875 -59.498722076416016 -58.7641716003418 -58.08774948120117 -57.210514068603516 -55.588157653808594 -53.569461822509766 -51.5877571105957 -49.12515640258789 -47.291419982910156 -45.124752044677734 -42.97922897338867 -40.8759765625 -38.73044967651367 -36.74346160888672 -34.53451919555664 -32.589805603027344 -30.597532272338867 -28.663387298583984 -26.755664825439453 -24.55200958251953 -22.38006019592285 -20.636159896850586 -18.51705551147461 -16.376813888549805 -14.352831840515137 -12.307711601257324 -10.17803955078125 -8.254463195800781 -6.209343910217285 -4.16950798034668 -2.034550905227661 -0.1268291473388672 1.8443071842193604 3.942272663116455 6.040238380432129 8.122349739074707 9.942876815795898 11.95364761352539 14.083319664001465 16.160146713256836 17.980674743652344 20.01522445678711 22.0259952545166 24.097537994384766 25.949771881103516 28.113794326782227 30.127206802368164 32.296512603759766 34.193668365478516 36.196510314941406 37.903419494628906 40.041019439697266 41.9487419128418 43.830039978027344 45.22515869140625 46.37983322143555 47.600563049316406 48.657474517822266 49.34182357788086 50.02617263793945 50.57048034667969 51.035518646240234 51.41865158081055 51.78328323364258 52.002593994140625 52.13734817504883 52.42271423339844 52.874542236328125 52.7952766418457 53.014583587646484 53.07271194458008 52.49141311645508 50.55462646484375 49.492431640625 47.69568634033203 46.099754333496094 44.049346923828125 41.533905029296875 41.832481384277344 40.74386215209961 39.063377380371094 37.28776931762695 35.20830154418945 34.428829193115234 32.59773254394531 31.688791275024414 30.396718978881836 28.301395416259766 27.61968994140625 25.254854202270508 24.575790405273438 22.535953521728516 20.950590133666992 19.82762336730957 18.313600540161133 16.411163330078125 14.085962295532227 12.135964393615723 12.006492614746094 10.143689155578613 9.90060043334961 8.420927047729492 7.276822090148926 5.524994850158691 4.0981669425964355 2.491664409637451 1.5430879592895508 -0.8719503879547119 -1.236584186553955 -2.5312983989715576 -3.4455251693725586 -4.185361862182617 -4.518288612365723 -5.458937644958496 -5.776010513305664 -6.278042793273926 -6.9016194343566895 -6.928042411804199 -7.070724964141846 -7.519911766052246 -7.736577987670898 -7.926821708679199 -8.00609016418457 -7.868691444396973 -7.572756767272949 -7.958528995513916 -7.895114421844482 -7.541049957275391 -6.41015625 -4.782515525817871 -1.7439007759094238 -1.4426815509796143 -1.9552826881408691 -1.2894296646118164 -0.08455276489257812 1.8390226364135742 3.680687427520752 5.97153902053833 8.267675399780273 10.804258346557617 12.574581146240234 14.899782180786133 16.33189582824707 18.57254409790039 20.686363220214844 22.694490432739258 24.29570770263672 26.63412094116211 28.565622329711914 30.499767303466797 32.58716583251953 34.23065948486328 35.46724319458008 37.707889556884766 39.126792907714844 40.03044891357422 41.73207473754883 44.461544036865234 44.670284271240234 44.98207092285156 46.35341262817383 47.912353515625 48.34304428100586 48.953407287597656 49.76194381713867 50.26661682128906 50.21113204956055 50.303611755371094 50.454219818115234 50.7818603515625 50.98003387451172 51.28125 50.655033111572266 49.941619873046875 50.19263458251953 49.79100799560547 49.61661911010742 49.365604400634766 47.64284133911133 46.2054443359375 45.01906204223633 42.98451232910156 40.989593505859375 39.51520538330078 38.01175308227539 37.17415237426758 35.261146545410156 34.16988754272461 32.3123664855957 31.567245483398438 29.268468856811523 28.58411979675293 27.070096969604492 25.582496643066406 23.2625789642334 22.0550594329834 20.678436279296875 19.0296573638916 17.88555145263672 15.68982219696045 15.396530151367188 13.82966136932373 12.270719528198242 10.336575508117676 8.790844917297363 7.546334266662598 7.311172008514404 5.665035247802734 4.235565185546875 3.796947479248047 1.3211369514465332 0.8930885791778564 -1.6646325588226318 -1.9975590705871582 -3.308126926422119 -3.9951181411743164 -5.633327960968018 -5.9081244468688965 -6.6690993309021 -7.245115280151367 -7.5780415534973145 -7.551618576049805 -8.169910430908203 -8.3073091506958 -8.53982925415039 -8.851617813110352 -8.888608932495117 -8.957308769226074 -8.973161697387695 -8.946739196777344 -8.41828441619873 -7.863407135009766 -7.22926139831543 -5.982108116149902 -3.8418662548065186 -2.578859329223633 -0.8455276489257812 -0.2695119380950928 0.6288611888885498 2.235363721847534 3.8233704566955566 5.131296157836914 6.687595367431641 8.830479621887207 11.007713317871094 13.317060470581055 15.30405044555664 17.33067512512207 19.36258316040039 21.60323143005371 23.812171936035156 26.142658233642578 27.997533798217773 30.637165069580078 32.074562072753906 33.990211486816406 35.572933197021484 37.66825866699219 39.422725677490234 40.80199432373047 42.19975662231445 44.36906433105469 45.964996337890625 46.58592987060547 48.13166046142578 48.71560287475586 49.384098052978516 49.47657775878906 49.960113525390625 50.31946563720703 50.47800064086914 50.958892822265625 51.389583587646484 51.42129135131836 51.63267517089844 51.82820129394531 52.02373123168945 52.076576232910156 51.9603157043457 51.38694381713867 50.8796272277832 51.6168212890625 51.661739349365234 51.598323822021484 51.516414642333984 50.91397476196289 49.68796157836914 48.05767822265625 46.76560592651367 45.70341110229492 43.12455368041992 43.01357650756836 40.71479797363281 39.07658767700195 37.792442321777344 37.30362319946289 36.059112548828125 33.53573989868164 32.172325134277344 30.999156951904297 29.6727352142334 27.27355194091797 27.429445266723633 25.352617263793945 23.259937286376953 21.5266056060791 20.210752487182617 18.408721923828125 16.466651916503906 15.066246032714844 14.001409530639648 12.516451835632324 10.653648376464844 10.15954303741455 7.9373908042907715 6.3599534034729 4.951621055603027 4.407312870025635 1.74918532371521 -0.08455276489257812 -0.8402431011199951 -2.8747940063476562 -3.6727607250213623 -5.844709873199463 -7.630887031555176 -8.090642929077148 -9.982510566711426 -11.990638732910156 -13.121532440185547 -14.722749710083008 -16.08087921142578 -17.243478775024414 -18.87112045288086 -21.22274398803711 -22.44347381591797 -23.611358642578125 -24.63656234741211 -26.443878173828125 -28.129648208618164 -29.440216064453125 -31.300376892089844 -32.78004837036133 -34.03777313232422 -35.913787841796875 -36.76988220214844 -38.482078552246094 -40.881263732910156 -40.86012268066406 -42.55646514892578 -44.5275993347168 -45.84345245361328 -47.2332878112793 -48.866214752197266 -50.47271728515625 -52.089786529541016 -53.67515182495117 -54.98043441772461 -56.25401306152344 -57.25807571411133 -59.482872009277344 -59.80522918701172 -61.131649017333984 -62.20969772338867 -62.79099655151367 -62.93896484375 -62.53733825683594 -61.95603942871094 -62.257259368896484 -62.706443786621094 -63.256038665771484 -63.07107925415039 