LTE(1) or 5G(2)
2 2 2 2 2 2 2 2 2 2 2 2 2 2 2 2 2 2 2 2 2 2 2 2 2 2 2 2 2 2 2 2 2 2 2 2 2 2 2 2 2 2 2 2 2 2 2 2 2 2 2 2 2 2 2 2 2 2 2 2 2 2 2 2 2 2 2 2 2 2 2 2 2 2 2 2 2 2 2 2 2 2 2 2 2 2 2 2 2 2 2 2 2 2 2 2 2 2 2 2 2 2 2 2 2 2 2 2 2 2 2 2 2 2 2 2 2 2 2 2 2 2 2 2 2 2 2 1 1 1 2 2 2 1 1 1 1 1 1 1 1 1 1 1 1 2 2 2 2 2 2 2 2 2 2 2 2 2 2 2 2 2 2 2 2 2 2 2 2 2 2 2 1 1 1 1 1 1 1 1 1 1 2 2 2 2 2 2 2 2 2 2 2 2 2 2 2 2 2 2 2 2 2 2 2 2 2 2 2 2 2 2 2 2 1 1 1 1 1 1 1 1 1 1 2 2 2 2 2 2 2 2 2 2 2 2 2 2 2 2 2 2 2 2 2 2 2 2 2 2 2 2 2 2 2 2 2 2 2 2 2 2 2 2 2 2 2 2 2 2 2 2 2 2 2 2 2 2 2 2 2 2 2 2 2 2 2 2 2 2 2 2 2 2 2 2 2 2 2 2 2 2 2 2 2 2 2 2 2 2 2 2 2 2 2 2 2 2 2 2 2 2 2 2 2 2 2 2 2 2 2 2 2 2 2 2 2 2 2 2 2 
SNR of LTE
11 11 11 11 9 9 9 8 8 8 8 8 8 8 6 6 6 6 6 6 6 5 5 5 5 5 5 5 5 5 4 4 3 3 2 2 2 2 1 1 0 0 0 0 0 0 -1 -1 -3 -4 -4 -4 -4 -4 -4 -4 -5 -5 -5 -5 -5 -5 -5 -5 -5 -5 -5 -6 -6 -6 -6 -6 -6 -6 -5 -5 -5 -5 -5 -5 -5 -5 -5 -5 -5 -5 -5 -5 -5 -5 -5 -5 -4 -4 -4 -4 -4 -4 -4 -4 -3 -4 -4 -4 -4 -4 -4 -4 -4 -4 -5 -5 -5 -5 -5 -5 -5 -5 -5 -5 -5 -5 -5 -5 -5 -5 -5 -5 -5 -4 -4 -4 -4 -4 -4 -4 -4 -4 -4 -3 -3 -3 -3 -3 -3 -2 -2 -2 -2 -2 -2 0 0 0 0 0 0 0 0 0 0 0 0 2 2 2 2 2 2 1 1 1 1 0 0 -1 -4 -4 -4 -4 -5 -5 -6 -6 -6 -6 -6 -6 -6 -6 -6 -6 -6 -5 -5 -4 -4 -4 -4 -4 -4 -4 -4 -4 -4 -5 -5 -5 -5 -5 -5 -5 -5 -7 -7 -7 -8 -8 -9 -9 -9 -9 -9 -9 -9 -9 -9 -9 -8 -8 -8 -8 -8 -8 -7 -7 -6 -6 -6 -6 -5 -5 -5 -5 -5 -5 -5 -5 -5 -4 -4 -4 -4 -4 -4 -4 -4 -4 -4 -4 -4 -4 -4 -4 -4 -4 -4 -4 -4 -4 -4 -4 -3 -3 -3 -3 -3 -3 -3 -3 -3 -3 -3 -3 -3 -3 -2 -2 -3 -3 -3 -3 -3 -3 -2 -2 -2 -2 -2 -2 -2 -2 -2 -2 -2 -2 -2 -2 -2 -2 -2 -2 -1 -1 -1 -1 0 0 0 0 0 0 0 0 0 0 0 0 0 0 1 1 1 1 1 1 2 2 2 2 2 
SNR of 5G
12 12 12 12 2 2 5 5 5 5 5 5 5 5 1 1 0 0 0 0 -1 -1 1 1 0 0 3 3 2 2 2 2 1 1 0 0 -1 -1 -1 -1 0 -1 0 0 0 0 -1 -1 -2 -2 -2 -2 -2 -2 -3 -3 -5 -5 -5 -5 2 2 0 0 -1 -1 3 3 2 2 3 3 -2 -2 0 0 0 0 0 0 1 1 1 1 1 1 1 1 0 0 0 0 -1 -1 -1 -1 -1 -1 -1 -1 -2 -2 -3 -3 2 2 2 2 0 0 -3 -3 3 3 3 3 -1 -1 -2 0 3 3 3 3 1 1 0 0 0 0 0 0 -5 0 0 0 0 0 0 0 0 0 0 0 0 0 0 0 0 2 2 3 3 2 2 1 1 0 0 2 2 2 2 2 2 1 3 -1 -1 0 0 -1 0 0 0 0 0 0 0 0 0 0 -2 -2 -2 -2 -2 -2 -2 -2 -1 -1 1 1 1 1 4 4 4 4 2 2 2 2 2 2 1 1 -1 -1 -1 -1 -2 -2 0 0 0 0 0 0 0 0 0 0 1 1 1 1 1 1 1 1 0 0 0 0 -1 -1 -1 -1 -1 -1 0 0 -1 -1 -1 -1 -1 -1 -1 -1 -1 -1 -1 -1 -1 -1 -3 -4 2 2 -2 -2 2 2 1 1 1 1 0 0 1 1 0 0 -2 -2 2 2 0 0 0 0 1 1 1 1 0 0 -1 -1 -1 -1 -1 -1 0 0 0 0 0 0 0 0 0 0 0 0 0 0 -1 -1 0 0 -1 -1 -1 -1 0 0 0 0 0 0 0 0 -1 -1 0 0 0 0 5 5 5 5 9 9 5 5 2 
RSSI
-51 -51 -51 -51 -51 -51 -51 -51 -51 -51 -51 -51 -51 -51 -51 -51 -51 -51 -51 -51 -51 -51 -51 -51 -51 -51 -51 -51 -51 -51 -51 -51 -51 -51 -51 -51 -51 -51 -51 -51 -51 -51 -51 -51 -51 -51 -51 -51 -51 -51 -51 -51 -51 -51 -51 -51 -51 -51 -51 -51 -51 -51 -51 -51 -51 -51 -51 -51 -51 -51 -51 -51 -51 -51 -51 -51 -51 -51 -51 -51 -51 -51 -51 -51 -51 -51 -51 -51 -51 -51 -51 -51 -51 -51 -51 -51 -51 -51 -51 -51 -51 -51 -51 -51 -51 -51 -51 -51 -51 -51 -51 -51 -51 -51 -51 -51 -51 -51 -51 -51 -51 -51 -51 -51 -51 -51 -51 -51 -51 -51 -51 -51 -51 -51 -51 -51 -51 -51 -51 -51 -51 -51 -51 -51 -51 -51 -51 -51 -51 -51 -51 -51 -51 -51 -51 -51 -51 -51 -51 -51 -51 -51 -51 -51 -51 -51 -51 -51 -51 -51 -51 -51 -51 -51 -51 -51 -51 -51 -51 -51 -51 -51 -51 -51 -51 -51 -51 -51 -51 -51 -51 -51 -51 -51 -51 -51 -51 -51 -51 -51 -51 -51 -51 -51 -51 -51 -51 -51 -51 -51 -51 -51 -51 -51 -51 -51 -51 -51 -51 -51 -51 -51 -51 -51 -51 -51 -51 -51 -51 -51 -51 -51 -51 -51 -51 -51 -51 -51 -51 -51 -51 -51 -51 -51 -51 -51 -51 -51 -51 -51 -51 -51 -51 -51 -51 -51 -51 -51 -51 -51 -51 -51 -51 -51 -51 -51 -51 -51 -51 -51 -51 -51 -51 -51 -51 -51 -51 -51 -51 -51 -51 -51 -51 -51 -51 -51 -51 -51 -51 -51 -51 -51 -51 -51 -51 -51 -51 -51 -51 -51 -51 -51 -51 -51 -51 -51 -51 -51 -51 -51 -51 -51 -51 -51 -51 -51 -51 -51 -51 -51 -51 -51 -51 -51 -51 -51 -51 -51 -51 -51 -51 -51 -51 -51 -51 -51 -51 -51 -51 -51 -51 
RSRP
-68 -68 -68 -68 -68 -68 -68 -69 -69 -69 -69 -69 -69 -69 -69 -69 -69 -69 -69 -69 -69 -69 -69 -69 -69 -69 -69 -69 -69 -69 -69 -69 -69 -69 -70 -70 -70 -70 -70 -70 -71 -71 -71 -72 -72 -72 -73 -73 -75 -76 -76 -76 -76 -76 -77 -77 -78 -78 -79 -79 -79 -79 -79 -79 -79 -79 -79 -80 -80 -80 -80 -80 -80 -80 -80 -80 -79 -79 -79 -79 -79 -79 -79 -79 -79 -79 -79 -79 -78 -78 -78 -78 -78 -78 -77 -77 -77 -77 -77 -77 -77 -78 -78 -78 -78 -78 -78 -78 -78 -78 -78 -78 -78 -78 -78 -78 -79 -79 -79 -79 -79 -79 -79 -79 -80 -80 -80 -79 -79 -79 -79 -79 -79 -79 -79 -79 -79 -78 -78 -78 -78 -78 -78 -78 -77 -77 -77 -77 -77 -77 -77 -75 -75 -75 -75 -75 -75 -74 -74 -74 -74 -74 -74 -73 -73 -73 -73 -73 -73 -73 -73 -73 -73 -74 -74 -76 -77 -77 -77 -77 -77 -78 -79 -79 -79 -79 -79 -79 -79 -79 -78 -78 -77 -77 -77 -77 -77 -77 -77 -77 -77 -77 -77 -77 -77 -78 -78 -78 -78 -78 -78 -78 -78 -79 -79 -79 -80 -80 -81 -81 -81 -81 -80 -79 -79 -79 -79 -79 -78 -78 -78 -78 -79 -79 -78 -78 -77 -77 -77 -77 -77 -77 -77 -77 -77 -77 -77 -77 -77 -78 -78 -78 -78 -79 -79 -79 -79 -79 -78 -79 -79 -79 -79 -79 -79 -79 -79 -79 -79 -79 -79 -79 -79 -79 -79 -79 -79 -79 -79 -79 -78 -78 -78 -78 -78 -78 -78 -78 -78 -78 -78 -78 -78 -78 -78 -78 -78 -78 -78 -78 -78 -78 -78 -78 -78 -78 -77 -77 -77 -77 -77 -77 -77 -77 -77 -77 -77 -77 -77 -77 -77 -77 -77 -77 -77 -77 -76 -76 -76 -76 -76 -76 -76 -76 -76 -76 -75 -75 -74 -74 -74 
CID
13678086 13678086 13678086 13678086 13678086 13678086 13678086 13678086 13678086 13678086 13678086 13678086 13678086 13678086 13678086 13678086 13678086 13678086 13678086 13678086 13678086 13678086 13678086 13678086 13678086 13678086 13678086 13678086 13678086 13678086 13678086 13678086 13678086 13678086 13678086 13678086 13678086 13678086 13678086 13678086 13678086 13769742 13769742 13769742 13769742 13769742 13769742 13769742 13769742 13769742 13769742 13769742 13769742 13769742 13769742 13769742 13769742 13769742 13769742 13769742 13769742 13769742 13769742 13769742 13769742 13769742 13769742 13769742 13769742 13769742 13769742 13769742 13769742 13769742 13678086 13678086 13678086 13678086 13678086 13769742 13769742 13769742 13769742 13769742 13769742 13769742 13769742 13769742 13769742 13769742 13769742 13769742 13769742 13769742 13769742 13769742 13769742 13769742 13769742 13769742 13769742 13769742 13769742 13769742 13769742 13769742 13769742 13769742 13769742 13769742 13769742 13769742 13769742 13769742 13769742 13769742 13769742 13754893 13792526 13792526 13678088 13678088 13678088 13678088 13678088 13678088 13678088 13792526 13792526 13792526 13792526 13792526 13792526 13792526 13792526 13792526 13792526 13792526 13792526 13792526 13792526 13792526 13792526 13792526 13792526 13792526 13792526 13792526 13792526 13792526 13792526 13792526 13792526 13792526 13792526 13792526 13792526 13792526 13792526 13792526 13792526 13792526 13792526 13792526 13792526 13792526 13792526 13792526 13792526 13792526 13754893 13754893 13754893 13754893 13754893 13754893 13682186 13682186 13682186 13682186 13682186 13769739 13769739 13769739 13769739 13769739 13769739 13769739 13769739 13769739 13769739 13769739 13769739 13792523 13792523 13792523 13792513 13792513 13792513 13792513 13792513 13792513 13754890 13754890 13754890 13769739 13769739 13769739 13769739 13769739 13769739 13769739 13769739 13769739 13769739 13769739 13769739 13769739 13769739 13769739 13769739 13769739 13792257 13792257 13754890 13754890 13754890 13754890 13754890 13754890 13754890 13754890 13754890 13754890 13754890 13754890 13754890 13754890 13754890 13754890 13754890 13769739 13769739 13792258 13792258 13792258 13792258 13792258 13792258 13792258 13792258 13792258 13792258 13792258 13792258 13792258 13792258 13792258 13792258 13792258 13792258 13792258 13792258 13792258 13792258 13792258 13792258 13792258 13792258 13792258 13792258 13792258 13792258 13792258 13792258 13792258 13792258 13792258 13792258 13792258 13792258 13792258 13792258 13792258 13792258 13792258 13792258 13792258 13792258 13792258 13792258 13792258 13792258 13792258 13792258 13792258 13792258 13792258 13792258 13792258 13792258 13792258 13792258 13792258 13792258 13792258 13792258 13792258 13792258 13792258 13792258 13792258 13792258 13792258 13792258 13792258 13792258 13792258 13792258 13792258 13792258 13792258 13792258 13792258 13792258 13792258 13792258 13792258 13792258 13792258 13792258 13792258 13792258 13792258 13792258 13792258 13792258 13792258 13792258 13792258 13792258 
RSRP of 5G
-82 -82 -82 -82 -82 -78 -80 -80 -81 -81 -81 -81 -81 -81 -85 -85 -91 -82 -86 -86 -93 -93 -82 -82 -81 -81 -85 -85 -91 -91 -86 -86 -88 -88 -87 -87 -91 -91 -95 -95 -86 -86 -85 -85 -85 -85 -91 -91 -88 -88 -87 -87 -87 -87 -87 -87 -89 -89 -104 -114 -81 -81 -92 -92 -126 -85 -99 -99 -84 -84 -83 -83 -84 -84 -80 -80 -80 -80 -82 -82 -81 -81 -81 -81 -81 -81 -82 -82 -81 -81 -82 -82 -83 -83 -83 -83 -92 -92 -92 -92 -83 -83 -88 -80 -79 -79 -79 -79 -83 -83 -83 -83 -85 -85 -85 -85 -93 -93 -100 -80 -81 -81 -79 -79 -109 -109 -126 -126 -126 -126 -115 -115 -136 -136 -136 -136 -136 -136 -136 -136 -136 -136 -136 -136 -136 -82 -82 -89 -89 -82 -82 -78 -78 -80 -80 -84 -84 -82 -82 -81 -81 -81 -81 -77 -77 -85 -83 -85 -85 -84 -84 -81 -81 -81 -81 -81 -81 -81 -81 -81 -81 -81 -83 -83 -83 -83 -83 -83 -83 -83 -80 -80 -79 -79 -79 -79 -78 -78 -78 -78 -78 -78 -77 -77 -78 -78 -78 -78 -95 -95 -95 -95 -108 -108 -108 -108 -108 -108 -108 -108 -108 -108 -108 -108 -82 -82 -82 -82 -82 -82 -83 -83 -85 -85 -82 -82 -82 -82 -82 -82 -79 -79 -79 -79 -80 -80 -80 -80 -80 -80 -80 -80 -80 -80 -80 -80 -81 -81 -87 -80 -83 -83 -86 -86 -85 -85 -81 -81 -81 -81 -88 -88 -83 -83 -83 -83 -97 -87 -88 -88 -89 -89 -99 -83 -85 -85 -90 -90 -87 -87 -88 -88 -92 -92 -86 -86 -86 -86 -85 -85 -86 -86 -86 -86 -86 -86 -88 -88 -87 -87 -87 -87 -82 -82 -91 -91 -87 -87 -83 -83 -84 -84 -84 -84 -84 -84 -86 -86 -85 -85 -86 -86 -82 -82 -82 -82 -77 -77 -83 -83 -87 
CQI
2147483647 2147483647 2147483647 2147483647 2147483647 2147483647 2147483647 2147483647 2147483647 2147483647 2147483647 2147483647 2147483647 2147483647 2147483647 2147483647 2147483647 2147483647 2147483647 2147483647 2147483647 2147483647 2147483647 2147483647 2147483647 2147483647 2147483647 2147483647 2147483647 2147483647 2147483647 2147483647 2147483647 2147483647 2147483647 2147483647 2147483647 2147483647 2147483647 2147483647 2147483647 2147483647 2147483647 2147483647 2147483647 2147483647 2147483647 2147483647 2147483647 2147483647 2147483647 2147483647 2147483647 2147483647 2147483647 2147483647 2147483647 2147483647 2147483647 2147483647 2147483647 2147483647 2147483647 2147483647 2147483647 2147483647 2147483647 2147483647 2147483647 2147483647 2147483647 2147483647 2147483647 2147483647 2147483647 2147483647 2147483647 2147483647 2147483647 2147483647 2147483647 2147483647 2147483647 2147483647 2147483647 2147483647 2147483647 2147483647 2147483647 2147483647 2147483647 2147483647 2147483647 2147483647 2147483647 2147483647 2147483647 2147483647 2147483647 2147483647 2147483647 2147483647 2147483647 2147483647 2147483647 2147483647 2147483647 2147483647 2147483647 2147483647 2147483647 2147483647 2147483647 2147483647 2147483647 2147483647 2147483647 2147483647 2147483647 2147483647 2147483647 2147483647 2147483647 2147483647 2147483647 2147483647 2147483647 2147483647 2147483647 2147483647 2147483647 2147483647 2147483647 2147483647 2147483647 2147483647 2147483647 2147483647 2147483647 2147483647 2147483647 2147483647 2147483647 2147483647 2147483647 2147483647 2147483647 2147483647 2147483647 2147483647 2147483647 2147483647 2147483647 2147483647 2147483647 2147483647 2147483647 2147483647 2147483647 2147483647 2147483647 2147483647 2147483647 2147483647 2147483647 2147483647 2147483647 2147483647 2147483647 2147483647 2147483647 2147483647 2147483647 2147483647 2147483647 2147483647 2147483647 2147483647 2147483647 2147483647 2147483647 2147483647 2147483647 2147483647 2147483647 2147483647 2147483647 2147483647 2147483647 2147483647 2147483647 2147483647 2147483647 2147483647 2147483647 2147483647 2147483647 2147483647 2147483647 2147483647 2147483647 2147483647 2147483647 2147483647 2147483647 2147483647 2147483647 2147483647 2147483647 2147483647 2147483647 2147483647 2147483647 2147483647 2147483647 2147483647 2147483647 2147483647 2147483647 2147483647 2147483647 2147483647 2147483647 2147483647 2147483647 2147483647 2147483647 2147483647 2147483647 2147483647 2147483647 2147483647 2147483647 2147483647 2147483647 2147483647 2147483647 2147483647 2147483647 2147483647 2147483647 2147483647 2147483647 2147483647 2147483647 2147483647 2147483647 2147483647 2147483647 2147483647 2147483647 2147483647 2147483647 2147483647 2147483647 2147483647 2147483647 2147483647 2147483647 2147483647 2147483647 2147483647 2147483647 2147483647 2147483647 2147483647 2147483647 2147483647 2147483647 2147483647 2147483647 2147483647 2147483647 2147483647 2147483647 2147483647 2147483647 2147483647 2147483647 2147483647 2147483647 2147483647 2147483647 2147483647 2147483647 2147483647 2147483647 2147483647 2147483647 2147483647 2147483647 2147483647 2147483647 2147483647 2147483647 2147483647 2147483647 2147483647 2147483647 2147483647 2147483647 2147483647 2147483647 2147483647 2147483647 2147483647 2147483647 2147483647 2147483647 2147483647 2147483647 2147483647 2147483647 2147483647 2147483647 2147483647 2147483647 2147483647 2147483647 2147483647 2147483647 2147483647 2147483647 2147483647 2147483647 2147483647 2147483647 2147483647 2147483647 2147483647 2147483647 2147483647 2147483647 2147483647 2147483647 2147483647 2147483647 2147483647 2147483647 2147483647 2147483647 
Altitude
-127.30475616455078 -126.3535385131836 -125.51329803466797 -124.2291488647461 -122.65963745117188 -120.82589721679688 -118.52183532714844 -116.56655883789062 -114.66411590576172 -112.46574401855469 -110.50518035888672 -108.41778564453125 -105.8812026977539 -103.75152587890625 -101.63771057128906 -99.64543151855469 -97.4629135131836 -95.61332702636719 -93.4677963256836 -91.64990997314453 -89.83203125 -87.6865005493164 -85.65194702148438 -83.64910888671875 -81.6462631225586 -79.73854064941406 -77.87309265136719 -75.90724182128906 -73.96781921386719 -71.6373291015625 -69.94098663330078 -67.90115356445312 -65.73977661132812 -63.86904525756836 -61.66010284423828 -59.66782760620117 -57.585716247558594 -55.64628982543945 -53.52190017700195 -51.62474822998047 -49.43165969848633 -47.71946716308594 -45.521095275878906 -43.82475662231445 -41.82719421386719 -39.782073974609375 -37.60484313964844 -35.623138427734375 -33.657283782958984 -31.659725189208984 -29.471923828125 -27.601192474365234 -25.4398136138916 -23.722335815429688 -21.90973472595215 -20.419492721557617 -19.352014541625977 -18.33738136291504 -17.71908950805664 -16.81014633178711 -16.308115005493164 -15.93291187286377 -15.599985122680664 -15.161367416381836 -15.066246032714844 -14.69104290008545 -14.506083488464355 -14.75974178314209 -14.463807106018066 -14.152019500732422 -14.178442001342773 -14.564213752746582 -14.791449546813965 -13.819092750549316 -13.961774826049805 -14.58006763458252 -14.786165237426758 -15.489009857177734 -15.46787166595459 -15.494294166564941 -15.362180709838867 -15.65811538696289 -15.399171829223633 -15.594700813293457 -15.684537887573242 -15.816651344299316 -15.636977195739746 -15.732098579406738 -15.721529960632324 -15.68982219696045 -15.88006591796875 -15.65811538696289 -15.732098579406738 -15.494294166564941 -15.584131240844727 -15.599985122680664 -15.58941650390625 -15.557708740234375 -15.541854858398438 -15.705676078796387 -15.626407623291016 -14.944701194763184 -14.632912635803223 -14.706896781921387 -14.58006763458252 -15.082099914550781 -14.897140502929688 -15.023969650268555 -15.039823532104492 -14.928847312927246 -14.986977577209473 -14.77031135559082 -15.034538269042969 -14.876002311706543 -14.876002311706543 -15.050392150878906 -15.214213371276855 -14.495514869689941 -14.733319282531738 -16.318683624267578 -16.973968505859375 -18.54347801208496 -19.00323486328125 -19.346729278564453 -19.124778747558594 -18.575185775756836 -18.025592803955078 -17.734943389892578 -17.555267333984375 -17.988601684570312 -18.18941307067871 -18.379657745361328 -18.2686824798584 -18.22640609741211 -18.131282806396484 -18.22640609741211 -18.115428924560547 -18.004453659057617 -18.247543334960938 -18.104860305786133 -17.581689834594727 -17.72437286376953 -17.534130096435547 -17.708518981933594 -17.72437286376953 -17.78778839111328 -18.05201530456543 -18.015024185180664 -16.8524227142334 -16.730878829956055 -17.555267333984375 -16.958114624023438 -16.292261123657227 -16.625186920166016 -16.3239688873291 -16.091447830200195 -16.34510612487793 -16.255268096923828 -16.212993621826172 -16.308115005493164 -16.01218032836914 -15.753236770629883 -15.483724594116211 -15.943480491638184 -17.391447067260742 -17.211772918701172 -16.8524227142334 -17.211772918701172 -16.98453712463379 -16.94754409790039 -17.25404930114746 -17.777217864990234 -17.782503128051758 -17.777217864990234 -17.840633392333984 -17.729658126831055 -17.597543716430664 -17.565837860107422 -17.76664924621582 -17.6133975982666 -17.618682861328125 -17.47599983215332 -17.623966217041016 -17.729658126831055 -17.571121215820312 -17.280471801757812 -17.396732330322266 -17.41258430480957 -17.534130096435547 -17.6133975982666 -17.51827621459961 -17.608112335205078 -17.565837860107422 -18.87640380859375 -17.729658126831055 -17.465431213378906 -17.306894302368164 -16.936975479125977 -16.89998435974121 -16.78900909423828 -16.746732711791992 -16.868276596069336 -16.862991333007812 -16.936975479125977 -16.820714950561523 -16.762584686279297 -16.80486297607422 -17.005674362182617 -16.598764419555664 -15.980472564697266 -15.906488418579102 -16.19185447692871 -16.202423095703125 -16.218276977539062 -16.8524227142334 -17.44957733154297 -17.34388542175293 -17.201202392578125 -17.063804626464844 -17.12193489074707 -16.96868324279785 -17.01624298095703 -16.8524227142334 -16.952829360961914 -17.07965850830078 -16.94754409790039 -17.026813507080078 -17.01624298095703 -16.9052677154541 -17.01624298095703 -17.047950744628906 -16.92112159729004 -16.889415740966797 -17.01095962524414 -16.889415740966797 -16.926406860351562 -16.868276596069336 -16.81014633178711 -17.19063377380371 -16.926406860351562 -16.9052677154541 -16.197139739990234 -16.487789154052734 -16.37152862548828 -15.996326446533203 -15.716245651245117 -15.705676078796387 -15.784944534301758 -15.827220916748047 -15.763806343078613 -15.779659271240234 -15.758522033691406 -15.621123313903809 -15.626407623291016 -15.483724594116211 -15.679253578186035 -15.716245651245117 -15.356895446777344 -15.441448211669922 -15.341042518615723 -15.642261505126953 -15.853643417358398 -15.938196182250977 -16.244699478149414 -17.090227127075195 -18.47477912902832 -20.36136245727539 -21.841035842895508 -22.74997901916504 -24.097537994384766 -25.011764526367188 -26.39103126525879 -27.83371353149414 -28.74265480041504 -30.132492065429688 -31.738994598388672 -33.075984954833984 -35.10525131225586 -36.04061508178711 -37.18736267089844 -38.92069625854492 -40.997520446777344 -41.58938980102539 -43.750770568847656 -45.182884216308594 -47.06946563720703 -48.42759704589844 -50.504425048828125 -51.450355529785156 -53.817832946777344 -55.112548828125 -56.724334716796875 -57.564579010009766 -60.043033599853516 -61.427581787109375 -62.87554931640625 -64.31822967529297 -65.8084716796875 -67.2828598022461 -68.9527816772461 -70.14179992675781 -72.40887451171875 -73.508056640625 -74.90846252441406 -76.56253051757812 -78.24829864501953 -79.67512512207031 -81.92105865478516 -83.37431335449219 -84.66902160644531 -86.24910736083984 -87.53324890136719 -89.2190170288086 -90.4714584350586 -91.62877655029297 -93.55235290527344 -94.7677993774414 -96.1734848022461 -97.55803680419922 -99.4604721069336 -100.49095916748047 -102.22957611083984 -104.13201141357422 -104.53892517089844 -107.06494140625 -108.79298400878906 -110.63201141357422 -111.08119201660156 -112.33363342285156 -113.94013214111328 -115.82672119140625 -117.29053497314453 -118.80191802978516 -119.9433822631836 -121.70841979980469 -123.1035385131836 -124.1710205078125 -126.08930969238281 -127.40516662597656 -128.8636932373047 -128.57833862304688 