LTE(1) or 5G(2)
2 2 2 2 2 2 2 2 2 2 2 2 2 2 2 2 2 2 2 2 2 2 2 2 2 2 2 2 2 2 2 2 2 2 2 2 2 2 2 2 2 2 2 2 2 2 2 2 2 1 1 2 2 2 2 2 1 1 2 2 2 2 2 2 2 2 2 1 1 2 2 2 2 2 2 2 2 2 2 2 2 2 2 2 2 2 2 2 2 2 2 2 2 2 2 2 2 2 2 2 2 2 2 2 2 2 2 2 2 2 2 2 2 2 2 2 2 2 1 1 1 1 1 1 1 1 1 1 1 2 2 2 2 2 2 2 2 2 2 2 2 2 2 2 2 2 2 2 2 2 2 2 2 2 1 1 2 2 2 2 2 2 2 1 1 1 1 1 1 1 1 2 2 2 2 2 2 2 2 2 2 2 2 2 2 2 2 2 2 2 2 2 2 2 2 2 2 2 2 2 2 2 2 1 1 1 1 1 1 2 2 2 2 2 2 2 2 2 2 2 2 2 2 2 2 2 2 2 2 1 1 1 1 1 1 1 1 1 1 1 1 2 2 2 2 2 2 2 2 2 1 1 1 1 1 1 1 2 2 2 2 2 2 2 2 2 2 2 2 2 2 1 1 2 2 2 2 2 2 2 2 2 2 2 2 2 2 2 2 2 2 2 2 2 2 2 2 2 2 2 2 2 2 2 2 2 2 2 2 2 2 2 2 2 2 2 2 2 2 2 
SNR of LTE
14 14 14 14 14 11 11 11 11 11 10 10 10 10 8 8 8 8 8 8 8 8 8 8 8 8 8 8 5 5 5 5 4 4 4 4 2 2 2 2 2 2 0 0 0 0 0 0 0 0 -1 -1 -1 -1 -1 -2 -2 -2 -2 -2 -2 -2 -2 -2 -1 -1 -2 -2 -2 -2 -2 -2 -2 -2 -2 -2 -2 -1 -1 -1 -1 -1 -1 -2 -2 -2 -2 -2 -2 -3 -3 -3 -3 -3 -4 -5 -5 -5 -5 -5 -5 -5 -5 -5 -5 -5 -5 -5 -5 -5 -5 -5 -5 -4 -4 -4 -4 -4 -4 -4 -4 -4 -4 -4 -4 -4 -4 -4 -1 -1 -1 0 0 0 0 0 0 0 0 0 0 0 0 0 2 2 2 2 3 3 3 3 3 3 3 3 3 2 2 2 2 2 0 0 0 0 0 0 0 -6 -6 -6 -8 -8 -8 -8 -8 -8 -7 -7 -7 -7 -7 -7 -7 -7 -7 -7 -7 -7 -7 -7 -7 -7 -7 -6 -6 -6 -6 -5 -5 -5 -5 -6 -6 -6 -6 -6 -6 -6 -6 -6 -6 -6 -6 -6 -6 -6 -6 -6 -6 -6 -6 -6 -6 -6 -6 -6 -6 -6 -6 -6 -6 -6 -6 -6 -5 -5 -5 -5 -5 -5 -5 -5 -5 -5 -5 -6 -6 -6 -6 -6 -6 -6 -6 -6 -6 -6 -6 -6 -6 -6 -5 -5 -5 -4 -4 -4 -3 -3 -3 -2 -2 -2 -2 -1 -1 -1 -1 0 0 0 0 0 0 0 0 0 0 0 0 3 3 3 3 3 3 4 4 4 4 4 4 5 6 6 6 6 6 6 6 6 6 6 6 6 6 7 7 8 
SNR of 5G
11 11 11 11 11 7 7 7 12 12 9 9 9 9 9 9 9 9 4 4 4 4 4 4 4 4 4 4 5 5 5 5 3 3 -2 -2 -2 -2 -2 -2 -2 -2 -1 -1 -2 -2 -4 -4 -4 0 0 -1 -1 -1 -1 -2 0 0 2 2 2 2 2 2 4 4 1 0 0 5 5 4 4 4 4 4 4 1 1 -2 -4 0 0 -1 -1 -2 -2 -2 -2 -2 -2 -2 -2 1 1 -2 -2 -6 -6 -6 -6 3 3 3 3 2 2 -2 -2 -1 -1 4 4 2 2 -2 -2 -2 0 0 0 0 0 0 0 0 0 0 0 -1 -1 -1 -1 0 0 1 1 0 0 -1 -1 -1 -1 -1 -1 -1 -1 -2 -2 -2 -2 0 0 -4 0 0 0 0 0 0 -1 -1 0 0 0 0 0 0 0 0 0 -1 -1 -1 -1 -1 -1 -2 -2 0 0 2 2 4 4 4 4 4 4 4 4 4 4 4 4 2 2 0 0 -2 -2 -2 -2 0 0 0 0 0 0 1 0 0 2 2 2 2 1 1 1 1 1 1 2 2 4 4 1 1 1 0 0 0 0 0 0 0 0 0 0 0 0 3 3 2 2 1 1 1 1 1 0 0 0 0 0 0 0 2 2 0 0 0 0 -1 -1 0 0 1 1 -2 -2 0 0 4 4 0 -2 4 4 4 4 5 5 5 5 3 3 3 3 3 3 3 3 3 3 4 4 4 4 4 4 4 4 7 7 7 8 8 8 8 8 5 5 5 5 11 11 12 12 12 
RSSI
-51 -51 -51 -51 -51 -51 -51 -51 -51 -51 -51 -51 -51 -51 -51 -51 -51 -51 -51 -51 -51 -51 -51 -51 -51 -51 -51 -51 -51 -51 -51 -51 -51 -51 -51 -51 -51 -51 -51 -51 -51 -51 -51 -51 -51 -51 -51 -51 -51 -51 -51 -51 -51 -51 -51 -51 -51 -51 -51 -51 -51 -51 -51 -51 -51 -51 -51 -51 -51 -51 -51 -51 -51 -51 -51 -51 -51 -51 -51 -51 -51 -51 -51 -51 -51 -51 -51 -51 -51 -51 -51 -51 -51 -51 -51 -51 -51 -51 -51 -51 -51 -51 -51 -51 -51 -51 -51 -51 -51 -51 -51 -51 -51 -51 -51 -51 -51 -51 -51 -51 -51 -51 -51 -51 -51 -51 -51 -51 -51 -51 -51 -51 -51 -51 -51 -51 -51 -51 -51 -51 -51 -51 -51 -51 -51 -51 -51 -51 -51 -51 -51 -51 -51 -51 -51 -51 -51 -51 -51 -51 -51 -51 -51 -51 -51 -51 -51 -51 -51 -51 -51 -51 -51 -51 -51 -51 -51 -51 -51 -51 -51 -51 -51 -51 -51 -51 -51 -51 -51 -51 -51 -51 -51 -51 -51 -51 -51 -51 -51 -51 -51 -51 -51 -51 -51 -51 -51 -51 -51 -51 -51 -51 -51 -51 -51 -51 -51 -51 -51 -51 -51 -51 -51 -51 -51 -53 -53 -53 -53 -51 -51 -51 -51 -51 -51 -51 -51 -51 -51 -51 -51 -51 -51 -51 -51 -51 -51 -51 -51 -51 -51 -51 -51 -51 -51 -51 -51 -51 -51 -51 -51 -51 -51 -51 -51 -51 -51 -51 -51 -51 -51 -51 -51 -51 -51 -51 -51 -51 -51 -51 -51 -51 -51 -51 -51 -51 -51 -51 -51 -51 -51 -51 -51 -51 -51 -51 -51 -51 -51 -51 -51 -51 -51 -51 -51 -51 -51 -51 -51 -51 -51 -51 -51 -51 -51 -51 -51 -51 -51 -51 
RSRP
-68 -68 -68 -68 -68 -68 -68 -68 -68 -68 -69 -69 -69 -69 -69 -69 -69 -69 -69 -69 -69 -69 -69 -69 -69 -69 -69 -69 -70 -70 -70 -70 -70 -70 -70 -70 -71 -71 -71 -71 -71 -71 -73 -73 -73 -73 -73 -73 -74 -74 -75 -75 -75 -76 -76 -77 -77 -77 -77 -77 -77 -77 -77 -77 -77 -77 -77 -77 -77 -78 -78 -78 -78 -78 -78 -78 -78 -77 -77 -77 -77 -77 -77 -77 -77 -77 -77 -77 -77 -78 -78 -78 -78 -78 -78 -78 -78 -78 -78 -78 -78 -78 -78 -78 -78 -78 -78 -78 -78 -78 -78 -78 -78 -78 -78 -78 -78 -78 -77 -77 -77 -77 -77 -77 -77 -77 -77 -77 -76 -76 -76 -76 -76 -76 -76 -75 -75 -75 -75 -74 -74 -74 -74 -74 -75 -75 -75 -75 -74 -74 -74 -74 -74 -74 -74 -74 -74 -74 -74 -74 -74 -74 -75 -75 -75 -75 -75 -75 -75 -79 -79 -80 -81 -81 -81 -80 -80 -80 -80 -80 -80 -80 -80 -80 -80 -80 -80 -80 -80 -80 -80 -80 -80 -80 -80 -79 -79 -79 -79 -79 -79 -79 -79 -79 -79 -79 -79 -80 -80 -80 -80 -79 -79 -79 -79 -80 -80 -80 -80 -80 -81 -81 -82 -82 -82 -82 -82 -82 -82 -82 -82 -82 -82 -82 -82 -82 -84 -84 -84 -84 -83 -83 -83 -83 -83 -83 -83 -84 -84 -84 -84 -84 -84 -84 -84 -81 -80 -80 -80 -80 -80 -80 -79 -79 -79 -78 -78 -78 -77 -77 -77 -77 -77 -77 -77 -75 -75 -75 -75 -75 -75 -75 -74 -74 -74 -74 -74 -74 -74 -74 -74 -71 -71 -71 -71 -71 -71 -70 -70 -70 -70 -70 -70 -69 -69 -69 -69 -69 -69 -69 -69 -69 -69 -69 -69 -69 -69 -69 -69 -69 
CID
13678086 13678086 13678086 13678086 13678086 13678086 13678086 13678086 13678086 13678086 13678086 13678086 13678086 13678086 13678086 13678086 13678086 13678086 13678086 13678086 13678086 13678086 13678086 13678086 13678086 13678086 13678086 13678086 13678086 13678086 13678086 13678086 13678086 13678086 13678086 13678086 13678086 13678086 13678086 13678086 13678086 13678086 13678086 13678086 13769742 13769742 13769742 13769742 13769742 13769742 13769742 13769742 13769742 13769742 13769742 13769742 13769742 13769742 13769742 13769742 13769742 13769742 13769742 13769742 13769742 13769742 13678086 13678086 13678086 13678086 13769742 13769742 13769742 13769742 13769742 13769742 13769742 13769742 13769742 13769742 13769742 13769742 13769742 13769742 13769742 13769742 13769742 13769742 13769742 13769742 13769742 13769742 13769742 13769742 13769742 13769742 13769742 13769742 13769742 13769742 13769742 13769742 13769742 13678088 13678088 13678088 13678088 13678088 13678088 13678088 13678088 13678088 13678088 13678088 13678088 13678088 13678088 13678088 13792526 13792526 13792526 13792526 13792526 13792526 13792526 13792526 13792526 13792526 13792526 13792526 13792526 13792526 13792526 13792526 13792526 13792526 13792526 13792526 13792526 13792526 13792526 13792526 13792526 13792526 13792526 13792526 13792526 13792526 13792526 13792526 13792526 13792526 13792526 13792526 13792526 13792526 13792526 13792526 13792526 13792526 13792526 13792526 13792526 13792526 13792526 13792526 13792526 13792526 13792526 13769739 13769739 13769739 13769739 13769739 13769739 13769739 13769739 13769739 13769739 13769739 13769739 13769739 13769739 13769739 13769739 13769739 13769739 13769739 13769739 13769739 13769739 13769739 13769739 13769739 13769739 13769739 13769739 13769739 13769739 13769739 13769739 13769739 13769739 13792513 13792513 13792513 13792513 13792513 13792522 13792522 13754890 13754890 13754890 13754890 13754890 13792522 13792522 13792522 13792522 13792522 13792522 13792522 13792522 13792522 13792522 13754890 13754890 13754890 13754890 13792522 13792522 13792522 13792522 13792522 13792522 13792522 13792522 13754890 13754890 13754890 13754890 13754890 13754890 13754890 13754890 13754890 13754890 13754890 13754890 13754890 13754890 13754890 13754890 13754890 13754890 13769742 13769742 13769742 13769742 13769742 13769742 13769742 13769742 13769742 13769742 13769742 13769742 13769742 13769742 13769742 13769742 13769742 13678086 13678086 13678086 13678086 13678086 13678086 13678086 13678086 13678086 13678086 13678086 13678086 13678086 13678086 13678086 13678086 13678086 13678086 13678086 13678086 13678086 13678086 13678086 13678086 13678086 13678086 13678086 13678086 13678086 13678086 13678086 13678086 13678086 13678086 13678086 13678086 13678086 13678086 13678086 13678086 13678086 13678086 13678086 13678086 13678086 13678086 13678086 13678086 
RSRP of 5G
-83 -83 -83 -83 -83 -82 -77 -77 -74 -74 -77 -77 -77 -77 -78 -78 -78 -78 -82 -82 -82 -82 -82 -82 -82 -82 -82 -82 -82 -82 -82 -82 -90 -90 -82 -82 -87 -87 -84 -84 -89 -89 -82 -80 -94 -94 -103 -103 -91 -91 -91 -86 -86 -127 -127 -98 -98 -98 -84 -84 -82 -82 -89 -89 -90 -90 -86 -86 -86 -80 -80 -82 -82 -82 -82 -82 -82 -87 -79 -107 -81 -80 -80 -81 -81 -82 -82 -83 -83 -94 -94 -90 -90 -83 -83 -98 -98 -128 -128 -82 -82 -82 -82 -82 -82 -87 -87 -86 -86 -83 -83 -81 -81 -94 -94 -119 -119 -119 -119 -119 -119 -119 -119 -119 -119 -119 -119 -119 -119 -83 -83 -88 -88 -87 -87 -85 -85 -84 -84 -85 -85 -85 -85 -85 -85 -84 -84 -86 -86 -88 -88 -84 -84 -96 -96 -96 -93 -93 -86 -86 -81 -81 -81 -81 -81 -81 -81 -81 -81 -81 -81 -81 -81 -81 -81 -82 -82 -83 -83 -80 -80 -78 -78 -79 -79 -79 -79 -79 -79 -79 -79 -79 -79 -79 -79 -78 -78 -78 -78 -84 -84 -94 -94 -91 -91 -91 -91 -91 -91 -85 -95 -84 -83 -83 -83 -83 -82 -82 -82 -82 -84 -84 -84 -84 -83 -83 -82 -82 -82 -82 -82 -82 -82 -82 -82 -82 -82 -82 -82 -82 -82 -79 -79 -79 -79 -80 -80 -82 -82 -82 -82 -82 -82 -82 -82 -82 -82 -94 -94 -77 -77 -89 -89 -106 -106 -79 -79 -82 -82 -81 -81 -81 -81 -83 -83 -98 -81 -79 -79 -82 -82 -79 -79 -93 -93 -84 -84 -84 -84 -84 -84 -82 -82 -89 -79 -82 -82 -80 -80 -80 -80 -80 -80 -83 -83 -83 -73 -73 -73 -79 -79 -85 -79 -79 -79 -81 -81 -79 -79 -81 
CQI
2147483647 2147483647 2147483647 2147483647 2147483647 2147483647 2147483647 2147483647 2147483647 2147483647 2147483647 2147483647 2147483647 2147483647 2147483647 2147483647 2147483647 2147483647 2147483647 2147483647 2147483647 2147483647 2147483647 2147483647 2147483647 2147483647 2147483647 2147483647 2147483647 2147483647 2147483647 2147483647 2147483647 2147483647 2147483647 2147483647 2147483647 2147483647 2147483647 2147483647 2147483647 2147483647 2147483647 2147483647 2147483647 2147483647 2147483647 2147483647 2147483647 2147483647 2147483647 2147483647 2147483647 2147483647 2147483647 2147483647 2147483647 2147483647 2147483647 2147483647 2147483647 2147483647 2147483647 2147483647 2147483647 2147483647 2147483647 2147483647 2147483647 2147483647 2147483647 2147483647 2147483647 2147483647 2147483647 2147483647 2147483647 2147483647 2147483647 2147483647 2147483647 2147483647 2147483647 2147483647 2147483647 2147483647 2147483647 2147483647 2147483647 2147483647 2147483647 2147483647 2147483647 2147483647 2147483647 2147483647 2147483647 2147483647 2147483647 2147483647 2147483647 2147483647 2147483647 2147483647 2147483647 2147483647 2147483647 2147483647 2147483647 2147483647 2147483647 2147483647 2147483647 2147483647 2147483647 2147483647 2147483647 2147483647 2147483647 2147483647 2147483647 2147483647 2147483647 2147483647 2147483647 2147483647 2147483647 2147483647 2147483647 2147483647 2147483647 2147483647 2147483647 2147483647 2147483647 2147483647 2147483647 2147483647 2147483647 2147483647 2147483647 2147483647 2147483647 2147483647 2147483647 2147483647 2147483647 2147483647 2147483647 2147483647 2147483647 2147483647 2147483647 2147483647 2147483647 2147483647 2147483647 2147483647 2147483647 2147483647 2147483647 2147483647 2147483647 2147483647 2147483647 2147483647 2147483647 2147483647 2147483647 2147483647 2147483647 2147483647 2147483647 2147483647 2147483647 2147483647 2147483647 2147483647 2147483647 2147483647 2147483647 2147483647 2147483647 2147483647 2147483647 2147483647 2147483647 2147483647 2147483647 2147483647 2147483647 2147483647 2147483647 2147483647 2147483647 2147483647 2147483647 2147483647 2147483647 2147483647 2147483647 2147483647 2147483647 2147483647 2147483647 2147483647 2147483647 2147483647 2147483647 2147483647 2147483647 2147483647 2147483647 2147483647 2147483647 2147483647 2147483647 2147483647 2147483647 2147483647 2147483647 2147483647 2147483647 2147483647 2147483647 2147483647 2147483647 2147483647 2147483647 2147483647 2147483647 2147483647 2147483647 2147483647 2147483647 2147483647 2147483647 2147483647 2147483647 2147483647 2147483647 2147483647 2147483647 2147483647 2147483647 2147483647 2147483647 2147483647 2147483647 2147483647 2147483647 2147483647 2147483647 2147483647 2147483647 2147483647 2147483647 2147483647 2147483647 2147483647 2147483647 2147483647 2147483647 2147483647 2147483647 2147483647 2147483647 2147483647 2147483647 2147483647 2147483647 2147483647 2147483647 2147483647 2147483647 2147483647 2147483647 2147483647 2147483647 2147483647 2147483647 2147483647 2147483647 2147483647 2147483647 2147483647 2147483647 2147483647 2147483647 2147483647 2147483647 2147483647 2147483647 2147483647 2147483647 2147483647 2147483647 2147483647 2147483647 2147483647 2147483647 2147483647 2147483647 2147483647 2147483647 2147483647 2147483647 2147483647 2147483647 2147483647 2147483647 2147483647 2147483647 2147483647 2147483647 2147483647 2147483647 2147483647 2147483647 2147483647 
Altitude
-63.63652420043945 -63.21376037597656 -62.526771545410156 -61.755226135253906 -61.01538848876953 -60.30725860595703 -59.493438720703125 -57.569862365722656 -55.51417541503906 -53.3527946472168 -51.4609260559082 -49.35239028930664 -47.513370513916016 -45.43125915527344 -43.50239562988281 -41.40971755981445 -39.42801284790039 -37.47801208496094 -35.25850296020508 -33.41947937011719 -31.321514129638672 -29.350378036499023 -27.29997444152832 -25.328838348388672 -23.188594818115234 -20.926809310913086 -19.373151779174805 -17.269901275634766 -15.245920181274414 -13.169093132019043 -11.229663848876953 -9.1158447265625 -7.176415920257568 -5.08373498916626 -3.2024359703063965 -1.0833323001861572 0.6711375713348389 2.790241241455078 4.594914436340332 6.877839088439941 8.793487548828125 10.447550773620605 11.818891525268555 12.508524894714355 13.61563777923584 14.519294738769531 15.193075180053711 16.072952270507812 16.606691360473633 17.153642654418945 17.5605525970459 17.938398361206055 18.186771392822266 18.4404296875 18.672948837280273 18.971527099609375 19.07193374633789 19.10628318786621 19.47355842590332 19.57132339477539 19.62681007385254 19.798559188842773 20.017868041992188 19.96766471862793 21.621726989746094 24.21908187866211 26.277414321899414 26.441234588623047 27.7280216217041 29.78899574279785 31.770702362060547 33.76561737060547 35.82394790649414 37.73695755004883 39.3487434387207 40.80463409423828 42.04914855957031 43.00829315185547 43.75605773925781 44.79446792602539 45.20930480957031 45.85137939453125 46.34548568725586 47.01133728027344 47.57414245605469 47.75117492675781 48.152801513671875 48.19771957397461 48.52800369262695 48.025970458984375 47.65340805053711 48.71824645996094 49.06966781616211 48.85300064086914 48.88999557495117 49.524139404296875 49.78572463989258 49.883487701416016 49.91519546508789 50.113365173339844 50.467430114746094 50.26661682128906 50.2005615234375 50.314178466796875 50.0658073425293 49.85442352294922 50.16621398925781 49.878204345703125 49.228206634521484 48.12373352050781 46.9426383972168 46.033695220947266 45.01377868652344 43.045284271240234 41.28817367553711 39.85077667236328 38.548133850097656 37.057891845703125 35.905860900878906 34.7036247253418 33.284725189208984 31.625375747680664 30.261962890625 28.705663681030273 27.587982177734375 26.361967086791992 25.154447555541992 24.41989517211914 23.772539138793945 23.07497787475586 22.67070960998535 22.509531021118164 21.90180778503418 21.640222549438477 21.59001922607422 21.259735107421875 20.461769104003906 20.522541046142578 20.49347686767578 20.567459106445312 20.636159896850586 20.46441078186035 20.308517456054688 20.046932220458984 20.07599639892578 20.033720016479492 20.094493865966797 20.086566925048828 20.00994110107422 19.92538833618164 19.822338104248047 19.917461395263672 20.805265426635742 20.59123992919922 20.440631866455078 20.887174606323242 22.142255783081055 24.797740936279297 26.29326820373535 27.136152267456055 28.573549270629883 30.531475067138672 32.20403289794922 34.12760925292969 35.919071197509766 37.87699508666992 39.560123443603516 40.87333679199219 42.16804885864258 43.25666427612305 43.99650192260742 44.939796447753906 45.57658386230469 46.1314582824707 46.400970458984375 46.90300369262695 47.5477180480957 47.962554931640625 48.07881546020508 48.33247375488281 48.39853286743164 48.50422286987305 47.830440521240234 48.26641845703125 48.84243392944336 49.47393798828125 49.40259552001953 49.35503387451172 49.600765228271484 50.25605010986328 50.61011505126953 50.504425048828125 50.27190399169922 50.300968170166016 50.19263458251953 50.176780700683594 50.219058990478516 50.34060287475586 50.303611755371094 50.20320510864258 50.382877349853516 49.2546272277832 48.01539993286133 46.08918380737305 45.042842864990234 43.88024139404297 42.115203857421875 40.8469123840332 39.47028732299805 38.196712493896484 36.489803314208984 35.66276931762695 33.149967193603516 32.75098419189453 31.852611541748047 30.01094627380371 28.058305740356445 26.829648971557617 25.582496643066406 24.71847152709961 24.113391876220703 23.431684494018555 22.71298599243164 22.271726608276367 22.123760223388672 21.61115837097168 21.563596725463867 21.03514289855957 20.564817428588867 20.226606369018555 19.988801956176758 20.68107795715332 20.377216339111328 19.859331130981445 20.295305252075195 20.686363220214844 20.884532928466797 20.768272399902344 20.68107795715332 20.538394927978516 20.46705436706543 20.448556900024414 20.276809692382812 20.253028869628906 20.3190860748291 20.242460250854492 20.13941192626953 20.18168830871582 20.16054916381836 20.22396469116211 20.263599395751953 20.22396469116211 20.123558044433594 19.867258071899414 19.587177276611328 18.136568069458008 17.269901275634766 16.51156997680664 15.195716857910156 13.3381986618042 10.732916831970215 8.944097518920898 7.345521450042725 6.235766410827637 4.962190628051758 3.3926796913146973 1.270933747291565 0.0317072868347168 -0.9036576747894287 -2.3304855823516846 -4.143085479736328 -5.443084239959717 -6.737798690795898 -8.302024841308594 -9.718283653259277 -11.573160171508789 -12.910150527954102 -14.109743118286133 -15.65811538696289 -16.820714950561523 -17.930471420288086 -19.15648651123047 -20.884532928466797 -22.052417755126953 -23.46339225769043 -24.95363426208496 -25.513797760009766 -27.59062385559082 -28.885337829589844 -30.534116744995117 -32.26744842529297 -34.25444030761719 -35.776390075683594 -37.02354049682617 -38.12272644042969 -39.72922897338867 -41.67394256591797 -43.100772857666016 -44.258087158203125 -46.583290100097656 -47.55564498901367 -48.26377487182617 -48.86092758178711 -50.5889778137207 -52.83490753173828 -54.42555618286133 -56.137752532958984 -57.342628479003906 -58.90156936645508 -60.0536003112793 -61.45400619506836 -63.07636260986328 -63.86376190185547 -64.09099578857422 -63.8848991394043 -64.05928802490234 -64.26010131835938 -64.67229461669922 -64.76741790771484 -64.96823120117188 