LTE(1) or 5G(2)
2 2 2 2 2 2 2 2 2 2 2 2 2 2 2 2 2 2 2 2 2 2 2 2 2 2 2 2 2 2 2 2 2 2 2 2 2 2 2 2 2 2 2 2 2 2 2 2 2 2 1 1 2 2 2 2 2 2 2 2 2 2 2 2 2 2 2 2 2 2 2 2 2 2 2 2 2 2 2 2 2 2 2 2 2 2 2 2 2 2 2 2 2 2 2 2 2 2 2 2 2 1 1 1 1 1 1 1 1 1 2 2 2 2 2 2 2 2 2 2 2 2 2 1 1 2 2 2 2 2 2 2 2 2 2 2 2 2 2 2 2 2 2 2 2 2 2 2 2 2 2 2 2 2 2 2 2 2 2 2 2 2 2 2 2 2 2 2 2 2 1 2 2 2 2 2 2 2 2 2 2 2 2 2 2 2 2 2 2 2 2 2 2 2 2 2 2 2 2 2 1 1 1 1 1 1 1 2 2 2 2 2 2 1 1 1 1 1 1 1 2 2 2 2 2 2 2 2 2 2 2 2 2 2 2 2 2 2 2 2 2 2 2 2 2 2 2 2 2 2 2 2 2 2 2 2 2 2 2 2 2 2 2 2 2 2 2 2 2 2 2 2 2 2 2 2 2 2 2 2 2 2 2 2 2 2 2 2 2 2 2 2 2 
SNR of LTE
3 3 3 2 2 2 1 1 1 1 1 1 1 1 0 0 0 0 0 0 0 0 0 0 0 0 0 0 0 0 0 0 -1 -1 -1 -1 -1 -1 -2 -2 -2 -2 -2 -2 -2 -2 -3 -3 -3 -3 -2 -2 -2 -2 -2 -2 -2 -2 -2 -2 -2 -2 -3 -3 -3 -3 -2 -2 -1 -1 0 0 0 0 0 -1 -1 -1 -1 -1 -1 -1 -1 -1 -1 -1 -2 -2 -2 -2 -2 -2 -2 -2 -2 -2 -3 -3 -3 -3 -3 -3 -3 -3 -3 -4 -4 -4 -4 -5 -5 -5 -4 -4 -4 -4 -4 -4 -4 -4 -4 -3 -3 -3 -3 -3 -3 -3 -3 -3 -3 -2 -2 -2 -2 0 0 0 0 0 0 1 1 1 1 2 2 2 3 3 3 3 3 2 2 2 2 3 3 3 3 3 3 3 3 2 2 1 1 1 1 1 1 1 1 0 0 0 0 0 0 0 0 -1 -1 -1 -1 -1 -1 -2 -2 -2 -2 -2 -2 -3 -3 -4 -4 -4 -4 -5 -5 -5 -5 -6 -6 -6 -6 -6 -6 -6 -6 -7 -7 -7 -7 -7 -7 -6 -6 -6 -6 -6 -6 -6 -6 -6 -6 -6 -6 -6 -6 -6 -6 -6 -5 -5 -4 -4 -4 -4 -3 -3 -3 -3 -3 -3 -3 -3 -3 -3 -1 -1 -1 -1 -2 -2 -2 -2 -2 -2 -2 -2 -2 -2 -2 -2 -1 -1 -1 -1 -1 -1 -1 -1 -1 -1 -1 -1 -1 -1 -1 -1 0 0 0 0 0 0 0 0 0 
SNR of 5G
10 10 10 8 8 8 7 7 7 7 7 7 7 7 6 6 6 6 2 2 1 1 1 1 0 0 5 5 5 5 5 5 5 5 4 4 4 4 4 4 5 5 5 5 2 2 1 1 1 1 0 0 3 3 2 2 2 2 4 4 4 4 4 7 7 7 4 4 1 1 1 1 -3 -3 -3 -3 -3 -3 -3 -3 -3 -3 1 1 1 1 1 1 -1 -1 -3 -3 0 0 0 0 0 0 -2 -2 -2 0 0 0 0 0 0 0 0 0 -4 -4 -5 -6 -1 -1 0 0 -1 -1 -3 -3 -3 0 0 -1 -1 0 -2 5 5 6 6 6 6 7 7 7 7 7 7 8 8 8 8 7 7 7 7 7 7 5 5 5 5 5 5 3 3 1 1 0 0 0 0 -3 -3 -4 -4 -3 0 1 1 1 1 -3 -3 1 1 2 2 2 2 3 3 2 2 2 2 2 2 1 1 0 0 -1 -1 -1 -1 -4 0 0 0 0 0 0 0 1 1 1 1 1 1 0 0 0 0 0 0 0 1 1 0 0 -1 -1 2 2 5 5 6 6 6 6 6 6 7 7 6 6 6 6 5 5 4 4 4 4 4 4 4 4 -1 -1 0 0 -2 -2 -4 -4 6 6 6 6 6 6 4 4 2 2 2 2 2 2 2 2 3 3 3 3 3 3 7 7 6 6 7 7 7 7 6 6 3 
RSSI
-51 -51 -51 -51 -51 -51 -51 -51 -51 -51 -51 -51 -51 -51 -51 -51 -51 -51 -51 -51 -51 -51 -51 -51 -51 -51 -51 -51 -51 -51 -51 -51 -51 -51 -51 -51 -51 -51 -51 -51 -51 -51 -51 -51 -51 -51 -51 -51 -51 -51 -51 -51 -51 -51 -51 -51 -51 -51 -51 -51 -51 -51 -51 -51 -51 -51 -51 -51 -51 -51 -51 -51 -51 -51 -51 -51 -51 -51 -51 -51 -51 -51 -51 -51 -51 -51 -51 -51 -51 -51 -51 -51 -51 -51 -51 -51 -51 -51 -51 -51 -51 -51 -51 -51 -51 -51 -51 -51 -51 -51 -51 -51 -51 -51 -51 -51 -51 -51 -51 -51 -51 -51 -51 -51 -51 -51 -51 -51 -51 -51 -51 -51 -51 -51 -51 -51 -51 -51 -51 -51 -51 -51 -51 -51 -51 -51 -51 -51 -51 -51 -51 -51 -51 -51 -51 -51 -51 -51 -51 -51 -51 -51 -51 -51 -51 -51 -51 -51 -51 -51 -51 -51 -51 -51 -51 -51 -51 -51 -51 -51 -51 -51 -51 -51 -51 -51 -51 -51 -51 -51 -51 -51 -51 -51 -51 -51 -51 -51 -51 -51 -51 -51 -51 -51 -51 -51 -51 -53 -53 -53 -53 -53 -53 -51 -51 -51 -51 -51 -51 -51 -51 -51 -51 -51 -51 -51 -51 -51 -51 -51 -51 -51 -51 -51 -51 -51 -51 -51 -51 -51 -51 -51 -51 -51 -51 -51 -51 -51 -51 -51 -51 -51 -51 -51 -51 -51 -51 -51 -51 -51 -51 -51 -51 -51 -51 -51 -51 -51 -51 -51 -51 -51 -51 -51 -51 -51 -51 -51 -51 -51 -51 -51 -51 -51 -51 -51 -51 -51 -51 -51 -51 -51 -51 
RSRP
-79 -79 -79 -77 -77 -77 -77 -77 -77 -77 -77 -77 -77 -77 -76 -76 -76 -76 -76 -76 -76 -76 -76 -76 -76 -76 -76 -76 -76 -76 -76 -76 -76 -76 -76 -76 -76 -76 -76 -76 -76 -76 -76 -76 -76 -76 -77 -77 -77 -77 -76 -76 -76 -76 -76 -76 -76 -76 -76 -76 -76 -76 -76 -76 -76 -76 -75 -75 -74 -74 -74 -74 -74 -74 -74 -75 -75 -75 -75 -75 -75 -76 -76 -76 -76 -76 -76 -76 -76 -76 -76 -76 -76 -76 -76 -76 -76 -76 -76 -76 -76 -76 -76 -76 -76 -75 -75 -75 -75 -75 -75 -75 -75 -75 -75 -75 -75 -75 -75 -75 -75 -74 -74 -74 -75 -75 -74 -74 -74 -74 -74 -74 -74 -74 -74 -72 -72 -72 -72 -72 -72 -71 -71 -71 -71 -70 -70 -70 -69 -69 -69 -69 -69 -69 -69 -69 -69 -69 -69 -68 -68 -68 -68 -68 -68 -69 -69 -69 -69 -69 -69 -69 -69 -69 -69 -69 -69 -70 -70 -70 -70 -70 -70 -71 -71 -72 -72 -72 -72 -74 -74 -74 -74 -75 -75 -75 -75 -77 -77 -77 -77 -77 -77 -77 -77 -78 -78 -79 -79 -79 -79 -79 -79 -81 -81 -81 -81 -82 -82 -81 -80 -80 -80 -80 -80 -80 -80 -80 -80 -80 -80 -80 -80 -80 -80 -80 -79 -79 -78 -78 -78 -78 -78 -78 -78 -78 -78 -78 -78 -78 -78 -78 -78 -78 -78 -78 -78 -78 -78 -78 -78 -78 -78 -78 -78 -78 -78 -78 -77 -77 -77 -77 -77 -77 -77 -77 -77 -77 -77 -77 -77 -77 -76 -76 -75 -75 -75 -74 -74 -74 -74 -75 -75 
CID
13792258 13792258 13792258 13792258 13792258 13792258 13792258 13792258 13792258 13792258 13792258 13792258 13792258 13792258 13792258 13792258 13792258 13792258 13792258 13792258 13792258 13792258 13792258 13792258 13792258 13792258 13792258 13792258 13792258 13792258 13792258 13792258 13792258 13792258 13792258 13792258 13792258 13792258 13792258 13792258 13792258 13792258 13792258 13792258 13792258 13792258 13792258 13792258 13792258 13792258 13792258 13792513 13792513 13792513 13792513 13792513 13792513 13792513 13792513 13792513 13792513 13792513 13792258 13792513 13792513 13792513 13792513 13792513 13792513 13792513 13792513 13769739 13769739 13769739 13769739 13769739 13769739 13769739 13769739 13769739 13769739 13769739 13769739 13769739 13769739 13769739 13769739 13769739 13769739 13769739 13769739 13769739 13769739 13769739 13769739 13769739 13769739 13769739 13769739 13769739 13769739 13769739 13769739 13769739 13769739 13769739 13769739 13769739 13769739 13769739 13769739 13769739 13769739 13769739 13769739 13769739 13769739 13769739 13769739 13769739 13769739 13769739 13769739 13769739 13769739 13769739 13769739 13769739 13769739 13769739 13769739 13769739 13769739 13769739 13769739 13769739 13769739 13769739 13769739 13769739 13769739 13769739 13769739 13769739 13769739 13769739 13769739 13769739 13769739 13769739 13769739 13769739 13769739 13769739 13769739 13769739 13769739 13769739 13769739 13769739 13769739 13769739 13769739 13769739 13769739 13769739 13769739 13769739 13769739 13769739 13769739 13769739 13769739 13769739 13769739 13769739 13769739 13769739 13769739 13769739 13769739 13769739 13769739 13769739 13769739 13769739 13769739 13769739 13769739 13769739 13769739 13769739 13769739 13769739 13769739 13769739 13769739 13769739 13769739 13769739 13769739 13769739 13769739 13769739 13769739 13769739 13792257 13754890 13754890 13754890 13754890 13754890 13754890 13754890 13754890 13754890 13754890 13769739 13769739 13769739 13769739 13792258 13792258 13792258 13792258 13792258 13792258 13792258 13792258 13792258 13792258 13792258 13792258 13792258 13792258 13792258 13792258 13792258 13792258 13792258 13792258 13792258 13792258 13792258 13792258 13792258 13792258 13792258 13792258 13792258 13792258 13792258 13792258 13792258 13792258 13792258 13792258 13792258 13792258 13792258 13792258 13792258 13792258 13792258 13792258 13792258 13792258 13792258 13792258 13792258 13792258 13792258 13792258 13792258 13792258 13792258 13792258 13792258 13792258 13792258 13792258 13792258 13792258 13792258 13792258 13792258 13792258 13792258 13792258 13792258 13792258 13792258 13792258 
RSRP of 5G
-82 -82 -82 -81 -81 -81 -80 -80 -80 -80 -80 -80 -80 -80 -81 -81 -79 -79 -86 -86 -87 -87 -85 -85 -88 -81 -82 -82 -82 -82 -82 -82 -90 -90 -81 -81 -87 -87 -90 -90 -84 -84 -84 -84 -87 -87 -96 -96 -85 -85 -85 -85 -85 -85 -85 -85 -83 -83 -81 -81 -81 -81 -82 -82 -82 -82 -93 -93 -84 -84 -90 -82 -83 -83 -83 -83 -83 -83 -88 -88 -93 -83 -83 -83 -84 -84 -85 -85 -89 -89 -88 -88 -89 -87 -87 -87 -86 -86 -125 -125 -123 -123 -123 -123 -123 -123 -123 -123 -123 -123 -120 -120 -126 -85 -90 -90 -89 -89 -89 -89 -94 -94 -94 -94 -94 -108 -108 -88 -81 -84 -84 -78 -78 -78 -78 -81 -81 -81 -81 -81 -81 -79 -79 -79 -79 -84 -84 -72 -72 -77 -77 -81 -81 -81 -81 -79 -79 -88 -88 -83 -83 -80 -80 -81 -81 -83 -83 -81 -81 -88 -88 -80 -80 -82 -82 -84 -84 -81 -81 -79 -79 -78 -78 -77 -77 -77 -77 -77 -77 -79 -79 -78 -78 -81 -81 -81 -81 -89 -89 -96 -96 -96 -96 -96 -96 -96 -96 -84 -84 -84 -84 -84 -84 -86 -86 -86 -86 -86 -86 -86 -82 -82 -83 -83 -83 -83 -81 -81 -77 -77 -74 -74 -74 -74 -74 -74 -75 -75 -74 -74 -74 -74 -74 -74 -75 -75 -75 -75 -75 -75 -75 -75 -82 -82 -85 -85 -88 -88 -84 -84 -82 -82 -82 -82 -82 -82 -88 -88 -87 -87 -84 -84 -86 -86 -87 -87 -84 -84 -84 -84 -84 -84 -80 -80 -82 -82 -80 -80 -80 -80 -82 -82 -88 
CQI
2147483647 2147483647 2147483647 2147483647 2147483647 2147483647 2147483647 2147483647 2147483647 2147483647 2147483647 2147483647 2147483647 2147483647 2147483647 2147483647 2147483647 2147483647 2147483647 2147483647 2147483647 2147483647 2147483647 2147483647 2147483647 2147483647 2147483647 2147483647 2147483647 2147483647 2147483647 2147483647 2147483647 2147483647 2147483647 2147483647 2147483647 2147483647 2147483647 2147483647 2147483647 2147483647 2147483647 2147483647 2147483647 2147483647 2147483647 2147483647 2147483647 2147483647 2147483647 2147483647 2147483647 2147483647 2147483647 2147483647 2147483647 2147483647 2147483647 2147483647 2147483647 2147483647 2147483647 2147483647 2147483647 2147483647 2147483647 2147483647 2147483647 2147483647 2147483647 2147483647 2147483647 2147483647 2147483647 2147483647 2147483647 2147483647 2147483647 2147483647 2147483647 2147483647 2147483647 2147483647 2147483647 2147483647 2147483647 2147483647 2147483647 2147483647 2147483647 2147483647 2147483647 2147483647 2147483647 2147483647 2147483647 2147483647 2147483647 2147483647 2147483647 2147483647 2147483647 2147483647 2147483647 2147483647 2147483647 2147483647 2147483647 2147483647 2147483647 2147483647 2147483647 2147483647 2147483647 2147483647 2147483647 2147483647 2147483647 2147483647 2147483647 2147483647 2147483647 2147483647 2147483647 2147483647 2147483647 2147483647 2147483647 2147483647 2147483647 2147483647 2147483647 2147483647 2147483647 2147483647 2147483647 2147483647 2147483647 2147483647 2147483647 2147483647 2147483647 2147483647 2147483647 2147483647 2147483647 2147483647 2147483647 2147483647 2147483647 2147483647 2147483647 2147483647 2147483647 2147483647 2147483647 2147483647 2147483647 2147483647 2147483647 2147483647 2147483647 2147483647 2147483647 2147483647 2147483647 2147483647 2147483647 2147483647 2147483647 2147483647 2147483647 2147483647 2147483647 2147483647 2147483647 2147483647 2147483647 2147483647 2147483647 2147483647 2147483647 2147483647 2147483647 2147483647 2147483647 2147483647 2147483647 2147483647 2147483647 2147483647 2147483647 2147483647 2147483647 2147483647 2147483647 2147483647 2147483647 2147483647 2147483647 2147483647 2147483647 2147483647 2147483647 2147483647 2147483647 2147483647 2147483647 2147483647 2147483647 2147483647 2147483647 2147483647 2147483647 2147483647 2147483647 2147483647 2147483647 2147483647 2147483647 2147483647 2147483647 2147483647 2147483647 2147483647 2147483647 2147483647 2147483647 2147483647 2147483647 2147483647 2147483647 2147483647 2147483647 2147483647 2147483647 2147483647 2147483647 2147483647 2147483647 2147483647 2147483647 2147483647 2147483647 2147483647 2147483647 2147483647 2147483647 2147483647 2147483647 2147483647 2147483647 2147483647 2147483647 2147483647 2147483647 2147483647 2147483647 2147483647 2147483647 2147483647 2147483647 2147483647 2147483647 2147483647 2147483647 2147483647 2147483647 2147483647 2147483647 2147483647 2147483647 2147483647 2147483647 2147483647 2147483647 2147483647 2147483647 2147483647 2147483647 2147483647 2147483647 2147483647 2147483647 2147483647 2147483647 2147483647 2147483647 2147483647 2147483647 2147483647 2147483647 
Altitude
-62.199127197265625 -61.60197448730469 -60.80929183959961 -60.01660919189453 -58.85929489135742 -57.17880630493164 -54.77433776855469 -52.73978805541992 -50.668243408203125 -48.374752044677734 -46.4670295715332 -44.453617095947266 -42.50890350341797 -40.194271087646484 -38.402809143066406 -36.32598114013672 -34.32842254638672 -32.10891342163086 -30.31745147705078 -28.25647735595703 -26.16908073425293 -24.15038299560547 -22.205669403076172 -20.377216339111328 -18.702014923095703 -17.174779891967773 -16.065025329589844 -15.156083106994629 -14.241856575012207 -13.586572647094727 -12.899580955505371 -12.413402557373047 -11.906085968017578 -11.525598526000977 -11.219095230102539 -11.05527400970459 -10.775193214416504 -10.347145080566406 -10.267876625061035 -10.273160934448242 -10.273160934448242 -9.956088066101074 -9.654869079589844 -9.04714584350586 -7.387797832489014 -5.53292179107666 -4.502434730529785 -3.82601261138916 -2.193087339401245 -0.3857719898223877 1.2154459953308105 3.273777484893799 5.374384880065918 6.986172199249268 9.329869270324707 11.406696319580078 13.10567855834961 15.261774063110352 17.375593185424805 19.526403427124023 21.148759841918945 23.217660903930664 25.130666732788086 27.471721649169922 29.183916091918945 31.340011596679688 33.24244689941406 35.36948013305664 37.06846237182617 38.94976043701172 40.16520690917969 42.4481315612793 43.848533630371094 44.92922592163086 46.033695220947266 46.41154098510742 47.180442810058594 47.42617416381836 47.77495574951172 48.06560516357422 48.42230987548828 48.63369369506836 48.97983169555664 49.159507751464844 49.33125305175781 49.42108917236328 49.492431640625 49.62718963623047 49.49507522583008 49.529422760009766 49.529422760009766 48.9930419921875 48.29548263549805 46.173736572265625 44.86316680908203 43.703208923339844 42.30809020996094 40.73329544067383 39.13471984863281 36.38411331176758 38.1174430847168 35.29021072387695 32.97557830810547 33.884521484375 32.505252838134766 28.85363006591797 27.540420532226562 26.311763763427734 24.964202880859375 23.814815521240234 22.25587272644043 20.599166870117188 18.78656768798828 17.058521270751953 15.605269432067871 14.524580001831055 13.058117866516113 12.344703674316406 10.164827346801758 7.726008892059326 5.958327770233154 5.3717427253723145 3.8418662548065186 2.64491605758667 1.672559380531311 0.2034550905227661 -1.395120620727539 -2.901216745376587 -1.7597544193267822 -3.89471173286438 -4.861783981323242 -6.758936882019043 -7.414220809936523 -8.159341812133789 -8.66137409210205 -9.374788284301758 -8.915032386779785 -9.343080520629883 -9.59145450592041 -10.008934020996094 -10.23616886138916 -10.452835083007812 -10.553241729736328 -10.690640449523926 -10.954867362976074 -10.954867362976074 -10.89145278930664 -10.595518112182617 -10.569095611572266 -9.062999725341797 -6.774790287017822 -5.062596797943115 -4.639832973480225 -3.820728063583374 -2.029266357421875 -0.07926821708679199 1.8945103883743286 4.040036678314209 5.990035057067871 7.858122825622559 9.646942138671875 11.834744453430176 13.663198471069336 16.004253387451172 18.123355865478516 20.192256927490234 21.830467224121094 23.851806640625 26.079242706298828 28.285541534423828 30.161556243896484 32.27009201049805 34.31256866455078 36.16480255126953 38.16764831542969 38.410736083984375 39.610328674316406 41.75849533081055 42.92109680175781 43.9700813293457 44.88694763183594 45.523738861083984 46.105037689208984 46.37718963623047 46.69162368774414 47.13816833496094 47.3389778137207 47.47373580932617 47.2861328125 47.93349075317383 47.69832992553711 47.93349075317383 47.95991516113281 48.245277404785156 47.49222946166992 48.66804122924805 48.58613204956055 48.09202575683594 46.09446716308594 44.90016174316406 43.169471740722656 42.046504974365234 40.9050407409668 38.24691390991211 36.484519958496094 36.278419494628906 34.59000778198242 33.27943801879883 32.46826171875 30.930458068847656 27.96582794189453 27.495502471923828 26.19021987915039 24.195302963256836 22.54123878479004 20.950590133666992 20.879247665405273 18.58575439453125 16.781082153320312 15.919700622558594 12.910150527954102 11.795110702514648 9.641657829284668 9.66015338897705 7.197554111480713 5.672962188720703 5.02296257019043 4.483938694000244 2.2987782955169678 1.9394290447235107 -0.005284547805786133 -0.2589428424835205 -0.2272355556488037 -3.339834213256836 -5.310970306396484 -6.558123588562012 -7.028448581695557 -8.053650856018066 -8.476414680480957 -8.89389419555664 -9.300804138183594 -9.776412963867188 -10.008934020996094 -10.315437316894531 -10.473974227905273 -10.516250610351562 -10.759339332580566 -10.796331405639648 -10.917875289916992 -10.923160552978516 -10.870314598083496 -10.965436935424805 -10.796331405639648 -10.976005554199219 -10.812185287475586 -11.224379539489746 -12.76218318939209 -14.75974178314209 -14.912994384765625 -16.582910537719727 -18.591039657592773 -19.943883895874023 -20.916240692138672 -22.253231048583984 -22.802824020385742 -24.911357879638672 -26.982900619506836 -28.039810180664062 -29.767858505249023 -30.602815628051758 -32.22517395019531 -32.38899230957031 -32.74305725097656 -35.43817901611328 -38.31825637817383 -39.89833450317383 -40.838985443115234 -42.191829681396484 -43.15890121459961 -44.395484924316406 -44.88694763183594 -46.99020004272461 -49.29426193237305 -51.445072174072266 -51.302391052246094 -52.96173858642578 -55.03856658935547 -56.62392807006836 -58.31498336791992 -57.73368453979492 -60.89912796020508 -61.43286895751953 -62.711727142333984 