LTE(1) or 5G(2)
1 1 2 2 2 2 2 2 2 2 2 2 2 2 2 2 2 2 2 2 2 2 2 2 2 2 2 2 2 2 2 2 2 2 2 2 2 2 2 2 2 2 2 2 2 2 2 2 2 2 2 2 2 2 2 2 2 2 2 2 2 2 2 2 2 2 2 2 2 2 2 2 1 1 1 2 2 2 2 2 2 2 2 2 2 2 2 2 2 2 2 2 2 2 2 2 1 1 1 1 1 1 2 2 2 2 2 2 2 2 2 2 2 2 2 2 2 2 1 1 1 1 2 2 2 1 1 1 1 1 1 1 1 2 2 2 2 2 2 2 2 1 1 1 2 2 2 2 2 1 1 2 2 2 2 2 2 2 2 2 2 2 2 2 2 2 2 2 2 2 2 2 2 2 2 2 2 2 2 2 2 2 2 2 2 2 2 2 2 2 2 2 2 2 2 2 2 2 2 2 2 2 2 2 2 2 1 1 2 2 2 2 2 2 2 2 2 2 2 2 2 2 2 2 2 2 2 2 2 2 2 2 2 2 2 2 2 2 2 2 2 2 2 2 2 2 2 2 2 2 2 2 2 2 2 2 2 2 2 2 2 2 2 2 2 2 2 2 2 2 2 2 2 2 2 2 2 2 2 2 2 2 2 2 2 2 2 2 2 2 2 2 2 2 2 2 2 2 2 2 2 2 2 2 2 2 2 2 2 2 2 2 2 2 2 2 2 2 2 2 
SNR of LTE
13 13 13 13 13 13 13 11 11 11 11 11 10 10 10 10 10 10 8 8 8 8 8 8 8 6 6 6 6 5 5 5 4 4 3 3 1 1 1 1 1 0 0 0 0 0 0 0 0 0 -1 -1 -2 -2 -2 -2 -2 -2 -2 -2 -2 -2 -2 -2 -1 -1 -1 -1 -1 -1 -1 -1 -3 -3 -3 -3 -3 -3 -3 -2 -2 -2 -2 -2 -2 -3 -3 -3 -3 -3 -3 -3 -3 -4 -4 -4 -4 -4 -4 -4 -3 -3 -3 -3 -3 -3 -3 -3 -3 -3 -3 -3 -3 -3 -3 -3 -3 -3 -3 -3 -3 -3 -3 -3 -2 -2 -2 -2 -2 -1 -1 -1 0 0 0 0 0 0 0 0 0 1 1 1 1 1 1 1 2 2 2 2 2 2 2 2 2 2 2 1 1 1 1 0 0 0 0 0 0 -2 -2 -2 -2 -2 -2 -2 -2 -4 -4 -4 -4 -4 -4 -4 -4 -4 -4 -4 -4 -4 -4 -4 -4 -5 -5 -5 -5 -5 -5 -5 -5 -5 -5 -5 -5 -4 -4 -4 -3 -3 -3 -3 -3 -3 -2 -2 -2 -2 0 0 0 0 0 0 0 0 0 0 -1 -1 -1 -1 -1 -1 -1 -1 -1 -1 -1 -1 -1 -1 -1 -1 -1 -1 -1 -1 -1 -1 -1 -1 -1 -1 -1 -1 -1 -1 -1 -1 -1 -1 -2 -2 -2 -2 -2 -2 -2 -2 -2 -2 -2 -2 -2 -2 -2 -2 -1 -1 -1 -1 -1 -1 -1 -1 0 0 0 0 1 1 1 1 1 1 1 1 3 3 3 3 4 4 4 4 4 6 6 6 6 5 6 6 6 6 6 6 6 6 
SNR of 5G
0 0 5 5 7 7 7 9 9 9 9 9 5 5 5 5 5 5 3 3 3 3 3 3 3 5 5 5 4 4 4 4 4 4 -6 -6 -2 -2 -1 -1 -1 -1 -1 -1 2 2 3 3 3 3 2 2 3 3 4 5 -3 -2 3 3 3 3 3 3 3 3 3 3 5 5 5 5 0 0 0 -1 -1 1 1 0 0 2 2 1 1 0 0 1 1 1 1 2 2 3 3 3 0 0 0 0 0 0 3 3 3 3 1 1 -2 -2 4 4 5 5 0 0 -4 -4 0 0 0 0 -4 -4 -4 0 0 0 0 0 0 0 0 0 0 1 1 0 0 0 0 0 0 0 -1 -1 -1 -1 -1 0 0 0 0 -3 -3 -3 -3 0 0 0 -1 0 0 -2 -2 -2 -2 -2 -2 -3 -3 -3 -3 -3 -3 -3 -3 -2 -2 0 0 3 3 3 3 3 3 3 3 3 3 3 3 2 2 1 1 0 0 -1 -1 -4 -4 -5 -5 -7 0 0 0 0 -1 -1 2 2 1 1 1 1 1 1 2 2 3 3 3 3 2 2 2 2 3 3 3 3 3 3 3 3 3 3 3 3 3 3 3 3 2 2 2 2 2 2 0 0 6 6 6 6 6 6 6 6 2 2 1 1 2 2 3 3 3 3 -2 -2 -5 -7 2 2 -3 -3 4 4 4 5 5 5 4 4 3 3 3 3 2 2 4 4 4 4 6 6 6 6 9 9 9 9 9 9 10 10 11 5 5 5 5 5 5 5 5 5 
RSSI
-51 -51 -51 -51 -51 -51 -51 -51 -51 -51 -51 -51 -51 -51 -51 -51 -51 -51 -51 -51 -51 -51 -51 -51 -51 -51 -51 -51 -51 -51 -51 -51 -51 -51 -51 -51 -51 -51 -51 -51 -51 -51 -51 -51 -51 -51 -51 -51 -51 -51 -51 -51 -51 -51 -51 -51 -51 -51 -51 -51 -51 -51 -51 -51 -51 -51 -51 -51 -51 -51 -51 -51 -51 -51 -51 -51 -51 -51 -51 -51 -51 -51 -51 -51 -51 -51 -51 -51 -51 -51 -51 -51 -51 -51 -51 -51 -51 -51 -51 -51 -51 -51 -51 -51 -51 -51 -51 -51 -51 -51 -51 -51 -51 -51 -51 -51 -51 -51 -51 -51 -51 -51 -51 -51 -51 -51 -51 -51 -51 -51 -51 -51 -51 -51 -51 -51 -51 -51 -51 -51 -51 -51 -51 -51 -51 -51 -51 -51 -51 -51 -51 -51 -51 -51 -51 -51 -51 -51 -51 -51 -51 -51 -51 -51 -51 -51 -51 -51 -51 -51 -51 -51 -51 -51 -51 -51 -51 -51 -51 -51 -51 -51 -51 -51 -51 -51 -51 -51 -51 -51 -51 -51 -51 -51 -51 -51 -51 -51 -51 -51 -51 -51 -51 -51 -51 -51 -51 -51 -51 -51 -51 -51 -51 -51 -51 -51 -51 -51 -51 -51 -51 -51 -51 -51 -51 -51 -51 -51 -51 -51 -51 -51 -51 -51 -51 -51 -51 -51 -51 -51 -51 -51 -51 -51 -51 -51 -51 -51 -51 -51 -51 -51 -51 -51 -51 -51 -51 -51 -51 -51 -51 -51 -51 -51 -51 -51 -51 -51 -51 -51 -51 -51 -51 -51 -51 -51 -51 -51 -51 -51 -51 -51 -51 -51 -51 -51 -51 -51 -51 -51 -51 -51 -51 -51 -51 -51 -51 -51 -51 -51 -51 -51 -51 -51 -51 -51 -51 -51 -51 -51 -51 -51 -51 -51 -51 -51 -51 -51 -51 -51 
RSRP
-68 -68 -68 -68 -68 -68 -68 -68 -68 -68 -68 -68 -68 -68 -68 -68 -68 -68 -68 -68 -68 -68 -68 -68 -68 -69 -69 -69 -69 -69 -69 -69 -69 -69 -69 -69 -70 -70 -70 -70 -70 -71 -72 -72 -72 -72 -72 -73 -73 -73 -74 -74 -75 -75 -76 -76 -77 -77 -77 -77 -76 -76 -76 -76 -76 -76 -77 -77 -77 -77 -77 -77 -78 -78 -78 -78 -78 -78 -78 -77 -77 -77 -77 -77 -77 -78 -78 -78 -78 -78 -78 -79 -79 -79 -79 -79 -79 -79 -79 -79 -78 -78 -78 -78 -78 -78 -78 -78 -79 -79 -79 -79 -79 -79 -79 -79 -79 -79 -79 -79 -79 -78 -78 -78 -78 -78 -78 -78 -78 -76 -76 -76 -75 -75 -75 -75 -75 -75 -75 -75 -75 -74 -74 -74 -74 -74 -74 -74 -73 -73 -73 -73 -73 -73 -73 -73 -73 -73 -73 -73 -73 -73 -73 -74 -74 -74 -74 -74 -76 -77 -77 -77 -77 -77 -77 -77 -77 -79 -79 -79 -80 -79 -79 -79 -79 -79 -79 -79 -79 -79 -79 -79 -79 -79 -79 -79 -79 -79 -79 -79 -79 -79 -79 -79 -79 -78 -78 -78 -77 -77 -77 -77 -77 -77 -76 -76 -76 -76 -75 -75 -75 -75 -75 -75 -75 -75 -75 -75 -75 -75 -75 -75 -75 -75 -75 -75 -75 -75 -75 -75 -75 -75 -75 -75 -75 -75 -75 -75 -75 -75 -75 -75 -75 -75 -75 -75 -75 -75 -75 -75 -75 -75 -75 -75 -76 -76 -76 -76 -77 -77 -77 -77 -78 -78 -78 -78 -78 -78 -77 -77 -77 -77 -77 -77 -77 -77 -75 -75 -74 -74 -73 -73 -73 -73 -72 -72 -72 -72 -70 -70 -70 -70 -69 -69 -69 -69 -69 -68 -68 -68 -68 -69 -68 -68 -68 -68 -68 -68 -68 -68 
CID
13678086 13678086 13678086 13678086 13678086 13678086 13678086 13678086 13678086 13678086 13678086 13678086 13678086 13678086 13678086 13678086 13678086 13678086 13678086 13678086 13678086 13678086 13678086 13678086 13678086 13678086 13678086 13678086 13678086 13678086 13678086 13678086 13678086 13678086 13678086 13678086 13678086 13678086 13678086 13678086 13678086 13678086 13769742 13769742 13769742 13769742 13769742 13769742 13769742 13769742 13769742 13769742 13769742 13769742 13769742 13769742 13769742 13769742 13769742 13769742 13769742 13769742 13769742 13769742 13769742 13769742 13678086 13678086 13678086 13678086 13678086 13678086 13792260 13792260 13792260 13769742 13769742 13769742 13769742 13769742 13769742 13769742 13769742 13769742 13769742 13769742 13769742 13769742 13769742 13769742 13769742 13769742 13769742 13769742 13769742 13769742 13769742 13769742 13769742 13769742 13769742 13769742 13769742 13769742 13769742 13769742 13769742 13678088 13678088 13678088 13678088 13678088 13678088 13678088 13678088 13678088 13678088 13678088 13792526 13792526 13792526 13792526 13792526 13792526 13792526 13792526 13792526 13792526 13792526 13792526 13792526 13792526 13792526 13792526 13792526 13792526 13792526 13792526 13792526 13792526 13792526 13792526 13792526 13792526 13792526 13792526 13792526 13792526 13792526 13792526 13792526 13792526 13792526 13792526 13792526 13792526 13792526 13678086 13678086 13678086 13678086 13678086 13678086 13678086 13678086 13678086 13678086 13678086 13678086 13678086 13678086 13678086 13678086 13678086 13678086 13678086 13678086 13678086 13678086 13678086 13792526 13792526 13792526 13792526 13792260 13792260 13792260 13792260 13792260 13792260 13792260 13792260 13792260 13792260 13678086 13678086 13678086 13678086 13678086 13678086 13678086 13678086 13678086 13678086 13678086 13678086 13678086 13678086 13678086 13678086 13678086 13678086 13678086 13678086 13678086 13678086 13678086 13678086 13678086 13678086 13678086 13678086 13678086 13678086 13678086 13678086 13678086 13678086 13678086 13678086 13678086 13678086 13678086 13678086 13678086 13678086 13678086 13678086 13678086 13678086 13678086 13678086 13678086 13678086 13678086 13678086 13678086 13678086 13678086 13678086 13678086 13678086 13678086 13769742 13769742 13769742 13769742 13769742 13769742 13769742 13769742 13769742 13769742 13769742 13769742 13769742 13769742 13769742 13769742 13769742 13769742 13769742 13769742 13769742 13769742 13769742 13769742 13769742 13769742 13769742 13769742 13769742 13769742 13678086 13678086 13678086 13678086 13678086 13678086 13678086 13678086 13678086 13678086 13678086 13678086 13678086 13678086 13678086 13678086 13678086 13678086 13678086 13678086 13678086 13678086 13678086 13678086 13678086 13678086 13678086 13678086 13678086 13678086 13678086 13678086 13678086 13678086 13678086 13678086 13678086 
RSRP of 5G
-95 -95 -81 -81 -77 -77 -77 -75 -75 -75 -75 -75 -82 -82 -82 -82 -82 -82 -82 -82 -82 -82 -82 -82 -82 -81 -80 -80 -83 -83 -83 -83 -87 -79 -94 -80 -81 -81 -83 -83 -83 -81 -89 -89 -84 -84 -84 -84 -84 -84 -82 -82 -84 -84 -88 -82 -107 -80 -88 -88 -82 -82 -82 -82 -87 -87 -87 -87 -82 -82 -82 -82 -97 -97 -97 -86 -86 -77 -77 -87 -87 -84 -84 -86 -86 -84 -84 -85 -85 -88 -88 -84 -84 -86 -86 -102 -102 -102 -102 -102 -102 -102 -83 -83 -83 -83 -86 -86 -82 -82 -80 -80 -82 -82 -101 -101 -84 -84 -135 -135 -135 -135 -107 -107 -102 -102 -102 -102 -102 -102 -102 -102 -102 -102 -102 -88 -88 -96 -96 -84 -84 -104 -104 -104 -88 -88 -100 -100 -85 -85 -85 -84 -84 -82 -82 -119 -83 -89 -89 -95 -79 -80 -80 -81 -81 -81 -81 -92 -82 -81 -81 -81 -81 -81 -81 -81 -81 -80 -80 -79 -79 -77 -77 -77 -79 -79 -79 -79 -79 -79 -79 -79 -79 -76 -76 -77 -77 -78 -78 -82 -82 -99 -99 -108 -108 -129 -129 -129 -86 -86 -86 -83 -83 -83 -83 -83 -83 -83 -84 -84 -83 -83 -84 -84 -84 -84 -91 -91 -87 -87 -80 -80 -80 -80 -80 -80 -80 -80 -80 -80 -80 -80 -80 -80 -80 -80 -81 -81 -81 -81 -81 -81 -83 -83 -85 -85 -85 -85 -85 -85 -85 -85 -84 -84 -85 -85 -91 -91 -87 -87 -81 -81 -82 -82 -85 -84 -85 -85 -82 -82 -83 -83 -83 -81 -80 -80 -83 -83 -80 -80 -82 -82 -87 -78 -81 -81 -81 -81 -83 -83 -83 -83 -78 -78 -78 -78 -78 -75 -73 -73 -76 -83 -83 -83 -83 -83 -83 -83 -83 -83 
CQI
2147483647 2147483647 2147483647 2147483647 2147483647 2147483647 2147483647 2147483647 2147483647 2147483647 2147483647 2147483647 2147483647 2147483647 2147483647 2147483647 2147483647 2147483647 2147483647 2147483647 2147483647 2147483647 2147483647 2147483647 2147483647 2147483647 2147483647 2147483647 2147483647 2147483647 2147483647 2147483647 2147483647 2147483647 2147483647 2147483647 2147483647 2147483647 2147483647 2147483647 2147483647 2147483647 2147483647 2147483647 2147483647 2147483647 2147483647 2147483647 2147483647 2147483647 2147483647 2147483647 2147483647 2147483647 2147483647 2147483647 2147483647 2147483647 2147483647 2147483647 2147483647 2147483647 2147483647 2147483647 2147483647 2147483647 2147483647 2147483647 2147483647 2147483647 2147483647 2147483647 2147483647 2147483647 2147483647 2147483647 2147483647 2147483647 2147483647 2147483647 2147483647 2147483647 2147483647 2147483647 2147483647 2147483647 2147483647 2147483647 2147483647 2147483647 2147483647 2147483647 2147483647 2147483647 2147483647 2147483647 2147483647 2147483647 2147483647 2147483647 2147483647 2147483647 2147483647 2147483647 2147483647 2147483647 2147483647 2147483647 2147483647 2147483647 2147483647 2147483647 2147483647 2147483647 2147483647 2147483647 2147483647 2147483647 2147483647 2147483647 2147483647 2147483647 2147483647 2147483647 2147483647 2147483647 2147483647 2147483647 2147483647 2147483647 2147483647 2147483647 2147483647 2147483647 2147483647 2147483647 2147483647 2147483647 2147483647 2147483647 2147483647 2147483647 2147483647 2147483647 2147483647 2147483647 2147483647 2147483647 2147483647 2147483647 2147483647 2147483647 2147483647 2147483647 2147483647 2147483647 2147483647 2147483647 2147483647 2147483647 2147483647 2147483647 2147483647 2147483647 2147483647 2147483647 2147483647 2147483647 2147483647 2147483647 2147483647 2147483647 2147483647 2147483647 2147483647 2147483647 2147483647 2147483647 2147483647 2147483647 2147483647 2147483647 2147483647 2147483647 2147483647 2147483647 2147483647 2147483647 2147483647 2147483647 2147483647 2147483647 2147483647 2147483647 2147483647 2147483647 2147483647 2147483647 2147483647 2147483647 2147483647 2147483647 2147483647 2147483647 2147483647 2147483647 2147483647 2147483647 2147483647 2147483647 2147483647 2147483647 2147483647 2147483647 2147483647 2147483647 2147483647 2147483647 2147483647 2147483647 2147483647 2147483647 2147483647 2147483647 2147483647 2147483647 2147483647 2147483647 2147483647 2147483647 2147483647 2147483647 2147483647 2147483647 2147483647 2147483647 2147483647 2147483647 2147483647 2147483647 2147483647 2147483647 2147483647 2147483647 2147483647 2147483647 2147483647 2147483647 2147483647 2147483647 2147483647 2147483647 2147483647 2147483647 2147483647 2147483647 2147483647 2147483647 2147483647 2147483647 2147483647 2147483647 2147483647 2147483647 2147483647 2147483647 2147483647 2147483647 2147483647 2147483647 2147483647 2147483647 2147483647 2147483647 2147483647 2147483647 2147483647 2147483647 2147483647 2147483647 2147483647 2147483647 2147483647 2147483647 2147483647 2147483647 2147483647 2147483647 2147483647 2147483647 2147483647 2147483647 2147483647 2147483647 2147483647 2147483647 2147483647 2147483647 2147483647 2147483647 2147483647 2147483647 2147483647 2147483647 2147483647 2147483647 2147483647 2147483647 2147483647 2147483647 2147483647 2147483647 2147483647 2147483647 2147483647 2147483647 2147483647 2147483647 2147483647 2147483647 
Altitude
-63.034088134765625 -62.325958251953125 -61.559696197509766 -60.819862365722656 -59.784088134765625 -58.050758361816406 -55.95279312133789 -53.97108840942383 -51.799137115478516 -49.949546813964844 -47.75117492675781 -45.970279693603516 -43.72434997558594 -41.8219108581543 -39.69752502441406 -37.68410873413086 -35.586143493652344 -33.778831481933594 -31.659725189208984 -29.656883239746094 -27.405664443969727 -25.619487762451172 -23.526805877685547 -21.624370574951172 -19.489412307739258 -17.47599983215332 -15.547140121459961 -13.40689754486084 -11.456899642944336 -9.390641212463379 -7.387797832489014 -5.411376953125 -3.49837064743042 -1.432112455368042 0.636788010597229 2.7638185024261475 4.742881774902344 6.811781883239746 8.381292343139648 9.723567962646484 10.997143745422363 11.937793731689453 13.055475234985352 13.800596237182617 14.582709312438965 15.142871856689453 15.576204299926758 15.985756874084473 16.527423858642578 16.889415740966797 17.132503509521484 17.251405715942383 17.47599983215332 17.62132453918457 17.83006477355957 17.917259216308594 18.041446685791016 18.40608024597168 18.707298278808594 18.857908248901367 18.818275451660156 19.03758430480957 19.296525955200195 19.560752868652344 20.720712661743164 23.030059814453125 25.783308029174805 26.034324645996094 27.492860794067383 28.90119171142578 31.112775802612305 32.6479377746582 34.65870666503906 36.66683578491211 38.52435302734375 40.0040283203125 41.16134262084961 42.2393913269043 43.182682037353516 43.959510803222656 45.00849533081055 45.36520004272461 45.69020080566406 46.20808410644531 46.65462875366211 47.30198669433594 47.608489990234375 47.51601028442383 47.825157165527344 47.66133499145508 46.90564727783203 47.55564498901367 48.31398010253906 48.311336517333984 48.239994049072266 48.39588928222656 48.538570404052734 48.879425048828125 48.90848922729492 49.178001403808594 49.08552169799805 48.83450698852539 49.07231140136719 49.21499252319336 49.093448638916016 49.40523910522461 49.8280029296875 49.724952697753906 49.373531341552734 47.6507682800293 46.32170486450195 45.3704833984375 44.049346923828125 42.395286560058594 41.066219329833984 39.483497619628906 37.99061584472656 36.68797302246094 35.422325134277344 34.03777313232422 32.70342254638672 31.244888305664062 29.60932159423828 28.348957061767578 26.615625381469727 25.92070770263672 24.71847152709961 23.814815521240234 23.064409255981445 22.599369049072266 22.00485610961914 21.822540283203125 21.481687545776367 21.13819122314453 20.789411544799805 20.482906341552734 19.888395309448242 19.359941482543945 19.60567283630371 19.893680572509766 19.996728897094727 20.046932220458984 19.338802337646484 19.441850662231445 19.634737014770508 19.452421188354492 19.539615631103516 19.57132339477539 19.455062866210938 19.243680953979492 19.180265426635742 19.478843688964844 20.451200485229492 20.274168014526367 20.282094955444336 20.416851043701172 21.28351593017578 23.299571990966797 25.291845321655273 26.32233238220215 27.873348236083984 29.56175994873047 31.543466567993164 33.16582107543945 35.200374603271484 37.02354049682617 38.80443572998047 40.27354049682617 41.28817367553711 42.64365768432617 43.46540451049805 44.271297454833984 44.98207092285156 45.669063568115234 46.07068634033203 46.61499786376953 47.20158004760742 47.449954986572266 47.539791107177734 47.817230224609375 48.229427337646484 48.16865158081055 47.84893798828125 47.91499328613281 48.55178451538086 48.874141693115234 49.13572692871094 49.40523910522461 49.806861877441406 49.804222106933594 49.81743240356445 49.70645523071289 49.81743240356445 49.69852828979492 50.086944580078125 50.04730987548828 50.094871520996094 50.13714599609375 49.83328628540039 49.85970687866211 49.75137710571289 49.83064270019531 49.34446334838867 46.78145980834961 45.28593063354492 44.23430633544922 43.34650421142578 42.120487213134766 40.82841491699219 40.12028503417969 38.57984161376953 37.99854278564453 34.7564697265625 33.53838348388672 32.54224395751953 31.131271362304688 29.63045883178711 27.21013641357422 26.073959350585938 25.186155319213867 24.41989517211914 23.833311080932617 22.937580108642578 22.015426635742188 21.46319007873535 21.449979782104492 20.969085693359375 20.884532928466797 20.65465545654297 20.290021896362305 18.865835189819336 19.30181121826172 19.891036987304688 20.184329986572266 20.09185028076172 20.094493865966797 20.263599395751953 20.276809692382812 20.41156578063965 20.276809692382812 20.18961524963379 20.094493865966797 19.97294807434082 19.880468368530273 19.803842544555664 19.777420043945312 19.875185012817383 19.875185012817383 19.901607513427734 19.780061721801758 19.714006423950195 19.856687545776367 19.60567283630371 19.407501220703125 19.346729278564453 19.28595733642578 18.19734001159668 16.540634155273438 15.153440475463867 14.181083679199219 14.08067798614502 11.956289291381836 9.361576080322266 7.525196075439453 5.852636814117432 5.2501983642578125 3.1548750400543213 2.090038776397705 -1.2207305431365967 -0.9406495094299316 -2.9699158668518066 -4.602841377258301 -5.638612747192383 -6.394302845001221 -7.0971479415893555 -9.24795913696289 -10.743485450744629 -12.386980056762695 -13.517873764038086 -15.013400077819824 -16.149578094482422 -19.05079460144043 -19.838191986083984 -22.343067169189453 -23.341848373413086 -24.034122467041016 -24.50444793701172 -25.7674560546875 -26.91948699951172 -28.510135650634766 -30.40200424194336 -32.69549560546875 -33.95322036743164 -35.5174446105957 -37.266632080078125 -38.3499641418457 -39.07923126220703 -40.29996109008789 -42.033294677734375 -43.22231674194336 -45.13532257080078 -46.48816680908203 -48.32190704345703 -49.36824417114258 -51.466209411621094 -52.91946029663086 -53.854827880859375 -55.33449935913086 -57.19466018676758 -58.83287048339844 -60.006038665771484 -61.427581787109375 -62.267826080322266 -63.82148361206055 -64.46620178222656 -64.43977355957031 -64.4820556640625 -64.5401840209961 -64.7040023803711 -65.01579284667969 