LTE(1) or 5G(2)
2 2 2 2 2 2 2 2 2 2 2 2 2 2 2 2 2 2 2 2 2 2 2 2 2 2 2 2 2 2 2 2 2 2 2 2 2 2 2 2 2 2 2 2 2 2 2 2 2 2 2 2 2 2 2 2 2 2 2 2 2 2 2 2 2 2 2 2 2 2 2 2 2 2 2 2 2 2 2 2 2 2 2 2 2 2 2 2 2 2 2 2 2 2 2 2 2 2 2 2 2 2 2 2 2 2 2 2 2 2 2 2 2 2 2 2 2 2 2 2 2 2 2 2 2 2 2 2 2 2 2 2 2 2 2 2 2 2 2 2 1 1 1 2 2 2 2 2 2 2 2 2 1 1 2 2 2 2 2 2 2 2 2 2 2 2 2 1 1 2 2 1 1 2 2 2 2 2 2 2 2 2 2 2 2 2 2 2 2 2 2 2 2 2 2 2 2 2 2 2 2 2 2 1 1 1 1 1 2 2 2 2 1 1 1 1 1 1 2 2 2 2 2 2 2 2 2 2 2 2 2 2 2 2 2 2 2 2 2 2 2 2 1 1 1 1 2 2 2 2 2 2 2 2 2 2 2 2 2 2 2 2 2 2 2 2 2 2 2 2 2 2 2 2 2 2 2 1 1 2 2 2 2 2 2 2 2 2 2 2 2 2 2 2 2 2 2 2 2 2 2 2 2 2 2 2 2 2 2 2 2 2 2 2 2 2 2 2 2 2 2 2 2 2 2 2 2 2 2 2 2 2 2 2 2 2 2 2 2 2 2 2 2 2 2 2 2 2 2 2 2 2 2 
SNR of LTE
2 2 2 2 2 2 2 2 2 2 2 2 1 1 1 1 1 1 1 1 0 0 0 0 0 0 0 0 0 0 -1 -1 -1 -1 -1 -1 -1 -1 -1 -1 -1 -1 -3 -3 -3 -3 -4 -4 -4 -4 -4 -4 -4 -4 -4 -4 -4 -4 -4 -4 -4 -4 -4 -4 -4 -4 -4 -4 -4 -4 -4 -4 -4 -4 -3 -3 -3 -3 -4 -4 -4 -4 -4 -4 -4 -4 -4 -4 -4 -4 -4 -4 -4 -4 -4 -4 -4 -4 -4 -4 -4 -4 -4 -4 -4 -4 -3 -3 -3 -3 -3 -3 -2 -2 -2 -2 -2 0 0 0 0 0 1 1 1 1 1 1 0 0 0 0 0 0 0 0 -1 -1 -1 -1 -1 -2 -2 -2 -2 -3 -3 -3 -3 -4 -4 -4 -4 -4 -4 -4 -4 -4 -3 -3 -3 -3 -3 -3 -3 -3 -3 -4 -4 -4 -4 -3 -3 -3 -3 -3 -3 -3 -3 -3 -3 -3 -3 -3 -3 -2 -2 -2 -2 -3 -3 -3 -3 -2 -2 -2 -2 -2 -2 -3 -3 -3 -3 -4 -4 -4 -5 -5 -5 -5 -5 -7 -7 -7 -7 -7 -6 -6 -6 -6 -6 -6 -6 -6 -6 -6 -6 -6 -6 -6 -6 -6 -6 -6 -5 -5 -5 -5 -5 -5 -5 -5 -5 -5 -5 -5 -5 -5 -5 -5 -5 -5 -4 -4 -4 -4 -3 -3 -3 -3 -3 -3 -3 -3 -3 -3 -3 -3 -3 -3 -3 -3 -3 -3 -2 -2 -2 -2 -2 -3 -3 -3 -3 -3 -3 -3 -3 -4 -4 -4 -4 -4 -4 -4 -4 -4 -4 -4 -4 -4 -4 -5 -5 -5 -5 -4 -4 -4 -4 -4 -4 -3 -3 -3 -3 -3 -3 -3 -3 -3 -3 -3 -3 -3 -3 -3 -3 -3 -3 -3 -3 -3 -3 -3 -3 -2 -2 -1 -1 -1 -1 0 0 0 0 0 0 0 0 0 0 1 1 
SNR of 5G
9 9 9 9 9 9 9 9 9 9 9 9 8 8 7 7 7 7 7 7 2 2 3 3 3 3 3 3 3 3 3 3 2 2 0 0 1 1 2 2 0 0 0 0 0 0 -1 -1 -4 -5 4 4 4 4 4 4 4 4 4 4 4 4 4 4 4 4 4 4 4 4 4 4 4 4 4 4 5 5 0 0 -1 -1 -1 -1 0 0 0 0 0 0 -1 -1 5 5 5 5 5 5 6 6 7 7 7 7 7 7 6 6 6 6 6 6 6 6 6 6 6 7 7 7 4 4 0 0 -1 -1 -1 -1 -2 -2 -1 -1 -3 -3 -3 -3 -2 -2 -2 -2 0 0 0 -2 -2 -2 -2 -4 -4 -4 -4 -4 0 0 3 3 4 4 3 3 0 0 -1 -1 0 0 0 0 0 1 1 0 0 1 1 1 0 -4 -4 -7 -7 0 -1 0 0 0 0 -1 -1 0 0 0 0 2 2 3 3 3 3 3 3 3 3 0 0 0 0 0 4 4 4 4 0 0 0 0 0 0 -4 -4 -5 -5 -4 -4 -3 -3 -5 -5 0 0 -1 -1 -1 -1 -2 -2 0 0 -1 -1 -2 -2 0 0 0 0 0 0 0 0 -2 -2 -1 -1 -2 -2 -2 -2 -2 -2 -2 -2 -3 -4 6 6 0 0 0 0 0 0 -2 -2 -3 -3 -4 0 0 5 5 5 5 5 5 5 5 4 4 4 4 1 1 1 1 2 2 3 3 3 3 0 0 -2 -2 4 4 3 3 3 3 3 3 3 3 3 3 3 3 3 3 2 2 3 3 2 2 3 3 5 5 5 5 5 5 5 5 7 7 7 7 5 5 5 5 9 9 9 9 9 9 10 10 
RSSI
-51 -51 -51 -51 -51 -51 -51 -51 -51 -51 -51 -51 -51 -51 -51 -51 -51 -51 -51 -51 -51 -51 -51 -51 -51 -51 -51 -51 -51 -51 -51 -51 -51 -51 -51 -51 -51 -51 -51 -51 -51 -51 -51 -51 -51 -51 -51 -51 -51 -51 -51 -51 -51 -51 -51 -51 -51 -51 -51 -51 -51 -51 -51 -51 -51 -51 -51 -51 -51 -51 -51 -51 -51 -51 -51 -51 -51 -51 -51 -51 -51 -51 -51 -51 -51 -51 -51 -51 -51 -51 -51 -51 -51 -51 -51 -51 -51 -51 -51 -51 -51 -51 -51 -51 -51 -51 -51 -51 -51 -51 -51 -51 -51 -51 -51 -51 -51 -51 -51 -51 -51 -51 -51 -51 -51 -51 -51 -51 -51 -51 -51 -51 -51 -51 -51 -51 -51 -51 -51 -51 -51 -51 -51 -51 -51 -51 -51 -51 -51 -51 -51 -51 -51 -51 -51 -51 -51 -51 -51 -51 -51 -51 -51 -51 -51 -51 -51 -51 -51 -51 -51 -51 -51 -51 -51 -51 -51 -51 -51 -51 -51 -51 -51 -51 -51 -51 -51 -51 -51 -51 -51 -51 -51 -51 -51 -51 -51 -51 -51 -51 -51 -51 -51 -51 -51 -51 -51 -51 -51 -51 -51 -51 -51 -51 -51 -51 -51 -51 -51 -51 -51 -51 -51 -51 -51 -51 -51 -51 -51 -51 -51 -51 -51 -51 -51 -51 -51 -51 -51 -51 -51 -51 -51 -51 -51 -51 -51 -51 -51 -51 -51 -51 -51 -51 -51 -51 -51 -51 -51 -51 -51 -51 -51 -51 -51 -51 -51 -51 -51 -51 -51 -51 -51 -51 -51 -51 -51 -51 -51 -51 -51 -51 -51 -51 -51 -51 -51 -51 -51 -51 -51 -51 -51 -51 -51 -51 -51 -51 -51 -51 -51 -51 -51 -51 -51 -51 -51 -51 -51 -51 -51 -51 -51 -51 -51 -51 -51 -51 -51 -51 -51 -51 -51 -51 -51 -51 -51 -51 -51 -51 -51 -51 -51 -51 -51 -51 -51 -51 -51 -51 -51 -51 -51 -51 -51 -51 -51 -51 -51 -51 -51 -51 -51 
RSRP
-80 -80 -80 -80 -80 -80 -80 -80 -80 -80 -80 -80 -77 -77 -77 -77 -77 -77 -77 -77 -77 -77 -77 -77 -77 -77 -77 -77 -77 -77 -77 -77 -77 -77 -76 -76 -76 -76 -77 -77 -77 -77 -77 -77 -77 -77 -78 -78 -78 -78 -78 -78 -78 -78 -78 -78 -78 -78 -78 -78 -78 -78 -78 -78 -80 -80 -79 -79 -79 -79 -79 -79 -79 -79 -79 -79 -79 -79 -79 -79 -79 -79 -79 -79 -79 -79 -79 -79 -79 -79 -79 -79 -79 -79 -79 -79 -79 -79 -78 -78 -78 -78 -77 -77 -77 -77 -77 -77 -77 -77 -77 -77 -76 -76 -76 -76 -76 -75 -75 -75 -75 -75 -74 -74 -74 -74 -73 -73 -73 -73 -73 -73 -73 -73 -73 -73 -73 -73 -74 -74 -74 -74 -74 -74 -74 -74 -74 -74 -74 -76 -76 -76 -76 -76 -76 -76 -76 -76 -76 -76 -76 -77 -77 -77 -77 -77 -77 -77 -76 -76 -76 -76 -76 -76 -76 -76 -76 -76 -76 -76 -76 -76 -76 -76 -76 -74 -74 -74 -74 -74 -74 -74 -74 -72 -72 -73 -73 -73 -73 -72 -72 -72 -72 -73 -73 -73 -75 -76 -76 -76 -76 -79 -79 -79 -79 -79 -81 -81 -81 -81 -80 -80 -80 -80 -80 -80 -80 -80 -80 -80 -80 -80 -80 -80 -80 -80 -80 -80 -80 -80 -80 -80 -80 -80 -80 -79 -79 -79 -79 -79 -78 -78 -78 -78 -78 -78 -78 -78 -77 -77 -77 -77 -77 -77 -77 -77 -77 -77 -77 -77 -78 -78 -78 -78 -78 -78 -78 -78 -78 -78 -78 -78 -78 -78 -78 -78 -78 -79 -79 -79 -79 -79 -79 -79 -79 -79 -79 -79 -79 -79 -79 -79 -79 -79 -79 -78 -78 -78 -78 -78 -78 -77 -77 -77 -77 -77 -77 -77 -77 -77 -77 -77 -77 -77 -77 -77 -77 -77 -77 -77 -77 -77 -77 -77 -77 -77 -77 -77 -77 -77 -77 -76 -76 -76 -76 -76 -76 -76 -76 -76 -76 -75 -75 
CID
13792258 13792258 13792258 13792258 13792258 13792258 13792258 13792258 13792258 13792258 13792258 13792258 13792258 13792258 13792258 13792258 13792258 13792258 13792258 13792258 13792258 13792258 13792258 13792258 13792258 13792258 13792258 13792258 13792258 13792258 13792258 13792258 13792258 13792258 13792258 13792258 13792258 13792258 13792258 13792258 13792258 13792258 13792258 13792258 13792258 13792258 13792258 13792258 13792258 13792258 13792258 13792258 13792258 13792258 13792258 13792258 13792258 13792258 13792258 13792258 13792258 13792258 13792258 13792258 13792258 13792258 13792258 13792258 13792258 13792258 13792258 13792258 13792258 13792258 13792258 13792258 13792258 13792258 13792258 13792258 13792258 13792258 13792258 13792258 13792258 13792258 13792258 13792258 13792258 13792258 13792258 13792258 13792258 13792513 13792513 13792513 13792513 13792513 13792513 13769739 13769739 13769739 13769739 13769739 13769739 13769739 13769739 13769739 13769739 13769739 13769739 13769739 13769739 13769739 13769739 13769739 13769739 13769739 13769739 13769739 13769739 13769739 13769739 13769739 13769739 13769739 13769739 13769739 13769739 13769739 13769739 13769739 13769739 13769739 13769739 13769739 13769739 13769739 13769739 13769739 13769739 13769739 13769739 13769739 13769739 13769739 13769739 13769739 13769739 13769739 13769739 13769739 13769739 13769739 13754890 13754890 13754890 13754890 13754890 13754890 13754890 13754890 13792258 13792258 13792258 13792258 13792258 13792258 13754890 13754890 13754890 13754890 13754890 13754890 13754890 13754890 13769739 13769739 13769739 13769739 13769739 13769739 13769739 13769739 13769739 13769739 13769739 13769739 13769739 13769739 13769739 13769739 13769739 13769739 13769739 13769739 13769739 13769739 13769739 13792523 13792523 13792523 13792523 13792523 13792523 13792523 13792523 13792523 13792523 13792523 13792523 13792523 13792523 13792523 13792523 13792523 13792513 13754890 13754890 13754890 13754890 13754890 13754890 13754890 13792257 13769739 13769739 13769739 13769739 13769739 13769739 13769739 13769739 13769739 13769739 13769739 13792258 13792258 13792258 13792258 13792258 13792258 13792258 13792258 13792258 13792258 13792258 13792258 13792258 13792258 13792258 13792258 13792258 13792258 13792258 13792258 13792258 13792258 13792258 13792258 13792258 13792258 13792258 13792258 13792258 13792258 13792258 13792258 13792258 13792258 13792258 13792258 13792258 13792258 13792258 13792258 13792258 13792258 13792258 13792258 13792258 13792258 13792258 13792258 13792258 13792258 13792258 13792258 13792258 13792258 13792258 13769739 13769739 13769739 13769739 13769739 13769739 13769739 13769739 13769739 13769739 13769739 13769739 13769739 13769739 13792258 13792258 13792258 13792258 13792258 13792258 13792258 13792258 13792258 13792258 13792258 13792258 13792258 13792258 13792258 13792258 13792258 13792258 13792258 13792258 13792258 13792258 13792258 13792258 13792258 13792258 13792258 13792258 13792258 13792258 13792258 13792258 13792258 13792258 13792258 13792258 13792258 13792258 13792258 13792258 13792258 13792258 13792258 13792258 13792258 13792258 13792258 13792258 
RSRP of 5G
-82 -82 -82 -82 -82 -82 -82 -82 -82 -82 -82 -82 -80 -80 -81 -81 -81 -81 -81 -81 -83 -83 -84 -84 -84 -84 -84 -84 -84 -84 -85 -85 -84 -84 -85 -85 -85 -85 -78 -78 -81 -81 -82 -82 -86 -86 -88 -88 -115 -85 -83 -83 -83 -83 -83 -83 -83 -83 -83 -83 -83 -83 -83 -83 -80 -80 -83 -83 -82 -82 -82 -82 -82 -82 -80 -80 -84 -78 -80 -80 -81 -81 -80 -80 -80 -80 -82 -82 -83 -83 -85 -78 -82 -82 -82 -82 -82 -82 -80 -80 -82 -82 -82 -82 -78 -78 -81 -81 -81 -81 -81 -81 -80 -80 -80 -80 -80 -79 -79 -79 -85 -85 -83 -83 -85 -85 -90 -90 -83 -83 -88 -88 -93 -93 -91 -91 -100 -100 -102 -102 -102 -102 -102 -85 -85 -93 -93 -86 -86 -94 -94 -94 -94 -94 -86 -86 -78 -78 -81 -81 -89 -89 -84 -84 -85 -85 -84 -84 -84 -105 -81 -81 -81 -94 -94 -84 -81 -85 -85 -85 -85 -91 -78 -79 -79 -79 -79 -80 -80 -79 -79 -81 -81 -79 -79 -78 -78 -78 -78 -78 -78 -78 -78 -78 -78 -78 -78 -78 -77 -77 -77 -79 -79 -79 -79 -79 -79 -79 -95 -95 -99 -99 -89 -89 -83 -83 -82 -82 -83 -83 -84 -84 -85 -85 -86 -86 -85 -85 -82 -82 -82 -82 -82 -82 -82 -82 -80 -80 -80 -80 -79 -79 -80 -80 -81 -81 -89 -89 -81 -81 -79 -79 -91 -81 -80 -80 -80 -80 -80 -80 -82 -82 -80 -80 -86 -86 -100 -100 -100 -82 -82 -82 -82 -82 -82 -82 -82 -87 -87 -85 -85 -85 -85 -85 -85 -83 -83 -83 -83 -83 -83 -78 -78 -84 -84 -80 -80 -81 -81 -81 -81 -81 -81 -81 -81 -81 -81 -81 -81 -81 -81 -87 -87 -84 -84 -83 -83 -83 -83 -80 -80 -80 -80 -80 -80 -81 -81 -80 -80 -80 -80 -81 -81 -81 -81 -79 -79 -79 -79 -79 -79 -81 -81 
CQI
2147483647 2147483647 2147483647 2147483647 2147483647 2147483647 2147483647 2147483647 2147483647 2147483647 2147483647 2147483647 2147483647 2147483647 2147483647 2147483647 2147483647 2147483647 2147483647 2147483647 2147483647 2147483647 2147483647 2147483647 2147483647 2147483647 2147483647 2147483647 2147483647 2147483647 2147483647 2147483647 2147483647 2147483647 2147483647 2147483647 2147483647 2147483647 2147483647 2147483647 2147483647 2147483647 2147483647 2147483647 2147483647 2147483647 2147483647 2147483647 2147483647 2147483647 2147483647 2147483647 2147483647 2147483647 2147483647 2147483647 2147483647 2147483647 2147483647 2147483647 2147483647 2147483647 2147483647 2147483647 2147483647 2147483647 2147483647 2147483647 2147483647 2147483647 2147483647 2147483647 2147483647 2147483647 2147483647 2147483647 2147483647 2147483647 2147483647 2147483647 2147483647 2147483647 2147483647 2147483647 2147483647 2147483647 2147483647 2147483647 2147483647 2147483647 2147483647 2147483647 2147483647 2147483647 2147483647 2147483647 2147483647 2147483647 2147483647 2147483647 2147483647 2147483647 2147483647 2147483647 2147483647 2147483647 2147483647 2147483647 2147483647 2147483647 2147483647 2147483647 2147483647 2147483647 2147483647 2147483647 2147483647 2147483647 2147483647 2147483647 2147483647 2147483647 2147483647 2147483647 2147483647 2147483647 2147483647 2147483647 2147483647 2147483647 2147483647 2147483647 2147483647 2147483647 2147483647 2147483647 2147483647 2147483647 2147483647 2147483647 2147483647 2147483647 2147483647 2147483647 2147483647 2147483647 2147483647 2147483647 2147483647 2147483647 2147483647 2147483647 2147483647 2147483647 2147483647 2147483647 2147483647 2147483647 2147483647 2147483647 2147483647 2147483647 2147483647 2147483647 2147483647 2147483647 2147483647 2147483647 2147483647 2147483647 2147483647 2147483647 2147483647 2147483647 2147483647 2147483647 2147483647 2147483647 2147483647 2147483647 2147483647 2147483647 2147483647 2147483647 2147483647 2147483647 2147483647 2147483647 2147483647 2147483647 2147483647 2147483647 2147483647 2147483647 2147483647 2147483647 2147483647 2147483647 2147483647 2147483647 2147483647 2147483647 2147483647 2147483647 2147483647 2147483647 2147483647 2147483647 2147483647 2147483647 2147483647 2147483647 2147483647 2147483647 2147483647 2147483647 2147483647 2147483647 2147483647 2147483647 2147483647 2147483647 2147483647 2147483647 2147483647 2147483647 2147483647 2147483647 2147483647 2147483647 2147483647 2147483647 2147483647 2147483647 2147483647 2147483647 2147483647 2147483647 2147483647 2147483647 2147483647 2147483647 2147483647 2147483647 2147483647 2147483647 2147483647 2147483647 2147483647 2147483647 2147483647 2147483647 2147483647 2147483647 2147483647 2147483647 2147483647 2147483647 2147483647 2147483647 2147483647 2147483647 2147483647 2147483647 2147483647 2147483647 2147483647 2147483647 2147483647 2147483647 2147483647 2147483647 2147483647 2147483647 2147483647 2147483647 2147483647 2147483647 2147483647 2147483647 2147483647 2147483647 2147483647 2147483647 2147483647 2147483647 2147483647 2147483647 2147483647 2147483647 2147483647 2147483647 2147483647 2147483647 2147483647 2147483647 2147483647 2147483647 2147483647 2147483647 2147483647 2147483647 2147483647 2147483647 2147483647 2147483647 2147483647 2147483647 2147483647 2147483647 2147483647 2147483647 2147483647 2147483647 2147483647 2147483647 2147483647 2147483647 2147483647 2147483647 2147483647 2147483647 2147483647 2147483647 2147483647 2147483647 2147483647 2147483647 2147483647 2147483647 2147483647 2147483647 2147483647 2147483647 2147483647 2147483647 2147483647 2147483647 2147483647 2147483647 2147483647 2147483647 2147483647 2147483647 2147483647 2147483647 2147483647 2147483647 2147483647 2147483647 2147483647 2147483647 2147483647 
Altitude
-62.74343490600586 -62.2308349609375 -61.60725784301758 -60.645469665527344 -59.78937530517578 -59.197505950927734 -58.48408889770508 -57.89221954345703 -56.75604248046875 -55.51417541503906 -53.75442123413086 -51.307674407958984 -49.00889587402344 -47.027191162109375 -44.87109375 -43.00564956665039 -41.0556526184082 -39.174354553222656 -37.02882766723633 -34.97313690185547 -33.03899383544922 -31.221107482910156 -29.223548889160156 -27.50078582763672 -25.244285583496094 -23.436969757080078 -21.497539520263672 -19.410144805908203 -17.439006805419922 -15.58941650390625 -13.565434455871582 -11.742265701293945 -9.792266845703125 -7.889829635620117 -5.622758865356445 -3.5195088386535645 -1.6434943675994873 0.40426790714263916 2.290851593017578 4.232922554016113 6.447148323059082 8.309951782226562 10.386778831481934 12.579866409301758 14.5457181930542 16.458724975585938 18.23961639404297 20.342866897583008 22.49896240234375 24.647130966186523 26.54956817626953 28.726802825927734 31.086353302001953 32.83553695678711 34.94935607910156 37.01297378540039 38.97089767456055 40.8759765625 42.849754333496094 44.67292404174805 46.292640686035156 47.323123931884766 48.16072463989258 49.00096893310547 49.59019470214844 50.155643463134766 50.73430252075195 51.26539993286133 51.4371452331543 51.939178466796875 52.348731994628906 52.084503173828125 52.507266998291016 52.69486999511719 52.73186111450195 53.114990234375 52.69486999511719 52.46763229370117 51.384300231933594 50.4621467590332 47.99161911010742 45.00849533081055 43.972721099853516 43.21174621582031 41.887969970703125 40.37923049926758 38.97618103027344 37.480655670166016 35.7552490234375 34.31521224975586 33.303218841552734 31.102205276489258 29.833913803100586 28.459932327270508 26.665828704833984 25.527008056640625 25.112171173095703 24.898147583007812 23.11725425720215 22.459327697753906 21.97050666809082 21.72213363647461 21.36014175415039 20.947948455810547 21.899166107177734 21.933515548706055 22.535953521728516 22.657499313354492 22.74733543395996 22.81867790222168 22.615222930908203 22.81867790222168 22.40119743347168 22.42761993408203 22.403841018676758 22.385345458984375 22.274368286132812 22.06827163696289 21.989004135131836 22.21359634399414 22.29814910888672 22.958717346191406 22.649572372436523 23.687986373901367 24.29570770263672 26.163795471191406 29.051801681518555 26.465015411376953 27.490217208862305 29.022735595703125 31.030864715576172 32.02964401245117 34.31256866455078 36.439598083496094 37.99589920043945 39.771507263183594 41.256465911865234 43.30686950683594 43.536746978759766 44.625362396240234 45.465606689453125 46.69690704345703 45.79324722290039 45.42068862915039 45.42597198486328 46.324344635009766 45.764183044433594 46.79731369018555 46.6519889831543 46.58857345581055 46.7867431640625 47.48694610595703 46.11560821533203 50.56255340576172 50.612754821777344 49.76722717285156 48.728816986083984 48.42230987548828 48.42230987548828 48.644264221191406 49.0458869934082 49.0670280456543 49.34975051879883 49.04324722290039 48.5676383972168 48.49365234375 49.587554931640625 50.158287048339844 50.31682205200195 50.33267593383789 49.83328628540039 48.50422286987305 46.37190628051758 45.48410415649414 43.523536682128906 40.15463638305664 39.977603912353516 38.57191467285156 36.53472137451172 37.22171401977539 33.847530364990234 32.97557830810547 33.511959075927734 30.713790893554688 28.11115264892578 27.572128295898438 27.181072235107422 25.06460952758789 24.562578201293945 23.460750579833984 23.17802619934082 22.448759078979492 22.10262107849121 21.737987518310547 21.212175369262695 20.866037368774414 19.62681007385254 19.547542572021484 19.66115951538086 19.587177276611328 20.646728515625 20.747135162353516 21.127622604370117 20.984939575195312 21.135549545288086 21.050996780395508 20.75770378112793 20.762989044189453 20.887174606323242 20.913597106933594 20.622947692871094 20.46441078186035 20.744491577148438 21.90180778503418 22.372133255004883 22.514816284179688 24.007699966430664 26.3857479095459 28.441436767578125 30.050580978393555 29.30545997619629 31.136554718017578 32.82232666015625 34.4948844909668 36.58756637573242 39.21662902832031 41.18247985839844 41.73471450805664 42.78634262084961 43.76926803588867 44.3188591003418 44.757476806640625 45.394264221191406 45.824954986572266 46.1525993347168 46.4141845703125 46.69162368774414 47.05625534057617 47.33369445800781 47.85422134399414 47.70361328125 47.872718811035156 48.04182434082031 48.27170181274414 49.56113052368164 50.03938293457031 50.18735122680664 51.15177917480469 51.20991134643555 51.48470687866211 51.33409881591797 51.31031799316406 51.175559997558594 51.25747299194336 51.55076217651367 51.83877182006836 51.867835998535156 52.071292877197266 52.11885452270508 52.089786529541016 52.18755340576172 52.10035705566406 52.42007064819336 51.95503234863281 51.371089935302734 51.091007232666016 51.077796936035156 49.296905517578125 47.53715133666992 46.472312927246094 45.1326789855957 43.92251968383789 41.77170944213867 41.20097732543945 40.13349914550781 38.24163055419922 37.52821731567383 35.87943649291992 33.871307373046875 32.95444107055664 30.47863006591797 28.621110916137695 27.907697677612305 26.91948699951172 25.778024673461914 24.18473243713379 21.767051696777344 21.518678665161133 19.15384292602539 16.926406860351562 15.375391960144043 14.2180757522583 13.768889427185059 12.265435218811035 10.389421463012695 8.97052001953125 8.243894577026367 6.042880535125732 4.9331254959106445 3.3371920585632324 1.6804862022399902 -0.05284547805786133 -1.2841451168060303 -3.5195088386535645 -2.9752004146575928 -4.454874038696289 -8.080073356628418 -8.587389945983887 -10.722347259521484 -12.270719528198242 -12.59836196899414 -13.021125793457031 -15.652830123901367 -17.904048919677734 -18.25811195373535 -20.033720016479492 -22.147539138793945 -23.695911407470703 -25.08574867248535 -26.3857479095459 -28.399160385131836 -29.249971389770508 -30.58167839050293 -32.008506774902344 -33.31907272338867 -34.54508972167969 -35.24793243408203 -36.68532943725586 -38.78858184814453 -40.548336029052734 -41.874755859375 -42.0544319152832 -43.57109832763672 -44.79182815551758 -46.42475128173828 -47.893856048583984 -49.960113525390625 -52.71336364746094 -54.346290588378906 -53.727996826171875 -55.070274353027344 -57.067832946777344 -59.10238265991211 -59.80522918701172 -61.903194427490234 -62.85969543457031 -63.330020904541016 -63.060508728027344 -62.85441207885742 -62.74343490600586 -63.42514419555664 -63.86904525756836 -63.86376190185547 