LTE(1) or 5G(2)
2 2 2 2 2 2 2 2 2 2 2 2 2 2 2 2 2 2 2 2 2 2 1 1 1 2 2 2 2 2 2 2 2 2 2 2 2 2 2 2 2 2 2 2 2 2 2 2 2 2 1 1 2 2 2 2 2 2 2 2 2 2 2 2 2 2 2 2 2 2 2 2 2 2 2 2 2 2 2 2 2 2 2 2 2 2 2 2 2 2 2 2 2 2 2 2 2 2 2 1 1 1 1 1 1 1 1 1 1 2 2 2 2 1 1 1 1 1 2 2 2 2 2 2 2 2 2 2 2 2 2 2 2 2 2 2 2 2 2 2 2 2 2 2 2 2 2 2 2 2 2 2 2 2 2 2 2 2 2 2 2 2 2 2 2 2 2 2 2 2 2 2 1 1 2 2 2 2 2 2 2 2 2 2 2 2 2 2 2 2 2 2 2 2 2 2 2 2 2 2 2 2 2 2 2 2 1 2 2 2 2 2 2 2 2 2 2 2 2 2 2 2 2 2 2 2 2 2 2 2 2 2 2 2 2 2 2 2 2 2 2 2 2 2 2 2 2 2 2 2 2 2 2 2 2 2 2 2 2 2 2 2 2 2 2 2 2 2 2 2 2 2 2 2 2 2 2 2 2 2 2 2 2 2 2 2 2 2 2 2 2 2 2 2 2 2 2 
SNR of LTE
5 5 5 5 4 4 3 2 2 2 2 2 2 2 1 1 1 1 1 1 1 1 1 1 1 0 0 0 0 0 0 0 0 0 0 0 0 0 -1 -1 -1 -1 -1 -1 -1 -1 -1 -1 -1 -1 -1 -1 -1 -1 -1 -1 -1 -1 -2 -2 -2 -2 -2 -2 -2 -2 -2 -2 -2 -2 -2 -2 -3 -4 -4 -4 -4 -4 -4 -4 -4 -4 -4 -4 -4 -4 -4 -4 -4 -4 -4 -3 -3 -3 -3 -3 -3 -3 -3 -3 -3 -3 -3 -3 -3 -3 -3 -3 -3 -2 -2 -2 -2 -3 -3 -3 -3 -3 -3 -3 -3 -3 -3 -3 -3 -3 -3 -3 -3 -3 -3 -3 -3 -3 -3 -4 -4 -4 -4 -3 -2 -2 -2 -2 -2 -2 -1 -1 -1 -1 -1 -1 -1 -1 -1 -1 -1 -1 0 0 0 0 1 1 1 1 1 1 2 2 2 2 1 1 1 1 2 2 2 2 2 1 1 1 1 0 0 -1 -1 -1 -1 -1 -1 -2 -2 -2 -2 -2 -2 -3 -3 -3 -4 -4 -4 -4 -4 -4 -4 -4 -4 -4 -4 -4 -4 -4 -4 -4 -4 -4 -4 -4 -4 -4 -5 -5 -5 -5 -5 -4 -4 -4 -4 -4 -4 -4 -4 -4 -4 -4 -4 -4 -4 -4 -4 -4 -4 -3 -3 -3 -3 -3 -3 -3 -3 -3 -3 -3 -2 -2 -2 -2 -2 -2 -2 -2 -1 -1 -1 -1 0 0 0 0 0 0 0 0 0 0 0 0 0 0 1 1 1 1 2 2 2 2 3 3 3 3 3 
SNR of 5G
7 7 7 7 2 2 1 1 4 4 4 4 4 4 1 1 -1 -1 -2 -2 -2 -2 0 0 0 0 0 0 0 -1 -2 -2 -3 -3 -2 -2 -2 -2 -2 -2 -3 -3 -3 -3 -3 -3 -2 -2 -2 -2 0 0 -4 -4 4 4 4 4 2 2 3 3 3 3 3 3 3 3 3 3 3 3 2 2 1 1 -2 -2 -3 -3 -3 -3 -3 -3 -3 -3 1 1 1 1 1 1 -1 -1 -3 -3 0 0 0 0 0 0 0 0 0 0 0 0 0 -2 -2 -3 -3 0 0 0 0 0 0 0 0 0 -2 -2 -2 -2 1 1 0 0 0 0 -3 -5 6 6 4 4 6 6 6 6 5 5 7 7 10 10 6 6 8 8 7 7 6 6 5 5 5 5 2 0 4 4 4 4 1 1 -1 -1 -3 -3 0 0 -5 -5 2 2 1 1 -3 -1 1 1 2 2 2 2 2 2 2 2 2 2 1 1 0 0 0 0 -2 -3 3 3 1 1 0 -2 1 1 2 2 2 2 2 2 1 1 2 2 1 1 1 1 0 0 0 0 1 1 4 4 6 6 6 6 6 6 6 6 6 6 6 6 6 6 6 6 6 6 6 6 6 6 1 1 2 2 -2 -2 -1 -1 -1 -1 2 2 0 0 -1 -1 -1 -1 -2 -2 1 1 4 4 4 4 4 4 8 8 10 9 6 6 4 4 5 5 4 4 -1 -1 9 
RSSI
-51 -51 -51 -51 -51 -51 -51 -51 -51 -51 -51 -51 -51 -51 -51 -51 -51 -51 -51 -51 -51 -51 -51 -51 -51 -51 -51 -51 -51 -51 -51 -51 -51 -51 -51 -51 -51 -51 -51 -51 -51 -51 -51 -51 -51 -51 -51 -51 -51 -51 -51 -51 -51 -51 -51 -51 -51 -51 -51 -51 -51 -51 -51 -51 -51 -51 -51 -51 -51 -51 -51 -51 -51 -51 -51 -51 -51 -51 -51 -51 -51 -51 -51 -51 -51 -51 -51 -51 -51 -51 -51 -51 -51 -51 -51 -51 -51 -51 -51 -51 -51 -51 -51 -51 -51 -51 -51 -51 -51 -51 -51 -51 -51 -51 -51 -51 -51 -51 -51 -51 -51 -51 -51 -51 -51 -51 -51 -51 -51 -51 -51 -51 -51 -51 -51 -51 -51 -51 -51 -51 -51 -51 -51 -51 -51 -51 -51 -51 -51 -51 -51 -51 -51 -51 -51 -51 -51 -51 -51 -51 -51 -51 -51 -51 -51 -51 -51 -51 -51 -51 -51 -51 -51 -51 -51 -51 -51 -51 -51 -51 -51 -51 -51 -51 -51 -51 -51 -51 -51 -51 -51 -51 -51 -51 -51 -51 -51 -51 -51 -51 -51 -51 -51 -51 -51 -51 -51 -51 -51 -51 -51 -51 -51 -51 -51 -51 -51 -51 -51 -51 -51 -51 -51 -51 -51 -51 -51 -51 -51 -51 -51 -51 -51 -51 -51 -51 -51 -51 -51 -51 -51 -51 -51 -51 -51 -51 -51 -51 -51 -51 -51 -51 -51 -51 -51 -51 -51 -51 -51 -51 -51 -51 -51 -51 -51 -51 -51 -51 -51 -51 -51 -51 -51 -51 -51 -51 -51 -51 -51 -51 -51 -51 -51 -51 -51 -51 -51 -51 -51 -51 -51 -51 -51 -51 -51 -51 -51 
RSRP
-76 -76 -76 -76 -75 -75 -75 -75 -75 -75 -75 -75 -75 -75 -75 -75 -75 -75 -75 -75 -75 -75 -75 -75 -75 -75 -75 -75 -75 -75 -75 -75 -75 -75 -75 -75 -75 -75 -76 -76 -76 -76 -76 -76 -76 -76 -76 -76 -76 -76 -76 -76 -76 -76 -76 -76 -76 -76 -76 -76 -76 -76 -76 -76 -76 -76 -76 -76 -76 -76 -76 -76 -76 -75 -75 -75 -75 -75 -75 -75 -76 -76 -76 -76 -76 -76 -76 -76 -76 -76 -76 -76 -76 -76 -76 -76 -76 -76 -76 -76 -76 -76 -76 -76 -75 -75 -75 -75 -75 -74 -74 -74 -74 -74 -74 -74 -74 -74 -73 -73 -73 -73 -73 -73 -73 -73 -73 -73 -74 -74 -74 -75 -75 -75 -75 -75 -75 -75 -75 -74 -74 -74 -74 -74 -74 -74 -72 -72 -72 -72 -72 -72 -72 -72 -71 -71 -71 -71 -69 -69 -69 -69 -67 -67 -67 -67 -67 -67 -66 -66 -66 -66 -67 -67 -67 -67 -67 -67 -67 -67 -67 -67 -68 -68 -68 -69 -69 -71 -71 -71 -72 -72 -72 -75 -75 -75 -75 -75 -75 -76 -76 -76 -77 -77 -77 -77 -77 -76 -76 -76 -76 -76 -76 -76 -76 -76 -76 -76 -77 -77 -77 -77 -77 -77 -77 -77 -77 -77 -77 -76 -76 -76 -76 -76 -77 -77 -77 -77 -77 -77 -77 -77 -77 -77 -77 -77 -77 -77 -77 -77 -77 -77 -77 -77 -78 -78 -78 -78 -78 -78 -78 -78 -78 -78 -78 -78 -77 -77 -77 -77 -77 -77 -76 -76 -76 -76 -76 -76 -76 -76 -76 -76 -76 -76 -75 -75 -75 -75 -74 -74 -74 -74 -74 -74 -74 -74 -74 
CID
13792258 13792258 13792258 13792258 13792258 13792258 13792258 13792258 13792258 13792258 13792258 13792258 13792258 13792258 13792258 13792258 13792258 13792258 13792258 13792258 13792258 13792258 13792258 13792258 13792258 13792258 13792258 13792258 13792258 13792258 13792258 13792258 13792258 13792258 13792258 13792258 13792258 13792258 13792258 13792258 13792258 13792258 13792258 13792258 13792258 13792258 13792258 13792258 13792258 13792258 13792258 13792258 13792258 13792258 13792513 13792513 13792513 13792513 13792513 13792513 13792513 13792513 13792513 13792513 13792513 13792513 13792513 13792513 13792513 13792513 13792513 13792513 13792513 13792513 13792513 13792513 13769739 13769739 13769739 13769739 13769739 13769739 13769739 13769739 13769739 13769739 13769739 13769739 13769739 13769739 13769739 13769739 13769739 13769739 13769739 13769739 13769739 13769739 13769739 13769739 13769739 13769739 13769739 13769739 13769739 13769739 13769739 13769739 13769739 13769739 13769739 13769739 13769739 13769739 13769739 13769739 13769739 13769739 13769739 13769739 13769739 13769739 13769739 13769739 13769739 13769739 13769739 13769739 13769739 13769739 13769739 13769739 13769739 13769739 13769739 13769739 13769739 13769739 13769739 13769739 13769739 13769739 13769739 13769739 13769739 13769739 13769739 13769739 13769739 13769739 13769739 13769739 13769739 13769739 13769739 13769739 13769739 13769739 13769739 13769739 13769739 13769739 13769739 13769739 13769739 13769739 13769739 13769739 13769739 13769739 13769739 13769739 13769739 13769739 13769739 13769739 13769739 13769739 13769739 13769739 13769739 13769739 13769739 13769739 13769739 13769739 13769739 13769739 13769739 13769739 13769739 13769739 13769739 13769739 13769739 13769739 13769739 13769739 13769739 13792257 13792257 13792257 13792257 13792257 13792513 13792513 13792513 13754890 13754890 13754890 13754890 13754890 13754890 13754890 13769739 13769739 13769739 13769739 13769739 13769739 13769739 13769739 13769739 13769739 13769739 13769739 13769739 13769739 13769739 13769739 13792258 13792258 13792258 13792258 13792258 13792258 13792258 13792258 13792258 13792258 13792258 13792258 13792258 13792258 13792258 13792258 13792258 13792258 13792258 13792258 13792258 13792258 13792258 13792258 13792258 13792258 13792258 13792258 13792258 13792258 13792258 13792258 13792258 13792258 13792258 13792258 13792258 13792258 13792258 13792258 13792258 13792258 13792258 13792258 13792258 13792258 13792258 13792258 13792258 13792258 13792258 13792258 13792258 13792258 13792258 13792258 13792258 13792258 13792258 13792258 13792258 13792258 13792258 13792258 13792258 13792258 13792258 
RSRP of 5G
-88 -88 -88 -88 -86 -86 -78 -78 -81 -81 -81 -81 -81 -81 -85 -85 -91 -91 -93 -93 -98 -98 -98 -98 -98 -86 -86 -94 -83 -86 -87 -87 -92 -92 -87 -87 -84 -84 -87 -87 -90 -90 -90 -90 -90 -90 -84 -84 -96 -96 -96 -96 -87 -87 -85 -85 -85 -85 -83 -83 -82 -82 -82 -82 -82 -82 -82 -82 -82 -82 -82 -82 -84 -84 -82 -82 -88 -88 -83 -83 -89 -89 -92 -92 -87 -87 -87 -87 -84 -84 -84 -85 -98 -98 -111 -111 -82 -82 -88 -88 -88 -88 -88 -88 -88 -88 -88 -88 -88 -92 -92 -90 -90 -90 -90 -90 -90 -90 -87 -87 -87 -87 -91 -91 -99 -99 -85 -85 -102 -102 -85 -85 -84 -79 -79 -79 -83 -83 -80 -80 -88 -88 -81 -81 -76 -76 -74 -74 -91 -91 -70 -70 -77 -77 -85 -85 -80 -80 -80 -80 -82 -79 -78 -78 -78 -78 -81 -81 -82 -82 -83 -83 -83 -83 -83 -78 -79 -79 -79 -79 -87 -80 -80 -80 -78 -78 -78 -77 -77 -77 -77 -77 -78 -78 -78 -78 -79 -79 -82 -82 -95 -81 -80 -80 -121 -121 -121 -83 -85 -85 -84 -84 -84 -84 -84 -84 -84 -84 -83 -83 -83 -83 -83 -83 -82 -82 -85 -85 -80 -80 -78 -78 -74 -74 -74 -74 -74 -74 -74 -74 -74 -74 -74 -74 -74 -74 -76 -76 -76 -76 -76 -76 -76 -76 -82 -82 -80 -80 -87 -87 -98 -98 -100 -81 -85 -85 -87 -87 -90 -90 -91 -91 -83 -83 -84 -84 -84 -84 -85 -85 -85 -85 -88 -88 -85 -81 -79 -79 -81 -81 -80 -80 -82 -82 -86 -86 -88 
CQI
2147483647 2147483647 2147483647 2147483647 2147483647 2147483647 2147483647 2147483647 2147483647 2147483647 2147483647 2147483647 2147483647 2147483647 2147483647 2147483647 2147483647 2147483647 2147483647 2147483647 2147483647 2147483647 2147483647 2147483647 2147483647 2147483647 2147483647 2147483647 2147483647 2147483647 2147483647 2147483647 2147483647 2147483647 2147483647 2147483647 2147483647 2147483647 2147483647 2147483647 2147483647 2147483647 2147483647 2147483647 2147483647 2147483647 2147483647 2147483647 2147483647 2147483647 2147483647 2147483647 2147483647 2147483647 2147483647 2147483647 2147483647 2147483647 2147483647 2147483647 2147483647 2147483647 2147483647 2147483647 2147483647 2147483647 2147483647 2147483647 2147483647 2147483647 2147483647 2147483647 2147483647 2147483647 2147483647 2147483647 2147483647 2147483647 2147483647 2147483647 2147483647 2147483647 2147483647 2147483647 2147483647 2147483647 2147483647 2147483647 2147483647 2147483647 2147483647 2147483647 2147483647 2147483647 2147483647 2147483647 2147483647 2147483647 2147483647 2147483647 2147483647 2147483647 2147483647 2147483647 2147483647 2147483647 2147483647 2147483647 2147483647 2147483647 2147483647 2147483647 2147483647 2147483647 2147483647 2147483647 2147483647 2147483647 2147483647 2147483647 2147483647 2147483647 2147483647 2147483647 2147483647 2147483647 2147483647 2147483647 2147483647 2147483647 2147483647 2147483647 2147483647 2147483647 2147483647 2147483647 2147483647 2147483647 2147483647 2147483647 2147483647 2147483647 2147483647 2147483647 2147483647 2147483647 2147483647 2147483647 2147483647 2147483647 2147483647 2147483647 2147483647 2147483647 2147483647 2147483647 2147483647 2147483647 2147483647 2147483647 2147483647 2147483647 2147483647 2147483647 2147483647 2147483647 2147483647 2147483647 2147483647 2147483647 2147483647 2147483647 2147483647 2147483647 2147483647 2147483647 2147483647 2147483647 2147483647 2147483647 2147483647 2147483647 2147483647 2147483647 2147483647 2147483647 2147483647 2147483647 2147483647 2147483647 2147483647 2147483647 2147483647 2147483647 2147483647 2147483647 2147483647 2147483647 2147483647 2147483647 2147483647 2147483647 2147483647 2147483647 2147483647 2147483647 2147483647 2147483647 2147483647 2147483647 2147483647 2147483647 2147483647 2147483647 2147483647 2147483647 2147483647 2147483647 2147483647 2147483647 2147483647 2147483647 2147483647 2147483647 2147483647 2147483647 2147483647 2147483647 2147483647 2147483647 2147483647 2147483647 2147483647 2147483647 2147483647 2147483647 2147483647 2147483647 2147483647 2147483647 2147483647 2147483647 2147483647 2147483647 2147483647 2147483647 2147483647 2147483647 2147483647 2147483647 2147483647 2147483647 2147483647 2147483647 2147483647 2147483647 2147483647 2147483647 2147483647 2147483647 2147483647 2147483647 2147483647 2147483647 2147483647 2147483647 2147483647 2147483647 2147483647 2147483647 2147483647 2147483647 2147483647 2147483647 2147483647 2147483647 2147483647 2147483647 2147483647 2147483647 2147483647 2147483647 2147483647 2147483647 2147483647 2147483647 2147483647 2147483647 2147483647 2147483647 2147483647 2147483647 2147483647 2147483647 2147483647 2147483647 2147483647 
Altitude
-62.44750213623047 -61.480430603027344 -60.86213684082031 -60.138153076171875 -59.38246536254883 -58.130027770996094 -56.692626953125 -54.362144470214844 -52.33287811279297 -50.05523681640625 -48.306053161621094 -46.160526275634766 -44.14711380004883 -42.13370132446289 -40.125572204589844 -38.069881439208984 -35.987770080566406 -33.847530364990234 -31.744277954101562 -29.83127212524414 -27.717453002929688 -25.725177764892578 -23.870302200317383 -21.989004135131836 -19.891036987304688 -18.416648864746094 -16.958114624023438 -15.800798416137695 -14.627628326416016 -13.560150146484375 -12.926004409790039 -12.291858673095703 -11.330070495605469 -11.197957038879395 -10.870314598083496 -10.563811302185059 -10.310153007507324 -10.368282318115234 -10.0142183303833 -9.565031051635742 -9.639015197753906 -9.882104873657227 -9.22681999206543 -9.062999725341797 -9.253243446350098 -9.12641429901123 -8.666658401489258 -8.449992179870605 -6.494709014892578 -4.137801170349121 -3.8788580894470215 -2.86950945854187 -1.395120620727539 0.38841426372528076 1.8390226364135742 4.166865825653076 6.790643692016602 8.664015769958496 10.809542655944824 12.635354042053223 15.066246032714844 17.005674362182617 19.066648483276367 21.061565399169922 22.966644287109375 25.175586700439453 26.908916473388672 29.146923065185547 31.070499420166016 32.94651412963867 34.907081604003906 37.071102142333984 38.91276931762695 40.566829681396484 41.65808868408203 43.70849609375 45.21194839477539 46.13938522338867 47.19101333618164 48.04182434082031 48.5676383972168 48.84507369995117 49.40787887573242 49.574344635009766 49.86763381958008 50.02617263793945 50.29304122924805 50.54669952392578 50.47007369995117 50.6180419921875 50.578407287597656 50.52027893066406 50.98531723022461 51.4080810546875 50.03409957885742 49.455440521240234 47.64019775390625 46.08125686645508 43.600162506103516 42.60402297973633 41.108497619628906 40.79935073852539 39.04487991333008 38.611549377441406 36.36825942993164 36.44752502441406 34.46053695678711 30.68472671508789 29.39529800415039 28.887981414794922 27.57741355895996 25.587779998779297 23.838594436645508 22.805465698242188 19.552825927734375 18.72315216064453 18.19205665588379 17.409942626953125 14.799376487731934 13.914214134216309 11.583728790283203 10.283729553222656 10.093486785888672 7.004668235778809 5.192068099975586 5.033531665802002 3.4878015518188477 2.7268266677856445 1.5747952461242676 0.16646325588226318 -1.6540634632110596 -2.547152042388916 -4.269914627075195 -5.839425086975098 -7.012595176696777 -7.942675590515137 -8.777633666992188 -8.909748077392578 -9.332511901855469 -8.550397872924805 -8.640235900878906 -8.46056079864502 -9.036577224731445 -9.454055786132812 -9.543893814086914 -9.839828491210938 -10.082917213439941 -9.686575889587402 -9.998364448547363 -10.843892097473145 -10.510965347290039 -9.718283653259277 -9.411779403686523 -5.982108116149902 -4.354467391967773 -4.1536545753479 -2.6845502853393555 -1.5430879592895508 -1.0621941089630127 1.5351611375808716 2.906501293182373 4.711174488067627 7.398366928100586 9.007512092590332 11.229663848876953 13.425394058227539 14.99226188659668 17.549983978271484 18.78656768798828 20.580671310424805 23.975994110107422 25.429244995117188 26.428024291992188 28.932899475097656 31.054645538330078 32.68756866455078 35.092041015625 37.0367546081543 38.487361907958984 39.59711837768555 40.68309020996094 42.773128509521484 43.959510803222656 44.69142150878906 45.71133804321289 46.00991439819336 46.69690704345703 46.96113586425781 46.98491287231445 47.0483283996582 47.228004455566406 47.43410110473633 47.685115814208984 47.893856048583984 48.22414016723633 48.36153793334961 48.443450927734375 48.2558479309082 48.90848922729492 49.529422760009766 49.29954528808594 46.395687103271484 44.94243621826172 43.59223556518555 41.74528503417969 42.463985443115234 39.46764373779297 38.273338317871094 36.79102325439453 34.851593017578125 34.10382843017578 31.723140716552734 30.15891456604004 29.432289123535156 27.762371063232422 27.141437530517578 24.813594818115234 23.785749435424805 22.335142135620117 20.776199340820312 19.15384292602539 17.54469871520996 15.618480682373047 14.944701194763184 12.593077659606934 11.736980438232422 10.302226066589355 8.49491024017334 6.275400638580322 5.818286895751953 4.777231216430664 3.2579236030578613 2.6343469619750977 0.9406495094299316 0.27215421199798584 -1.6646325588226318 -4.306906700134277 -5.384954452514648 -6.3890180587768555 -6.367879867553711 -6.383733749389648 -7.356090545654297 -8.00609016418457 -8.037796974182129 -8.323163032531738 -8.920316696166992 -8.9256010055542 -9.020723342895508 -9.586170196533203 -9.66015338897705 -9.887389183044434 -9.723567962646484 -9.744706153869629 -9.850397109985352 -10.072347640991211 -9.971941947937012 -10.130477905273438 -9.89267349243164 -10.341859817504883 -11.097550392150879 -13.110962867736816 -14.59592056274414 -16.392667770385742 -17.116649627685547 -18.305673599243164 -19.764209747314453 -21.164613723754883 -22.163393020629883 -23.447538375854492 -24.515016555786133 -26.69753646850586 -28.002819061279297 -29.419076919555664 -30.946311950683594 -31.818262100219727 -34.20159149169922 -34.95199966430664 -36.45281219482422 -37.95362091064453 -39.459716796875 -40.59589767456055 -40.52191162109375 -42.73613739013672 -45.08776092529297 -47.76702880859375 -48.77109146118164 -50.77393341064453 -52.153202056884766 -53.299949645996094 -54.409706115722656 -57.06254577636719 -57.649131774902344 -59.83693313598633 -61.58083724975586 -62.23611831665039 -62.93896484375 -64.23368072509766 