LTE(1) or 5G(2)
1 1 1 1 1 1 1 1 1 1 1 1 1 1 1 1 1 1 1 1 1 1 1 1 1 1 1 1 1 1 1 1 1 1 1 1 1 1 1 1 1 1 1 1 1 1 1 1 1 2 2 2 2 2 2 2 2 1 1 2 2 2 2 2 2 2 2 2 2 2 2 2 2 2 2 2 2 1 1 1 1 1 1 1 1 1 1 1 1 1 1 1 1 1 1 1 1 1 1 1 1 1 1 1 1 1 1 1 1 1 1 2 2 2 2 2 2 2 2 2 2 2 2 2 2 2 2 2 2 2 2 2 2 2 2 2 2 2 2 2 2 2 2 2 2 2 2 2 2 2 2 2 2 2 2 2 2 1 1 1 1 1 1 1 1 1 1 1 1 1 1 1 1 1 1 1 1 1 1 1 1 1 1 1 1 1 1 1 1 1 1 1 1 1 1 1 1 1 1 1 1 1 1 1 1 2 2 2 2 2 2 2 2 2 2 2 2 2 2 2 2 2 2 2 2 2 2 2 2 2 2 2 2 2 2 2 2 2 2 2 2 2 2 2 2 2 2 2 2 2 2 2 2 2 2 2 2 2 2 2 2 2 2 2 2 2 2 2 1 1 1 2 2 2 2 2 2 2 2 2 2 2 2 2 2 2 2 2 2 2 2 2 2 2 2 2 2 2 2 2 2 2 2 2 2 2 2 2 2 2 1 1 1 2 2 2 2 2 2 2 2 2 2 2 2 2 2 2 2 2 2 2 2 2 2 2 2 2 2 2 2 2 2 2 2 2 2 2 2 2 2 2 2 2 2 2 2 2 2 2 2 
SNR of LTE
8 8 8 8 8 8 8 8 8 3 3 3 3 3 2 2 2 2 2 2 2 2 2 1 1 1 1 1 1 1 1 1 1 1 1 1 1 1 1 1 1 1 1 1 1 0 0 0 0 0 0 -1 -1 -1 -1 -1 -1 -1 -2 -3 -3 -3 -3 -3 -3 -2 -2 -2 -2 -2 -2 -2 -2 -2 -2 -2 -2 -1 -1 -1 -1 0 0 0 0 0 0 0 0 0 0 0 0 0 -1 -1 -1 -1 -1 -1 -1 -1 -1 -1 -1 -1 -1 -1 -1 -1 -1 -1 -1 -1 -1 -1 -1 -1 -1 0 0 0 0 0 0 0 0 0 0 0 0 -1 -1 -1 -1 -3 -3 -3 -3 -4 -4 -4 -4 -4 -4 -4 -4 -3 -4 -4 -4 -4 -3 -2 -2 -2 -2 -2 -2 0 0 1 1 1 1 1 1 1 1 1 3 3 3 3 3 3 3 3 3 2 2 2 2 -1 -1 -1 -1 -1 -1 -1 -1 -1 -1 -1 -1 -1 -1 -1 -1 -1 -4 -5 -5 -5 -5 -5 -5 -4 -4 -4 -3 -3 -4 -4 -4 -4 -4 -4 -4 -4 -4 -4 -4 -4 -4 -4 -4 -4 -4 -4 -4 -4 -4 -4 -4 -4 -4 -4 -4 -4 -4 -4 -3 -3 -3 -3 -3 -2 -2 -2 -2 -1 -1 -1 -1 -1 -2 -2 -2 -2 -2 -2 -2 -2 -2 -2 -2 -3 -3 -3 -3 -3 -3 -2 -2 -2 -2 -2 -2 -2 -2 -2 -2 -3 -3 -3 -3 -3 -3 -3 -3 -3 -3 -3 -3 -3 -3 -3 -3 -3 -4 -4 -4 -4 -4 -4 -4 -4 -4 -2 -2 -2 -2 -2 -2 -2 -2 -1 -1 -1 -1 -1 0 0 0 0 0 0 0 0 0 0 0 0 0 1 1 1 1 1 2 2 2 2 3 3 3 3 3 3 4 4 4 4 4 4 4 4 4 4 5 
SNR of 5G
0 0 0 0 0 0 0 0 0 0 0 0 0 0 0 0 0 0 0 0 0 0 0 0 0 0 0 0 0 0 0 0 0 0 0 0 0 0 0 0 0 0 0 0 0 0 0 0 0 1 1 1 1 -1 -1 -4 -4 0 0 2 2 2 2 2 2 1 1 2 2 1 1 1 1 1 1 2 2 0 0 0 0 0 0 0 0 0 0 0 0 0 0 0 0 0 0 0 0 0 0 0 0 0 0 0 0 0 0 0 0 0 0 7 7 7 7 7 7 7 7 8 8 8 8 8 8 4 4 0 0 0 0 0 0 0 0 -1 -1 -1 -1 -1 -1 -1 -1 -2 -2 -2 -2 -4 -4 -4 -4 -3 -3 -2 -2 -2 -2 0 0 0 0 0 0 0 0 0 0 0 0 0 0 0 0 0 0 0 0 0 0 0 0 0 0 0 0 0 0 0 0 0 0 0 0 0 0 0 0 0 0 0 0 0 0 0 0 3 3 1 1 1 3 3 4 4 4 4 4 5 5 7 7 0 0 0 0 4 4 4 4 2 2 2 2 1 1 1 1 0 0 0 0 -1 -1 -1 -1 -1 -1 -1 -1 1 1 1 1 1 1 1 0 -1 -1 -1 -1 -1 -1 -1 -1 -2 -2 -2 0 0 0 1 0 2 2 2 2 1 1 1 1 1 1 2 2 1 1 1 1 1 1 1 1 1 1 1 1 1 1 0 0 0 0 0 0 0 0 0 0 0 0 0 0 2 2 2 2 4 4 4 4 6 4 4 4 5 5 5 2 2 7 7 7 7 7 8 8 8 8 8 13 13 6 6 6 2 7 7 13 13 15 15 15 15 15 15 10 10 10 10 11 
RSSI
-51 -51 -51 -51 -51 -51 -51 -51 -51 -51 -51 -51 -51 -51 -51 -51 -51 -51 -51 -51 -51 -51 -51 -51 -51 -51 -51 -51 -51 -51 -51 -51 -51 -51 -51 -51 -51 -51 -51 -51 -51 -51 -51 -51 -51 -51 -51 -51 -51 -51 -51 -51 -51 -51 -51 -51 -51 -51 -51 -51 -51 -51 -51 -51 -51 -51 -51 -51 -51 -51 -51 -51 -51 -51 -51 -51 -51 -51 -51 -51 -51 -51 -51 -51 -51 -51 -51 -51 -51 -51 -51 -51 -51 -51 -51 -51 -51 -51 -51 -51 -51 -51 -51 -51 -51 -51 -51 -51 -51 -51 -51 -51 -51 -51 -51 -51 -51 -51 -51 -51 -51 -51 -51 -51 -51 -51 -51 -51 -51 -51 -51 -51 -51 -51 -51 -51 -51 -51 -51 -51 -51 -51 -51 -51 -51 -51 -51 -51 -51 -51 -51 -51 -51 -51 -51 -51 -51 -51 -51 -51 -51 -51 -51 -51 -51 -51 -51 -51 -51 -51 -51 -51 -51 -51 -51 -51 -51 -51 -51 -51 -51 -51 -51 -51 -51 -51 -51 -51 -51 -51 -51 -51 -51 -51 -51 -51 -51 -51 -51 -51 -51 -51 -51 -51 -51 -51 -51 -51 -51 -51 -51 -51 -51 -51 -51 -51 -51 -51 -51 -51 -51 -51 -51 -51 -51 -51 -51 -51 -51 -51 -51 -51 -51 -51 -51 -51 -51 -51 -51 -51 -51 -51 -51 -51 -51 -51 -51 -51 -51 -51 -51 -51 -51 -51 -51 -51 -51 -51 -51 -51 -51 -51 -51 -51 -51 -51 -51 -51 -51 -51 -51 -51 -51 -51 -51 -51 -51 -51 -51 -51 -51 -51 -51 -51 -51 -51 -51 -51 -51 -51 -51 -51 -51 -51 -51 -51 -51 -51 -51 -51 -51 -51 -51 -51 -51 -51 -51 -51 -51 -51 -51 -51 -51 -51 -51 -51 -51 -51 -51 -51 -51 -51 -51 -51 -51 -51 -51 -51 -51 -51 -51 -51 -51 -51 -51 -51 -51 -51 -51 -51 -51 -51 -51 -51 -51 -51 -51 -51 -51 -51 -51 -51 -51 -51 -51 -51 -51 -51 -51 -51 -53 
RSRP
-77 -77 -77 -77 -77 -77 -77 -77 -77 -76 -76 -76 -76 -76 -77 -77 -77 -77 -77 -77 -77 -77 -77 -74 -74 -74 -74 -74 -74 -74 -74 -74 -74 -74 -74 -74 -74 -74 -74 -74 -74 -74 -74 -74 -74 -75 -75 -75 -75 -75 -75 -76 -76 -76 -76 -77 -77 -77 -77 -78 -78 -78 -78 -78 -78 -78 -78 -78 -78 -77 -77 -77 -77 -77 -77 -76 -76 -76 -76 -76 -76 -74 -74 -74 -74 -74 -74 -74 -74 -74 -74 -74 -74 -74 -75 -75 -75 -75 -75 -75 -75 -75 -75 -75 -75 -75 -75 -75 -75 -75 -76 -76 -76 -76 -76 -76 -76 -76 -76 -75 -75 -74 -74 -74 -74 -74 -74 -74 -74 -74 -74 -74 -74 -74 -75 -77 -77 -77 -77 -78 -78 -78 -78 -78 -78 -78 -78 -78 -79 -79 -79 -79 -78 -77 -77 -77 -77 -77 -77 -75 -75 -74 -74 -74 -74 -74 -74 -74 -74 -74 -73 -73 -73 -73 -73 -73 -73 -73 -73 -73 -73 -73 -73 -75 -75 -75 -75 -75 -75 -75 -75 -75 -75 -75 -75 -75 -75 -75 -75 -75 -80 -81 -81 -81 -81 -81 -81 -81 -81 -81 -81 -81 -81 -81 -81 -81 -81 -81 -81 -82 -82 -82 -82 -82 -82 -82 -82 -82 -82 -82 -82 -81 -81 -81 -81 -81 -81 -81 -81 -81 -81 -81 -80 -80 -80 -80 -80 -80 -80 -80 -80 -79 -79 -79 -79 -79 -78 -78 -78 -78 -78 -78 -77 -77 -77 -77 -77 -77 -77 -77 -77 -77 -77 -76 -76 -76 -76 -76 -76 -76 -76 -76 -76 -76 -76 -76 -76 -76 -76 -76 -76 -76 -76 -76 -76 -76 -76 -76 -76 -76 -77 -77 -77 -77 -77 -77 -77 -77 -77 -75 -75 -75 -75 -75 -75 -75 -75 -74 -74 -74 -74 -74 -74 -74 -74 -74 -74 -74 -74 -74 -74 -74 -74 -74 -74 -74 -74 -74 -74 -74 -74 -74 -74 -74 -74 -74 -74 -74 -74 -74 -74 -74 -74 -74 -74 -74 -75 -75 -75 -75 -75 
CID
13678086 13678086 13754896 13754896 13754896 13754896 13754896 13754896 13754896 13769745 13769745 13769745 13769745 13769745 13769745 13769745 13769745 13769745 13769745 13769745 13769745 13769745 13769745 13769745 13769745 13769745 13769745 13769745 13769745 13769745 13769745 13769745 13769745 13769745 13769745 13769745 13769745 13769745 13769745 13769745 13769745 13769745 13769745 13769745 13769745 13769745 13769745 13769745 13769745 13769745 13769745 13769745 13769745 13769745 13769745 13769745 13769745 13769745 13754896 13754896 13754896 13754896 13754896 13754896 13754896 13754896 13754896 13754896 13754896 13754896 13754896 13754896 13754896 13754896 13754896 13754896 13754896 13754896 13754896 13754896 13754896 13754896 13754896 13754896 13754896 13754896 13754896 13754896 13754896 13754896 13754896 13769745 13769745 13769745 13769745 13769745 13769745 13769745 13769745 13769745 13769745 13769745 13769745 13769745 13769745 13769745 13769745 13769745 13769745 13769745 13769745 13769745 13769745 13769745 13769745 13769745 13769745 13769745 13769745 13769745 13769745 13769745 13769745 13769745 13769745 13769745 13769745 13754896 13754896 13754896 13754896 13754896 13754896 13754896 13792279 13769745 13769745 13754896 13754896 13754896 13754896 13754896 13754896 13754896 13754896 13754896 13754896 13754896 13754896 13754896 13754896 13754896 13754896 13754896 13754896 13754896 13754896 13754896 13754896 13754896 13754896 13754896 13754896 13754896 13754896 13754896 13754896 13754896 13754896 13754896 13754896 13754896 13754896 13754896 13754896 13754896 13754896 13754896 13754896 13754896 13754896 13754896 13754896 13754896 13754896 13769745 13769745 13769745 13769745 13769745 13769745 13769745 13769745 13769745 13769745 13769745 13769745 13769745 13769745 13769745 13769745 13769745 13769745 13769745 13769745 13769745 13769745 13769745 13769745 13754896 13754896 13754896 13754896 13754896 13754896 13754896 13754896 13754896 13754896 13754896 13754896 13754896 13754896 13754896 13754896 13754896 13769745 13769745 13769745 13769745 13769745 13769745 13769745 13769745 13769745 13769745 13769745 13769745 13769745 13769745 13769745 13792279 13792279 13792279 13792279 13792279 13792279 13792279 13792279 13792279 13792279 13769745 13769745 13769745 13769745 13769745 13792279 13792279 13792279 13792279 13792279 13792279 13769745 13769745 13769745 13769745 13769745 13769745 13769745 13769745 13769745 13769745 13754896 13754896 13754896 13754896 13754896 13754896 13754896 13754896 13754896 13754896 13754896 13754896 13754896 13754896 13754896 13754896 13754896 13754896 13769745 13769745 13769745 13769745 13769745 13769745 13769745 13769745 13769745 13769745 13769745 13769745 13769745 13769745 13769745 13769745 13769745 13769745 13769745 13769745 13769745 13769745 13769745 13769745 13769745 13769745 13769745 13769745 13769745 13769745 13769745 13769745 13769745 13769745 13754888 13754888 13754888 13754888 13754888 13754888 13754888 13754888 13754888 13754888 13754888 13769745 13769745 13769745 13769745 13769745 13769745 13769745 13769745 13769745 13769745 13754896 13754896 13754896 13754896 13754896 13754896 13754896 13754896 13754896 13754896 13754896 13754896 13754896 13754896 13754896 13754896 
RSRP of 5G
-81 -81 -81 -81 -81 -81 -81 -81 -81 -81 -81 -81 -81 -81 -81 -81 -81 -81 -81 -81 -81 -81 -81 -81 -81 -81 -81 -81 -81 -81 -81 -81 -81 -81 -81 -81 -81 -81 -81 -81 -81 -81 -81 -81 -81 -81 -81 -81 -81 -84 -84 -87 -87 -86 -86 2147483647 2147483647 2147483647 2147483647 -82 -82 -82 -82 -82 -82 -83 -83 -80 -80 -82 -82 -82 -82 -82 -82 -81 -81 -80 -80 -80 -80 -80 -80 -80 -80 -80 -80 -80 -80 -80 -80 -80 -80 -80 -80 -80 -80 -80 -80 -80 -80 -80 -80 -80 -80 -80 -80 -80 -80 -80 -80 -77 -77 -77 -77 -77 -77 -77 -77 -81 -81 -81 -81 -81 -81 -112 -112 -86 -86 -86 -86 -86 -86 -83 -83 -88 -88 -110 -110 -86 -86 -85 -85 -86 -86 -87 -87 -85 -85 -85 -85 -103 -103 -85 -85 -85 -85 -85 -85 -85 -85 -85 -85 -85 -85 -85 -85 -85 -85 -85 -85 -85 -85 -85 -85 -85 -85 -85 -85 -85 -85 -85 -85 -85 -85 -85 -85 -85 -85 -85 -85 -85 -85 -85 -85 -85 -85 -85 -85 -85 -85 -85 -85 -85 -85 -80 -80 -82 -82 -78 -78 -78 -78 -78 -78 -77 -77 -82 -82 -79 -79 -87 -87 -87 -87 -82 -82 -82 -82 -82 -82 -82 -82 -83 -83 -82 -82 -81 -81 -83 -83 -82 -82 -82 -82 -80 -80 -81 -81 -82 -82 -79 -79 -79 -79 -82 -80 -81 -81 -81 -81 -81 -81 -81 -81 -80 -80 2147483647 2147483647 2147483647 2147483647 -87 -82 -90 -90 -83 -83 -86 -86 -84 -84 -84 -84 -83 -83 -85 -85 -85 -85 -85 -85 -85 -85 -87 -87 -86 -86 -85 -85 -86 -85 -85 -85 -85 -85 -85 -85 -85 -85 -83 -83 -83 -83 -82 -82 -82 -82 -80 -79 -79 -79 -88 -78 -78 -78 -82 -82 -82 -80 -80 -81 -81 -81 -81 -81 -80 -80 -80 -80 -80 -73 -73 -76 -76 -85 -83 -85 -85 -77 -77 -82 -82 -78 -78 -78 -78 -78 -78 -78 -78 -82 
CQI
2147483647 2147483647 2147483647 2147483647 2147483647 2147483647 2147483647 2147483647 2147483647 2147483647 2147483647 2147483647 2147483647 2147483647 2147483647 2147483647 2147483647 2147483647 2147483647 2147483647 2147483647 2147483647 2147483647 2147483647 2147483647 2147483647 2147483647 2147483647 2147483647 2147483647 2147483647 2147483647 2147483647 2147483647 2147483647 2147483647 2147483647 2147483647 2147483647 2147483647 2147483647 2147483647 2147483647 2147483647 2147483647 2147483647 2147483647 2147483647 2147483647 2147483647 2147483647 2147483647 2147483647 2147483647 2147483647 2147483647 2147483647 2147483647 2147483647 2147483647 2147483647 2147483647 2147483647 2147483647 2147483647 2147483647 2147483647 2147483647 2147483647 2147483647 2147483647 2147483647 2147483647 2147483647 2147483647 2147483647 2147483647 2147483647 2147483647 2147483647 2147483647 2147483647 2147483647 2147483647 2147483647 2147483647 2147483647 2147483647 2147483647 2147483647 2147483647 2147483647 2147483647 2147483647 2147483647 2147483647 2147483647 2147483647 2147483647 2147483647 2147483647 2147483647 2147483647 2147483647 2147483647 2147483647 2147483647 2147483647 2147483647 2147483647 2147483647 2147483647 2147483647 2147483647 2147483647 2147483647 2147483647 2147483647 2147483647 2147483647 2147483647 2147483647 2147483647 2147483647 2147483647 2147483647 2147483647 2147483647 2147483647 2147483647 2147483647 2147483647 2147483647 2147483647 2147483647 2147483647 2147483647 2147483647 2147483647 2147483647 2147483647 2147483647 2147483647 2147483647 2147483647 2147483647 2147483647 2147483647 2147483647 2147483647 2147483647 2147483647 2147483647 2147483647 2147483647 2147483647 2147483647 2147483647 2147483647 2147483647 2147483647 2147483647 2147483647 2147483647 2147483647 2147483647 2147483647 2147483647 2147483647 2147483647 2147483647 2147483647 2147483647 2147483647 2147483647 2147483647 2147483647 2147483647 2147483647 2147483647 2147483647 2147483647 2147483647 2147483647 2147483647 2147483647 2147483647 2147483647 2147483647 2147483647 2147483647 2147483647 2147483647 2147483647 2147483647 2147483647 2147483647 2147483647 2147483647 2147483647 2147483647 2147483647 2147483647 2147483647 2147483647 2147483647 2147483647 2147483647 2147483647 2147483647 2147483647 2147483647 2147483647 2147483647 2147483647 2147483647 2147483647 2147483647 2147483647 2147483647 2147483647 2147483647 2147483647 2147483647 2147483647 2147483647 2147483647 2147483647 2147483647 2147483647 2147483647 2147483647 2147483647 2147483647 2147483647 2147483647 2147483647 2147483647 2147483647 2147483647 2147483647 2147483647 2147483647 2147483647 2147483647 2147483647 2147483647 2147483647 2147483647 2147483647 2147483647 2147483647 2147483647 2147483647 2147483647 2147483647 2147483647 2147483647 2147483647 2147483647 2147483647 2147483647 2147483647 2147483647 2147483647 2147483647 2147483647 2147483647 2147483647 2147483647 2147483647 2147483647 2147483647 2147483647 2147483647 2147483647 2147483647 2147483647 2147483647 2147483647 2147483647 2147483647 2147483647 2147483647 2147483647 2147483647 2147483647 2147483647 2147483647 2147483647 2147483647 2147483647 2147483647 2147483647 2147483647 2147483647 2147483647 2147483647 2147483647 2147483647 2147483647 2147483647 2147483647 2147483647 2147483647 2147483647 2147483647 2147483647 2147483647 2147483647 2147483647 2147483647 2147483647 2147483647 2147483647 2147483647 2147483647 2147483647 2147483647 2147483647 2147483647 2147483647 2147483647 2147483647 2147483647 2147483647 2147483647 2147483647 2147483647 2147483647 2147483647 2147483647 2147483647 2147483647 2147483647 2147483647 2147483647 2147483647 2147483647 2147483647 2147483647 2147483647 2147483647 2147483647 2147483647 2147483647 2147483647 2147483647 2147483647 2147483647 2147483647 2147483647 2147483647 2147483647 2147483647 2147483647 2147483647 2147483647 2147483647 2147483647 2147483647 
Altitude
-92.8653564453125 -92.25763702392578 -91.53365325927734 -90.830810546875 -90.05926513671875 -89.2295913696289 -88.43690490722656 -87.61780548095703 -86.86211395263672 -85.81048583984375 -84.10357666015625 -81.99504089355469 -80.01862335205078 -77.7356948852539 -75.84382629394531 -73.76700592041016 -71.75887298583984 -69.77716827392578 -67.6210708618164 -65.517822265625 -63.689369201660156 -61.59668731689453 -59.7048225402832 -57.60157012939453 -55.635719299316406 -53.66986846923828 -51.58246994018555 -49.505645751953125 -47.70889663696289 -45.64263916015625 -43.51824951171875 -41.642234802246094 -39.47028732299805 -37.54671096801758 -35.55443572998047 -33.75240707397461 -31.770702362060547 -29.841840744018555 -27.891843795776367 -26.243064880371094 -24.456886291503906 -22.417051315307617 -20.62558937072754 -18.670307159423828 -16.20770835876465 -14.22600269317627 -12.228443145751953 -10.28901481628418 -8.212186813354492 -6.272758483886719 -4.127231597900391 -2.1296727657318115 -0.28536558151245117 1.7412585020065308 3.839223861694336 5.839425086975098 7.942675590515137 9.93494987487793 11.95364761352539 13.541653633117676 14.617059707641602 15.9249849319458 16.83656883239746 18.028234481811523 18.522340774536133 19.169696807861328 19.795915603637695 20.308517456054688 20.649370193481445 20.884532928466797 21.228029251098633 21.375995635986328 21.727418899536133 21.70892333984375 22.113189697265625 22.406482696533203 22.39591407775879 22.54123878479004 22.580873489379883 22.530670166015625 22.306076049804688 22.044490814208984 20.546321868896484 18.834129333496094 17.80892562866211 16.641040802001953 13.903645515441895 12.133321762084961 11.282509803771973 9.443487167358398 7.382513046264648 7.300602912902832 4.811580657958984 4.045321464538574 1.7174780368804932 1.075405478477478 -0.15325188636779785 -1.9447135925292969 -3.2817041873931885 -2.6052820682525635 -4.05853271484375 -3.6357688903808594 -7.0971479415893555 -5.7125959396362305 -6.949180603027344 -5.733734130859375 -6.9438958168029785 -6.542270183563232 -7.4195051193237305 -8.957308769226074 -7.604464530944824 -6.933326721191406 -7.0654401779174805 -7.1024322509765625 -6.970318794250488 -7.319098472595215 -7.387797832489014 -7.282106876373291 -7.208123207092285 -7.292675971984863 -7.5780415534973145 -7.5780415534973145 -7.662594318389893 -7.7841386795043945 -8.101211547851562 -6.690237522125244 -6.827635765075684 -6.811781883239746 -6.061376571655273 -4.106093406677246 -2.8853631019592285 -1.315852403640747 -0.7292675971984863 0.47560930252075195 1.7174780368804932 3.545931577682495 5.284547805786133 7.517269134521484 9.380072593688965 11.448972702026367 12.899580955505371 14.06218147277832 14.883929252624512 15.708318710327148 16.537992477416992 17.148357391357422 17.785144805908203 18.139209747314453 18.564617156982422 18.826202392578125 19.25160789489746 19.552825927734375 19.875185012817383 20.094493865966797 19.880468368530273 19.838191986083984 18.178844451904297 20.04429054260254 20.916240692138672 21.53453254699707 21.77762222290039 21.81197166442871 21.624370574951172 21.370712280273438 22.1448974609375 22.38006019592285 22.374774932861328 22.147539138793945 21.698352813720703 21.632295608520508 21.751197814941406 22.8160343170166 22.520099639892578 22.620506286621094 22.557092666625977 21.386564254760742 19.262176513671875 17.679454803466797 16.31075668334961 14.986977577209473 13.007914543151855 11.633932113647461 9.411779403686523 9.562389373779297 6.597757816314697 4.999182224273682 4.814223289489746 2.4758105278015137 2.2036564350128174 0.17174780368804932 -1.8390226364135742 -3.223574161529541 -2.747964859008789 -4.919914245605469 -5.511783599853516 -4.52357292175293 -4.867068290710449 -6.040238380432129 -6.505278587341309 -7.223977088928223 -7.186985015869141 -7.847553253173828 -8.064220428466797 -7.477635383605957 -7.7735700607299805 -7.0971479415893555 -7.377228736877441 -8.492268562316895 -7.32438325881958 -7.282106876373291 -6.558123588562012 -6.912188529968262 -6.647961139678955 -7.033733367919922 -7.144708633422852 -7.070724964141846 -7.451212406158447 -7.308529853820801 -7.2609686851501465 -7.155277729034424 -7.377228736877441 -6.23048210144043 -5.168287754058838 -3.3239805698394775 -2.948777675628662 -1.9711363315582275 -0.3382110595703125 1.5219497680664062 3.308126926422119 5.3717427253723145 7.514626979827881 9.282308578491211 11.039420127868652 12.400191307067871 13.327629089355469 14.3369779586792 15.306693077087402 15.452017784118652 16.33189582824707 16.672748565673828 17.280471801757812 17.502422332763672 17.993885040283203 18.0599422454834 18.210552215576172 18.131282806396484 19.521120071411133 20.770915985107422 17.391447067260742 19.309738159179688 20.20282554626465 20.387784957885742 21.65343475341797 20.921524047851562 21.518678665161133 21.095914840698242 21.032501220703125 21.78554916381836 21.447338104248047 21.0272159576416 20.562175750732422 21.12497901916504 21.745914459228516 22.33249855041504 22.654855728149414 22.160751342773438 22.084125518798828 22.295507431030273 22.229450225830078 22.446117401123047 22.195100784301758 21.814613342285156 20.955873489379883 18.923965454101562 18.908111572265625 17.140430450439453 14.389823913574219 13.327629089355469 11.721126556396484 10.452835083007812 9.15019416809082 7.247757434844971 6.338815212249756 3.749386787414551 2.5207293033599854 1.7306894063949585 0.19288599491119385 -1.828453540802002 -2.663412094116211 -4.999182224273682 -7.689017295837402 -8.47113037109375 -10.384136199951172 -11.990638732910156 -13.06340217590332 -13.433320999145508 -14.273563385009766 -16.360960006713867 -18.770713806152344 -21.75648307800293 -21.434125900268555 -21.486970901489258 -25.011764526367188 -25.513797760009766 -27.62761688232422 -29.04916000366211 -30.502410888671875 -31.950376510620117 -33.75240707397461 -35.432891845703125 -37.34589767456055 -38.54549026489258 -39.67110061645508 -41.20890426635742 -44.231666564941406 -45.124752044677734 -46.49345016479492 -49.27312469482422 -50.4093017578125 -51.39751052856445 -53.19954299926758 -53.67515182495117 -55.725555419921875 -57.02555465698242 -58.10888671875 -59.229209899902344 -61.34303283691406 -63.07636260986328 -63.678802490234375 -65.15319061279297 -68.35562896728516 -69.48651885986328 -70.91334533691406 -72.7999267578125 -74.5966796875 -75.50033569335938 -77.3023681640625 -78.17431640625 -79.80195617675781 -81.4401626586914 -82.94097900390625 -84.19869995117188 -85.7682113647461 -86.88324737548828 -88.57430267333984 -90.42389678955078 -89.04463195800781 -92.10438537597656 -92.42674255371094 -92.09381103515625 -92.29991149902344 -92.60641479492188 -92.83364868164062 -92.92349243164062 -93.3515396118164 -93.36739349365234 -93.7214584350586 -93.66332244873047 -94.0596694946289 -94.0966567993164 -94.54584503173828 