LTE(1) or 5G(2)
2 2 2 2 2 2 2 2 2 2 2 2 2 2 2 2 2 2 2 2 2 2 2 2 2 2 2 2 2 2 2 2 2 2 2 2 2 2 2 2 2 2 2 2 2 2 2 2 2 2 2 2 2 2 2 2 2 2 2 2 2 2 2 2 2 2 2 2 2 2 2 2 2 2 2 2 2 2 2 2 2 2 2 2 2 2 2 2 2 2 2 2 2 2 2 2 2 2 2 2 2 2 2 2 2 2 2 2 2 2 2 2 2 2 2 2 2 2 2 2 2 2 2 2 2 2 2 2 2 2 2 2 2 2 2 2 2 2 2 2 2 2 2 2 2 2 2 2 2 2 2 2 2 2 2 2 2 2 2 2 2 2 2 2 2 2 2 2 2 2 2 2 2 2 2 2 2 2 2 2 2 2 2 2 2 2 2 2 2 2 2 2 2 2 2 2 2 2 2 2 2 2 2 2 2 2 2 2 2 2 2 2 2 2 2 2 2 2 2 2 2 2 2 2 2 2 2 2 2 2 2 2 2 2 2 2 2 2 2 2 2 2 2 2 2 2 2 2 2 2 2 2 2 2 2 2 2 2 2 2 2 2 2 2 2 2 2 
SNR of LTE
11 11 11 10 10 10 8 8 8 8 8 8 7 7 7 7 6 6 6 6 6 6 6 6 5 5 5 5 5 4 4 4 4 4 4 4 2 2 2 2 2 2 1 1 1 1 1 1 0 0 0 0 0 0 0 0 -1 -1 -1 -1 -1 -1 -1 -1 -1 -1 -1 -1 -1 -1 -1 -1 -1 0 0 0 0 0 0 0 0 0 0 0 0 0 0 0 -1 -1 -1 -1 -2 -2 -2 -2 -2 -2 -2 -2 -2 -2 -4 -4 -4 -4 -4 -4 -4 -5 -5 -5 -5 -5 -5 -5 -5 -5 -5 -5 -5 -5 -5 -5 -5 -5 -5 -4 -4 -4 -4 -4 -4 -4 -4 -4 -4 -4 -3 -3 -3 -3 -3 -3 -3 -2 -2 -2 -2 -2 -2 -2 -1 -1 -1 -1 -1 0 0 0 0 0 0 0 0 0 0 0 -1 -1 -1 -1 -1 -1 -1 -1 0 0 0 0 0 2 2 2 2 4 4 4 4 4 5 5 7 7 7 7 8 8 8 8 8 8 8 8 8 8 8 8 6 6 6 6 6 6 6 6 5 5 5 5 5 5 4 4 4 4 4 4 4 4 2 2 2 2 2 2 2 2 2 2 2 2 2 2 2 2 1 1 2 2 2 2 3 3 3 3 3 3 3 3 3 3 3 3 4 4 4 
SNR of 5G
10 10 10 5 13 13 10 10 10 10 10 10 6 6 6 6 1 1 1 1 3 3 3 3 6 6 5 5 5 5 5 5 5 5 5 5 3 3 5 5 5 5 5 5 5 5 2 2 3 3 3 4 2 2 3 3 4 4 4 4 4 4 4 4 8 8 8 8 8 8 8 8 7 7 7 7 7 7 7 7 7 7 8 8 8 8 0 0 1 1 0 0 0 0 0 0 -2 -2 -2 -2 -1 -1 -2 -2 -2 -2 -3 -3 -3 -2 -3 -4 -1 -1 -2 -2 -7 -7 2 2 4 4 4 4 6 6 6 6 6 6 6 6 5 5 5 5 4 4 -1 -1 -1 -2 5 5 4 4 2 2 2 2 1 1 0 0 0 0 0 0 2 2 2 2 2 2 4 4 4 4 4 4 4 4 4 4 4 4 4 4 3 3 2 -1 -1 -1 -1 -1 -5 -5 -1 -1 -2 -1 -2 -2 0 0 1 1 4 4 4 4 4 4 4 4 4 4 9 9 9 9 9 9 9 9 8 8 8 8 8 8 4 4 4 4 4 4 4 4 0 0 0 0 -3 -3 -3 -2 6 6 6 6 6 6 6 6 1 1 1 1 2 2 3 3 3 3 3 6 8 8 8 8 8 8 11 11 9 
RSSI
-51 -51 -51 -51 -51 -51 -51 -51 -51 -51 -51 -51 -51 -51 -51 -51 -51 -51 -51 -51 -51 -51 -51 -51 -51 -51 -51 -51 -51 -51 -51 -51 -51 -51 -51 -51 -51 -51 -51 -51 -51 -51 -51 -51 -51 -51 -51 -51 -51 -51 -51 -51 -51 -51 -51 -51 -51 -51 -51 -51 -51 -51 -51 -51 -51 -51 -51 -51 -51 -51 -51 -51 -51 -51 -51 -51 -51 -51 -51 -51 -51 -51 -51 -51 -51 -51 -51 -51 -51 -51 -51 -51 -51 -51 -51 -51 -51 -51 -51 -51 -51 -51 -51 -51 -51 -51 -51 -51 -51 -51 -51 -51 -51 -51 -51 -51 -51 -51 -51 -51 -51 -51 -51 -51 -51 -51 -51 -51 -51 -51 -51 -51 -51 -51 -51 -51 -51 -51 -51 -51 -51 -51 -51 -51 -51 -51 -51 -51 -51 -51 -51 -51 -51 -51 -51 -51 -51 -51 -51 -51 -51 -51 -51 -51 -51 -51 -51 -51 -51 -51 -51 -51 -51 -51 -51 -51 -51 -51 -51 -51 -51 -51 -51 -51 -51 -51 -51 -51 -51 -51 -51 -51 -51 -51 -51 -51 -51 -51 -51 -51 -51 -51 -51 -51 -51 -51 -51 -51 -51 -51 -51 -51 -51 -51 -51 -51 -51 -51 -51 -51 -51 -51 -51 -51 -51 -51 -51 -51 -51 -51 -51 -51 -51 -51 -51 -51 -51 -51 -51 -51 -51 -51 -51 -51 -51 -51 -51 -51 -51 -51 -51 -51 -51 -51 -51 -51 -51 -51 -51 -51 -51 -51 -51 -51 -51 -51 -51 
RSRP
-68 -68 -68 -68 -68 -68 -68 -68 -68 -68 -68 -68 -68 -68 -68 -68 -68 -68 -68 -68 -68 -68 -68 -68 -68 -68 -68 -68 -68 -69 -69 -69 -69 -69 -69 -69 -69 -69 -70 -70 -70 -70 -71 -71 -71 -71 -71 -71 -72 -72 -72 -72 -73 -73 -73 -73 -74 -74 -74 -74 -74 -74 -74 -74 -75 -75 -75 -75 -75 -75 -75 -75 -75 -74 -74 -74 -74 -74 -74 -74 -74 -74 -74 -74 -74 -74 -74 -74 -74 -74 -75 -75 -75 -75 -75 -75 -76 -76 -76 -76 -76 -76 -77 -77 -77 -77 -77 -77 -77 -78 -78 -78 -78 -78 -79 -79 -78 -78 -78 -78 -77 -77 -77 -77 -77 -77 -77 -77 -77 -77 -77 -77 -76 -76 -76 -76 -76 -76 -76 -76 -76 -75 -75 -75 -75 -74 -74 -74 -74 -74 -73 -73 -73 -73 -73 -73 -73 -74 -74 -74 -74 -74 -74 -74 -74 -74 -74 -74 -75 -75 -75 -75 -74 -74 -74 -74 -72 -72 -72 -72 -72 -68 -68 -68 -68 -67 -66 -66 -66 -66 -65 -65 -65 -65 -65 -65 -65 -65 -65 -65 -65 -65 -65 -65 -65 -65 -65 -65 -67 -67 -67 -67 -67 -67 -67 -67 -67 -67 -67 -67 -67 -67 -68 -68 -68 -68 -68 -68 -68 -68 -68 -68 -68 -68 -69 -69 -69 -69 -69 -69 -69 -69 -69 -69 -69 -69 -70 -70 -69 -69 -69 -69 -69 -69 -69 -69 -69 -68 -68 -68 -68 -68 -68 -68 -68 -68 -68 
CID
13678086 13678086 13678086 13678086 13678086 13678086 13678086 13678086 13678086 13678086 13678086 13678086 13678086 13678086 13678086 13678086 13678086 13678086 13678086 13678086 13678086 13678086 13678086 13678086 13678086 13678086 13678086 13678086 13678086 13678086 13678086 13678086 13678086 13678086 13678086 13678086 13678086 13678086 13678086 13678086 13678086 13678086 13678086 13678086 13678086 13678086 13678086 13678086 13678086 13678086 13678086 13769742 13769742 13769742 13769742 13769742 13769742 13769742 13769742 13769742 13769742 13769742 13769742 13769742 13769742 13769742 13769742 13769742 13769742 13769742 13769742 13769742 13769742 13769742 13769742 13769742 13769742 13769742 13769742 13769742 13769742 13769742 13769742 13769742 13769742 13769742 13769742 13678088 13678088 13678088 13678088 13678088 13678088 13678088 13754893 13754893 13754893 13754893 13754893 13754893 13754893 13754893 13754893 13754893 13754893 13792526 13792526 13792526 13792526 13754893 13754893 13754893 13754893 13754893 13754893 13754893 13754893 13754893 13754893 13754893 13792526 13792526 13792526 13792526 13792526 13792526 13792526 13769742 13769742 13769742 13769742 13769742 13769742 13769742 13769742 13769742 13769742 13769742 13769742 13769742 13769742 13769742 13769742 13769742 13769742 13769742 13769742 13769742 13769742 13769742 13769742 13769742 13769742 13769742 13769742 13769742 13769742 13769742 13792526 13792526 13792526 13792526 13792526 13792526 13678086 13678086 13678086 13678086 13678086 13678086 13678086 13678086 13678086 13678086 13678086 13678086 13678086 13678086 13678086 13678086 13678086 13678086 13678086 13678086 13678086 13678086 13678086 13678086 13678086 13678086 13678086 13678086 13678086 13678086 13678086 13678086 13678086 13678086 13678086 13678086 13678086 13678086 13678086 13678086 13678086 13678086 13678086 13678086 13678086 13678086 13678086 13678086 13678086 13678086 13678086 13678086 13678086 13678086 13678086 13678086 13678086 13678086 13678086 13678086 13678086 13678086 13678086 13678086 13678086 13678086 13678086 13678086 13678086 13678086 13678086 13678086 13678086 13678086 13678086 13678086 13678086 13678086 13678086 13678086 13678086 13678086 13678086 13678086 13678086 13678086 13678086 13678086 13678086 13678086 13678086 13678086 13678086 13678086 13678086 13678086 13678086 13678086 13678086 13678086 13678086 13678086 13678086 
RSRP of 5G
-84 -84 -84 -76 -73 -73 -77 -77 -77 -77 -77 -77 -81 -81 -81 -81 -88 -88 -84 -84 -85 -85 -85 -85 -87 -87 -83 -83 -83 -81 -81 -81 -81 -81 -81 -81 -88 -88 -81 -81 -84 -84 -87 -87 -87 -87 -88 -88 -86 -86 -86 -85 -84 -84 -87 -87 -82 -82 -82 -82 -82 -82 -82 -82 -81 -81 -81 -81 -79 -79 -79 -79 -84 -84 -84 -84 -84 -84 -84 -84 -80 -80 -81 -81 -81 -81 -82 -82 -84 -84 -87 -87 -83 -83 -93 -93 -86 -86 -90 -82 -82 -82 -87 -87 -84 -84 -84 -84 -84 -81 -94 -80 -82 -82 -82 -82 -86 -86 -89 -89 -77 -77 -77 -77 -74 -74 -78 -78 -78 -78 -78 -78 -73 -73 -73 -73 -80 -80 -81 -81 -81 -81 -84 -84 -80 -80 -80 -80 -80 -80 -80 -80 -80 -80 -81 -81 -80 -79 -78 -78 -77 -77 -78 -78 -78 -78 -78 -78 -78 -78 -78 -78 -78 -78 -78 -78 -79 -79 -81 -81 -88 -80 -84 -84 -84 -84 -85 -85 -97 -97 -98 -85 -92 -92 -85 -85 -82 -82 -80 -80 -80 -80 -80 -80 -80 -80 -80 -80 -74 -74 -74 -74 -74 -74 -74 -74 -73 -73 -73 -73 -73 -73 -75 -75 -75 -75 -75 -75 -75 -75 -81 -81 -85 -85 -86 -86 -86 -82 -81 -81 -81 -81 -81 -81 -81 -81 -83 -83 -88 -88 -84 -84 -83 -83 -83 -83 -83 -81 -80 -80 -80 -80 -80 -80 -74 -74 -78 
CQI
2147483647 2147483647 2147483647 2147483647 2147483647 2147483647 2147483647 2147483647 2147483647 2147483647 2147483647 2147483647 2147483647 2147483647 2147483647 2147483647 2147483647 2147483647 2147483647 2147483647 2147483647 2147483647 2147483647 2147483647 2147483647 2147483647 2147483647 2147483647 2147483647 2147483647 2147483647 2147483647 2147483647 2147483647 2147483647 2147483647 2147483647 2147483647 2147483647 2147483647 2147483647 2147483647 2147483647 2147483647 2147483647 2147483647 2147483647 2147483647 2147483647 2147483647 2147483647 2147483647 2147483647 2147483647 2147483647 2147483647 2147483647 2147483647 2147483647 2147483647 2147483647 2147483647 2147483647 2147483647 2147483647 2147483647 2147483647 2147483647 2147483647 2147483647 2147483647 2147483647 2147483647 2147483647 2147483647 2147483647 2147483647 2147483647 2147483647 2147483647 2147483647 2147483647 2147483647 2147483647 2147483647 2147483647 2147483647 2147483647 2147483647 2147483647 2147483647 2147483647 2147483647 2147483647 2147483647 2147483647 2147483647 2147483647 2147483647 2147483647 2147483647 2147483647 2147483647 2147483647 2147483647 2147483647 2147483647 2147483647 2147483647 2147483647 2147483647 2147483647 2147483647 2147483647 2147483647 2147483647 2147483647 2147483647 2147483647 2147483647 2147483647 2147483647 2147483647 2147483647 2147483647 2147483647 2147483647 2147483647 2147483647 2147483647 2147483647 2147483647 2147483647 2147483647 2147483647 2147483647 2147483647 2147483647 2147483647 2147483647 2147483647 2147483647 2147483647 2147483647 2147483647 2147483647 2147483647 2147483647 2147483647 2147483647 2147483647 2147483647 2147483647 2147483647 2147483647 2147483647 2147483647 2147483647 2147483647 2147483647 2147483647 2147483647 2147483647 2147483647 2147483647 2147483647 2147483647 2147483647 2147483647 2147483647 2147483647 2147483647 2147483647 2147483647 2147483647 2147483647 2147483647 2147483647 2147483647 2147483647 2147483647 2147483647 2147483647 2147483647 2147483647 2147483647 2147483647 2147483647 2147483647 2147483647 2147483647 2147483647 2147483647 2147483647 2147483647 2147483647 2147483647 2147483647 2147483647 2147483647 2147483647 2147483647 2147483647 2147483647 2147483647 2147483647 2147483647 2147483647 2147483647 2147483647 2147483647 2147483647 2147483647 2147483647 2147483647 2147483647 2147483647 2147483647 2147483647 2147483647 2147483647 2147483647 2147483647 2147483647 2147483647 2147483647 2147483647 2147483647 2147483647 2147483647 2147483647 2147483647 2147483647 2147483647 2147483647 2147483647 2147483647 2147483647 2147483647 2147483647 2147483647 2147483647 2147483647 2147483647 2147483647 2147483647 2147483647 2147483647 2147483647 2147483647 2147483647 2147483647 2147483647 2147483647 2147483647 2147483647 2147483647 2147483647 2147483647 2147483647 2147483647 2147483647 2147483647 2147483647 2147483647 2147483647 2147483647 
Altitude
-127.97589111328125 -127.26776123046875 -126.30597686767578 -124.879150390625 -122.68077850341797 -120.35028839111328 -118.37387084960938 -116.0328140258789 -113.93485260009766 -111.81575012207031 -109.83404541015625 -107.65680694580078 -105.63282775878906 -103.50843811035156 -101.64827728271484 -99.56088256835938 -97.75885009765625 -95.50234985351562 -93.57877349853516 -91.75032043457031 -89.85845184326172 -87.79747772216797 -85.91089630126953 -84.1881332397461 -82.76130676269531 -81.42959594726562 -80.59463500976562 -79.84951782226562 -79.00927734375 -78.60765075683594 -77.8149642944336 -77.67228698730469 -77.4661865234375 -76.87960052490234 -76.56781005859375 -76.70520782470703 -76.28773498535156 -76.32472229003906 -76.09220123291016 -76.012939453125 -75.95480346679688 -76.12919616699219 -74.98245239257812 -74.08936309814453 -72.08651733398438 -70.98204803466797 -69.90928649902344 -68.48773956298828 -66.59058380126953 -64.65116119384766 -62.489776611328125 -60.44994354248047 -58.230430603027344 -56.48653030395508 -54.84832000732422 -53.52190017700195 -52.39628982543945 -51.513771057128906 -50.69466781616211 -49.891414642333984 -49.34182357788086 -49.00889587402344 -48.596702575683594 -48.448734283447266 -48.020687103271484 -47.77759552001953 -47.43410110473633 -47.48694610595703 -47.228004455566406 -46.9426383972168 -46.07597351074219 -45.85402297973633 -45.827598571777344 -45.85930633544922 -45.98085021972656 -46.054832458496094 -45.92800521850586 -45.76947021484375 -45.69548416137695 -45.7060546875 -45.64792251586914 -45.72719192504883 -45.62150192260742 -45.674346923828125 -45.827598571777344 -46.07597351074219 -45.473533630371094 -47.39710998535156 -49.183284759521484 -50.504425048828125 -52.99872970581055 -54.66864776611328 -55.79954147338867 -57.46945571899414 -59.2873420715332 -60.428802490234375 -61.8133544921875 -62.981239318847656 -63.80034637451172 -65.68164825439453 -66.5377426147461 -69.02676391601562 -69.30684661865234 -71.20928192138672 -72.51985168457031 -73.925537109375 -75.16740417480469 -75.66415405273438 -76.07634735107422 -76.37228393554688 -76.37228393554688 -76.921875 -77.20195770263672 -77.49789428710938 -77.97879028320312 -78.13732147216797 -78.75032806396484 -77.24951934814453 -76.921875 -77.50846099853516 -78.1531753540039 -77.19667053222656 -77.00643157958984 -76.93772888183594 -77.02757263183594 -77.14911651611328 -77.29179382324219 -77.06455993652344 -77.05399322509766 -77.38691711425781 -77.01699829101562 -76.79505157470703 -76.62065887451172 -77.6987075805664 -77.7779769897461 -76.7791976928711 -75.46334075927734 -73.85684204101562 -72.09708404541016 -71.42066192626953 -70.64383697509766 -69.2434310913086 -67.13489532470703 -66.1202621459961 -63.625953674316406 -61.79750061035156 -59.757667541503906 -58.626773834228516 -57.273929595947266 -55.97393035888672 -55.41905212402344 -54.44669723510742 -54.140193939208984 -53.4056396484375 -53.07271194458008 -52.718650817871094 -52.3540153503418 -52.11092758178711 -51.667022705078125 -51.508487701416016 -51.9893798828125 -52.174339294433594 -53.527183532714844 -51.40279769897461 -49.90198516845703 -48.98775863647461 -49.05645751953125 -48.454017639160156 -48.4117431640625 -48.21092987060547 -48.3377571105957 -48.284912109375 -48.089385986328125 -47.962554931640625 -48.025970458984375 -47.9942626953125 -48.221500396728516 -48.07881546020508 -47.50279998779297 -46.97962951660156 -48.48044204711914 -50.26661682128906 -51.84669876098633 -54.695068359375 -57.31092071533203 -57.982059478759766 -58.96498489379883 -60.16457748413086 -61.707664489746094 -63.02351760864258 -64.40806579589844 -65.5389633178711 -67.41497802734375 -68.84180450439453 -70.08367156982422 -72.03895568847656 -72.96375274658203 -73.89382934570312 -74.91903686523438 -75.6535873413086 -76.41984558105469 -76.81090545654297 -77.14911651611328 -77.99992370605469 -77.92594146728516 -78.14789581298828 -78.90886688232422 -79.1043930053711 -79.26293182373047 -78.51781463623047 -77.3023681640625 -77.80439758300781 -78.41740417480469 -78.64463806152344 -78.52838134765625 -77.90480041503906 -77.58773040771484 -77.6300048828125 -77.70399475097656 -77.78854370117188 -77.54545593261719 -77.59829711914062 -77.91537475585938 -77.59829711914062 -77.51374816894531 -77.43976593017578 -77.86781311035156 -78.12675476074219 -76.91130828857422 -77.08570098876953 -77.5243148803711 -77.5718765258789 -77.5243148803711 -78.25358581542969 -80.0661849975586 -81.6251220703125 -83.27919006347656 -84.80642700195312 -86.19097137451172 -87.94544219970703 -89.28243255615234 -91.13731384277344 -92.4478759765625 -94.07552337646484 -95.43893432617188 -96.70722198486328 -98.18161010742188 -99.70884704589844 -101.18852233886719 -102.59420776367188 -104.51778411865234 -106.05558776855469 -107.6250991821289 -109.03079223632812 -110.61087036132812 -111.53038024902344 -113.1844482421875 -114.64826202392578 -116.20720672607422 -117.85070037841797 -119.40435791015625 -120.91574096679688 -122.8234634399414 -124.68362426757812 -125.49215698242188 -127.05110168457031 -128.29824829101562 