LTE(1) or 5G(2)
2 2 2 2 2 2 2 2 2 2 2 2 2 2 2 2 2 2 2 2 2 2 2 2 2 2 2 2 2 2 2 2 2 2 2 2 2 2 2 2 2 2 2 2 2 2 2 2 2 2 2 2 2 2 2 2 2 2 2 2 2 2 2 2 2 2 2 2 2 2 2 2 2 2 2 2 2 2 2 2 2 2 2 2 2 2 2 2 2 2 2 2 1 1 1 1 1 1 1 2 2 2 2 2 2 2 2 2 2 2 2 2 2 2 2 2 2 2 2 2 2 2 2 2 2 2 2 2 2 2 2 2 2 2 2 2 2 2 2 2 2 2 2 2 2 2 2 2 2 2 2 2 2 2 2 2 2 2 2 2 2 2 2 2 2 2 2 2 2 2 2 2 1 1 2 2 2 2 2 2 2 2 2 1 1 1 1 1 1 2 1 1 1 1 1 1 1 1 1 1 2 2 2 2 2 2 2 2 2 2 2 2 2 2 2 2 2 2 2 2 2 2 2 2 2 2 2 2 2 2 2 2 2 2 2 2 2 2 2 2 2 2 2 2 2 2 2 2 2 1 1 1 2 2 2 2 2 2 1 1 1 1 1 1 1 1 2 2 2 2 1 1 1 1 1 1 2 2 2 2 2 2 2 2 2 2 2 2 2 2 1 1 1 1 1 2 2 2 2 2 2 2 2 2 2 2 2 2 2 2 2 2 2 2 2 2 2 2 2 2 2 2 2 2 2 2 2 2 2 2 2 2 2 2 1 1 2 2 2 2 2 2 2 2 2 2 2 2 2 2 2 2 2 2 2 2 2 2 2 2 2 2 2 2 2 2 2 2 2 2 2 2 2 2 2 2 2 2 2 2 2 
SNR of LTE
2 2 2 2 2 2 2 0 0 0 0 0 0 0 0 0 0 0 0 0 0 0 0 0 0 0 0 0 0 0 0 0 0 1 1 1 1 0 0 0 0 0 0 0 0 -1 -1 -2 -2 -2 -2 -2 -2 -2 -2 -2 -2 -2 -2 -2 -2 -2 -2 -2 -2 -2 -2 -2 -2 -2 -2 -2 -2 -2 -2 -2 -2 -2 -2 -3 -3 -3 -3 -3 -3 -3 -3 -3 -3 -3 -3 -4 -4 -4 -4 -4 -4 -4 -3 -3 -3 -3 -3 -3 -3 -3 -3 -3 -3 -3 -3 -1 -1 0 0 0 0 0 0 0 0 0 0 0 0 0 3 3 3 3 3 3 3 3 3 3 3 3 2 2 2 1 1 1 1 1 1 1 1 1 1 1 1 1 1 0 0 0 0 -1 -1 -1 -1 -2 -2 -2 -2 -3 -3 -4 -4 -4 -4 -4 -5 -5 -5 -5 -5 -5 -5 -5 -5 -5 -5 -5 -5 -5 -4 -4 -4 -4 -4 -4 -4 -3 -3 -3 -3 -3 -3 -3 -3 -3 -2 -2 -2 -2 -2 -2 -2 -2 -1 -1 -1 -1 -1 -1 -1 -1 -1 -1 -1 -1 0 0 0 0 0 0 0 0 0 0 0 0 0 0 0 0 0 0 0 0 0 0 0 0 -1 -1 -1 -1 -3 -3 -3 -3 -3 -4 -5 -5 -5 -6 -6 -6 -7 -7 -7 -7 -7 -7 -7 -7 -7 -6 -6 -6 -5 -5 -5 -5 -4 -4 -4 -4 -4 -4 -4 -4 -4 -4 -4 -4 -4 -4 -4 -4 -4 -5 -5 -5 -5 -5 -5 -5 -5 -5 -5 -5 -5 -5 -5 -5 -5 -4 -4 -4 -4 -4 -4 -4 -4 -4 -4 -3 -3 -3 -3 -3 -3 -3 -3 -3 -3 -3 -3 -3 -3 -3 -3 -3 -3 -3 -3 -3 -3 -3 -3 -3 -3 -3 -2 -2 -2 -2 -2 -2 -1 -1 -1 0 0 0 0 0 0 1 1 1 2 2 2 2 1 1 1 1 1 1 0 0 0 
SNR of 5G
9 9 9 9 9 9 9 8 8 8 2 10 10 10 10 10 10 5 5 5 5 2 2 0 0 2 2 2 2 3 3 3 3 3 3 3 3 2 2 2 1 -1 -1 -1 -1 1 1 -2 -2 -4 -2 3 3 3 3 3 3 3 3 3 3 3 3 3 3 3 3 3 3 3 3 3 3 3 3 3 3 3 3 1 1 0 0 -1 -1 0 0 0 0 -1 -2 6 0 0 0 0 0 0 0 9 9 9 9 9 7 7 7 7 7 7 7 6 6 5 5 5 5 5 5 5 5 5 5 5 5 5 3 2 2 3 3 2 2 2 2 1 1 4 4 2 2 -1 -1 -1 -1 -1 -1 -1 -1 -1 -1 -1 -1 -1 -1 -1 -1 -1 -1 -1 -1 0 0 2 2 2 2 1 1 0 0 0 0 0 2 2 1 1 0 0 -1 -1 1 0 0 0 0 0 0 1 0 0 0 0 0 0 0 0 0 0 0 0 0 0 1 1 1 1 2 2 2 2 5 5 5 5 2 2 0 0 1 1 1 1 2 2 1 1 1 1 2 2 1 1 1 1 2 2 4 4 5 5 2 2 -2 -2 1 0 -3 0 0 0 2 2 3 3 2 2 0 0 0 0 0 0 0 0 3 3 3 3 0 0 0 0 0 0 2 2 1 1 1 1 1 1 1 1 1 1 -3 -6 0 0 0 0 0 0 0 3 3 0 0 -1 -1 -2 -2 3 3 2 2 2 2 2 2 1 1 0 0 0 0 -1 -1 -3 -3 0 0 -4 -4 0 0 -1 -1 0 0 -1 0 0 3 3 2 2 4 4 4 3 0 0 1 1 2 2 1 1 0 0 0 0 1 1 1 1 1 1 1 1 1 1 10 10 4 4 1 1 8 8 8 8 8 8 11 11 11 
RSSI
-51 -51 -51 -51 -51 -51 -51 -51 -51 -51 -51 -51 -51 -51 -51 -51 -51 -51 -51 -51 -51 -51 -51 -51 -51 -51 -51 -51 -51 -51 -51 -51 -51 -51 -51 -51 -51 -51 -51 -51 -51 -51 -51 -51 -51 -51 -51 -51 -51 -51 -51 -51 -51 -51 -51 -51 -51 -51 -51 -51 -51 -51 -51 -51 -51 -51 -51 -51 -51 -51 -51 -51 -51 -51 -51 -51 -51 -51 -51 -51 -51 -51 -51 -51 -51 -51 -51 -51 -51 -51 -51 -51 -51 -51 -51 -51 -51 -51 -51 -51 -51 -51 -51 -51 -51 -51 -51 -51 -51 -51 -51 -51 -51 -51 -51 -51 -51 -51 -51 -51 -51 -51 -51 -51 -51 -51 -51 -51 -51 -51 -51 -51 -51 -51 -51 -51 -51 -51 -51 -51 -51 -51 -51 -51 -51 -51 -51 -51 -51 -51 -51 -51 -51 -51 -51 -51 -51 -51 -51 -51 -51 -51 -51 -51 -51 -51 -51 -51 -51 -51 -51 -51 -51 -51 -51 -51 -51 -51 -51 -51 -51 -51 -51 -51 -51 -51 -51 -51 -51 -51 -51 -51 -51 -51 -51 -51 -51 -51 -51 -51 -51 -51 -51 -51 -51 -51 -51 -51 -51 -51 -51 -51 -51 -51 -51 -51 -51 -51 -51 -51 -51 -51 -51 -51 -51 -51 -51 -51 -51 -51 -51 -51 -51 -51 -51 -51 -51 -51 -51 -51 -51 -51 -51 -51 -51 -51 -51 -51 -51 -51 -51 -51 -51 -51 -51 -51 -51 -51 -51 -51 -51 -51 -51 -51 -51 -51 -51 -51 -51 -51 -51 -51 -51 -51 -51 -51 -51 -51 -51 -51 -51 -51 -51 -51 -51 -51 -51 -51 -51 -51 -51 -51 -51 -51 -51 -51 -51 -51 -51 -51 -51 -51 -51 -51 -51 -51 -51 -51 -51 -51 -51 -51 -51 -51 -51 -51 -51 -51 -51 -51 -51 -51 -51 -51 -51 -51 -51 -51 -51 -51 -51 -51 -51 -51 -51 -51 -51 -51 -51 -51 -51 -51 -51 -51 -51 -51 -51 -51 -51 -51 -51 -51 -51 -51 -51 -51 -51 -51 -51 -51 -51 -51 -51 -51 -51 -51 -51 -51 -51 -51 -51 -51 -51 -51 -51 -51 -51 -51 -51 -51 -51 
RSRP
-80 -80 -80 -80 -80 -80 -80 -79 -79 -79 -79 -78 -78 -78 -78 -78 -78 -77 -77 -77 -77 -77 -77 -77 -77 -76 -76 -76 -76 -76 -76 -76 -76 -76 -76 -76 -76 -76 -76 -76 -76 -76 -76 -76 -76 -77 -77 -77 -77 -77 -77 -78 -78 -78 -78 -78 -78 -78 -78 -78 -78 -78 -78 -78 -78 -78 -78 -78 -78 -78 -78 -78 -78 -78 -78 -78 -78 -78 -78 -78 -78 -78 -78 -78 -78 -78 -78 -78 -78 -78 -78 -78 -78 -78 -78 -78 -78 -78 -78 -78 -78 -78 -78 -78 -77 -77 -77 -77 -77 -77 -77 -75 -75 -74 -73 -73 -73 -73 -73 -73 -73 -73 -73 -73 -73 -73 -72 -72 -72 -72 -72 -72 -72 -72 -72 -72 -72 -72 -73 -73 -73 -73 -73 -73 -73 -73 -73 -73 -73 -73 -73 -72 -72 -72 -72 -73 -73 -73 -73 -73 -73 -73 -73 -74 -74 -74 -74 -74 -74 -74 -74 -74 -74 -74 -75 -75 -76 -76 -76 -76 -76 -76 -76 -76 -76 -76 -76 -76 -76 -76 -76 -76 -76 -76 -76 -77 -77 -77 -77 -76 -76 -76 -76 -76 -76 -76 -75 -75 -75 -75 -75 -75 -75 -75 -75 -75 -74 -74 -74 -74 -74 -74 -74 -74 -74 -74 -74 -74 -75 -75 -76 -76 -76 -76 -76 -76 -77 -77 -77 -77 -77 -77 -76 -76 -76 -76 -76 -76 -76 -76 -76 -76 -77 -77 -77 -77 -77 -77 -77 -77 -77 -79 -79 -79 -79 -79 -80 -80 -80 -80 -80 -80 -80 -79 -78 -78 -77 -77 -76 -76 -76 -76 -75 -74 -74 -74 -74 -74 -74 -74 -74 -74 -74 -76 -76 -76 -76 -77 -77 -77 -77 -78 -78 -78 -78 -78 -78 -79 -79 -79 -79 -80 -80 -80 -80 -79 -79 -79 -79 -79 -79 -79 -79 -79 -79 -78 -78 -78 -78 -78 -78 -78 -78 -78 -78 -78 -78 -78 -77 -77 -77 -77 -77 -78 -78 -78 -78 -78 -78 -78 -78 -78 -78 -78 -77 -77 -77 -77 -77 -76 -76 -76 -76 -76 -76 -75 -75 -75 -75 -75 -75 -75 -75 -75 -75 -75 -75 -75 -76 -76 -76 
CID
13792258 13792258 13792258 13792258 13792258 13792258 13792258 13792258 13792258 13792258 13792258 13792258 13792258 13792258 13792258 13792258 13792258 13792258 13792258 13792258 13792258 13792258 13792258 13792258 13792258 13792258 13792258 13792258 13792258 13792258 13792258 13792258 13792258 13792258 13792258 13792258 13792258 13792258 13792258 13792258 13792258 13792258 13792258 13792258 13792258 13792258 13792258 13792258 13792258 13792258 13792258 13792258 13792258 13792258 13792258 13792258 13792258 13792258 13792258 13792258 13792258 13792258 13792258 13792258 13792258 13792258 13792258 13792258 13792258 13792258 13792258 13792258 13792258 13792258 13792258 13792258 13792258 13792258 13792258 13792258 13792258 13792258 13792258 13792258 13792258 13792258 13792258 13792258 13792258 13792258 13792258 13792523 13792523 13792523 13792523 13792513 13792513 13792513 13792513 13769739 13769739 13769739 13769739 13769739 13769739 13769739 13769739 13769739 13769739 13769739 13769739 13769739 13769739 13769739 13769739 13769739 13769739 13769739 13769739 13769739 13769739 13769739 13769739 13769739 13769739 13769739 13769739 13769739 13769739 13769739 13769739 13769739 13769739 13769739 13769739 13769739 13769739 13769739 13769739 13769739 13769739 13769739 13769739 13769739 13769739 13769739 13769739 13769739 13769739 13769739 13769739 13769739 13769739 13769739 13769739 13769739 13769739 13769739 13769739 13769739 13769739 13769739 13769739 13769739 13769739 13769739 13769739 13769739 13769739 13769739 13769739 13769739 13769739 13769739 13769739 13754890 13754890 13754890 13792258 13792258 13754890 13754890 13754890 13754890 13754890 13754890 13754890 13754890 13754890 13754890 13754890 13754890 13754890 13754890 13754890 13754890 13769739 13769739 13769739 13769739 13769739 13769739 13769739 13769739 13769739 13769739 13769739 13769739 13769739 13792513 13792513 13792513 13792513 13792513 13792513 13792513 13792513 13792513 13792513 13792513 13792513 13792513 13792513 13792513 13792513 13792513 13792513 13792513 13792513 13792513 13792513 13792513 13792513 13792513 13792513 13792513 13792513 13792513 13792513 13792513 13792513 13792513 13792513 13792513 13792513 13792513 13792513 13792513 13792513 13792513 13792513 13792257 13792257 13792257 13792257 13792257 13792257 13792522 13792522 13792522 13792522 13769739 13769739 13769739 13769739 13769739 13769739 13769739 13792258 13792258 13792258 13792258 13792258 13678086 13678086 13678086 13678086 13678086 13678086 13678086 13678086 13678086 13678086 13678086 13678086 13678086 13678086 13678086 13678086 13775887 13775887 13775887 13775887 13792258 13792258 13792258 13792258 13792258 13792258 13769739 13769739 13769739 13769739 13769739 13769739 13769739 13769739 13769739 13769739 13769739 13769739 13769739 13769739 13769739 13769739 13769739 13769739 13769739 13769739 13769739 13769739 13769739 13769739 13769739 13769739 13769739 13769739 13769739 13769739 13769739 13769739 13769739 13769739 13769739 13769739 13769739 13769739 13769739 13769739 13769739 13769739 13769739 13769739 13792258 13792258 13792258 13792258 13792258 13792258 13792258 13792258 13792258 13792258 13792258 13792258 13792258 13792258 13792258 13792258 13792258 13792258 13792258 13792258 13792258 13792258 13792258 13792258 13792258 13792258 13792258 13792258 13792258 13792258 13792258 13792258 13792258 13792258 13792258 13792258 13792258 13792258 
RSRP of 5G
-84 -84 -84 -84 -84 -84 -84 -83 -83 -83 -75 -78 -78 -78 -78 -78 -78 -84 -84 -84 -84 -82 -82 -83 -83 -85 -85 -81 -81 -82 -82 -82 -82 -88 -88 -88 -88 -85 -85 -92 -83 -86 -86 -86 -86 -83 -83 -100 -100 -97 -86 -86 -86 -86 -86 -86 -86 -86 -86 -86 -86 -86 -86 -86 -86 -86 -86 -86 -86 -86 -86 -86 -86 -86 -86 -86 -86 -86 -86 -80 -80 -81 -81 -81 -81 -82 -82 -83 -83 -89 -80 -82 -82 -82 -82 -82 -82 -82 -82 -78 -78 -78 -78 -78 -80 -80 -80 -80 -80 -80 -80 -81 -81 -82 -82 -82 -82 -82 -82 -82 -82 -82 -82 -82 -82 -82 -85 -80 -80 -85 -85 -78 -78 -78 -78 -79 -79 -78 -78 -81 -81 -85 -85 -85 -85 -85 -85 -85 -85 -96 -96 -88 -88 -87 -87 -82 -81 -89 -89 -90 -90 -90 -90 -91 -91 -84 -84 -81 -81 -86 -86 -80 -80 -80 -103 -103 -89 -89 -83 -83 -86 -86 -84 -84 -84 -84 -84 -84 -84 -81 -81 -81 -81 -81 -81 -81 -81 -81 -81 -81 -81 -81 -81 -81 -79 -79 -78 -78 -77 -77 -77 -77 -77 -77 -77 -77 -78 -78 -81 -81 -80 -80 -81 -81 -78 -78 -79 -79 -79 -79 -80 -80 -80 -80 -80 -80 -81 -81 -74 -74 -76 -76 -77 -77 -120 -120 -92 -82 -96 -96 -96 -96 -85 -85 -83 -83 -83 -84 -84 -84 -84 -84 -84 -84 -84 -84 -79 -79 -79 -79 -79 -79 -79 -79 -79 -79 -79 -79 -78 -78 -81 -81 -79 -79 -80 -80 -80 -80 -130 -80 -80 -80 -80 -80 -80 -84 -84 -85 -85 -84 -84 -95 -95 -109 -82 -84 -84 -85 -85 -87 -87 -89 -89 -88 -88 -95 -95 -90 -83 -85 -85 -84 -84 -87 -87 -83 -83 -85 -85 -85 -85 -86 -86 -107 -107 -107 -127 -127 -86 -86 -88 -88 -88 -87 -91 -83 -86 -86 -81 -81 -84 -84 -83 -83 -85 -85 -83 -83 -83 -82 -82 -82 -82 -82 -82 -75 -78 -78 -85 -85 -83 -83 -83 -83 -83 -83 -83 -83 -81 -81 -81 
CQI
2147483647 2147483647 2147483647 2147483647 2147483647 2147483647 2147483647 2147483647 2147483647 2147483647 2147483647 2147483647 2147483647 2147483647 2147483647 2147483647 2147483647 2147483647 2147483647 2147483647 2147483647 2147483647 2147483647 2147483647 2147483647 2147483647 2147483647 2147483647 2147483647 2147483647 2147483647 2147483647 2147483647 2147483647 2147483647 2147483647 2147483647 2147483647 2147483647 2147483647 2147483647 2147483647 2147483647 2147483647 2147483647 2147483647 2147483647 2147483647 2147483647 2147483647 2147483647 2147483647 2147483647 2147483647 2147483647 2147483647 2147483647 2147483647 2147483647 2147483647 2147483647 2147483647 2147483647 2147483647 2147483647 2147483647 2147483647 2147483647 2147483647 2147483647 2147483647 2147483647 2147483647 2147483647 2147483647 2147483647 2147483647 2147483647 2147483647 2147483647 2147483647 2147483647 2147483647 2147483647 2147483647 2147483647 2147483647 2147483647 2147483647 2147483647 2147483647 2147483647 2147483647 2147483647 2147483647 2147483647 2147483647 2147483647 2147483647 2147483647 2147483647 2147483647 2147483647 2147483647 2147483647 2147483647 2147483647 2147483647 2147483647 2147483647 2147483647 2147483647 2147483647 2147483647 2147483647 2147483647 2147483647 2147483647 2147483647 2147483647 2147483647 2147483647 2147483647 2147483647 2147483647 2147483647 2147483647 2147483647 2147483647 2147483647 2147483647 2147483647 2147483647 2147483647 2147483647 2147483647 2147483647 2147483647 2147483647 2147483647 2147483647 2147483647 2147483647 2147483647 2147483647 2147483647 2147483647 2147483647 2147483647 2147483647 2147483647 2147483647 2147483647 2147483647 2147483647 2147483647 2147483647 2147483647 2147483647 2147483647 2147483647 2147483647 2147483647 2147483647 2147483647 2147483647 2147483647 2147483647 2147483647 2147483647 2147483647 2147483647 2147483647 2147483647 2147483647 2147483647 2147483647 2147483647 2147483647 2147483647 2147483647 2147483647 2147483647 2147483647 2147483647 2147483647 2147483647 2147483647 2147483647 2147483647 2147483647 2147483647 2147483647 2147483647 2147483647 2147483647 2147483647 2147483647 2147483647 2147483647 2147483647 2147483647 2147483647 2147483647 2147483647 2147483647 2147483647 2147483647 2147483647 2147483647 2147483647 2147483647 2147483647 2147483647 2147483647 2147483647 2147483647 2147483647 2147483647 2147483647 2147483647 2147483647 2147483647 2147483647 2147483647 2147483647 2147483647 2147483647 2147483647 2147483647 2147483647 2147483647 2147483647 2147483647 2147483647 2147483647 2147483647 2147483647 2147483647 2147483647 2147483647 2147483647 2147483647 2147483647 2147483647 2147483647 2147483647 2147483647 2147483647 2147483647 2147483647 2147483647 2147483647 2147483647 2147483647 2147483647 2147483647 2147483647 2147483647 2147483647 2147483647 2147483647 2147483647 2147483647 2147483647 2147483647 2147483647 2147483647 2147483647 2147483647 2147483647 2147483647 2147483647 2147483647 2147483647 2147483647 2147483647 2147483647 2147483647 2147483647 2147483647 2147483647 2147483647 2147483647 2147483647 2147483647 2147483647 2147483647 2147483647 2147483647 2147483647 2147483647 2147483647 2147483647 2147483647 2147483647 2147483647 2147483647 2147483647 2147483647 2147483647 2147483647 2147483647 2147483647 2147483647 2147483647 2147483647 2147483647 2147483647 2147483647 2147483647 2147483647 2147483647 2147483647 2147483647 2147483647 2147483647 2147483647 2147483647 2147483647 2147483647 2147483647 2147483647 2147483647 2147483647 2147483647 2147483647 2147483647 2147483647 2147483647 2147483647 2147483647 2147483647 2147483647 2147483647 2147483647 2147483647 2147483647 2147483647 2147483647 2147483647 2147483647 2147483647 2147483647 2147483647 2147483647 2147483647 2147483647 2147483647 2147483647 2147483647 2147483647 2147483647 2147483647 2147483647 2147483647 2147483647 2147483647 2147483647 2147483647 2147483647 2147483647 2147483647 2147483647 2147483647 2147483647 2147483647 2147483647 2147483647 2147483647 2147483647 2147483647 2147483647 2147483647 2147483647 2147483647 2147483647 2147483647 2147483647 2147483647 2147483647 
Altitude
-62.80156707763672 -62.10400390625 -61.44872283935547 -60.61376190185547 -59.694252014160156 -58.9966926574707 -58.04547119140625 -57.559295654296875 -56.41254806518555 -55.18124771118164 -53.04100799560547 -51.10157775878906 -48.90848922729492 -46.99020004272461 -44.78125762939453 -42.79426956176758 -40.73857879638672 -38.73044967651367 -36.83858108520508 -34.68248748779297 -32.46297836303711 -30.549970626831055 -28.425582885742188 -26.538999557495117 -24.53087043762207 -22.411767959594727 -20.40363883972168 -18.289819717407227 -16.350391387939453 -14.379254341125488 -12.450394630432129 -10.151616096496582 -8.095927238464355 -5.9504008293151855 -4.158939361572266 -1.907721757888794 0.2113819122314453 2.042477607727051 4.02418327331543 6.000604152679443 8.000804901123047 9.958730697631836 12.202020645141602 14.10445785522461 16.014822006225586 18.213193893432617 20.221323013305664 22.210954666137695 24.227008819580078 26.03696632385254 28.30668067932129 30.309524536132812 32.367855072021484 34.27293395996094 36.22821807861328 38.45301055908203 40.326385498046875 42.29487991333008 44.07048797607422 45.58715057373047 46.75239562988281 47.87800216674805 48.77637481689453 49.5452766418457 50.11865234375 50.90869140625 51.20198440551758 51.71194076538086 51.96295928955078 52.40950393676758 52.509910583496094 52.800559997558594 52.92210388183594 53.01722717285156 53.26031494140625 53.10177993774414 53.09913635253906 52.45706558227539 51.381656646728516 49.88877487182617 47.899139404296875 46.522518157958984 44.86845397949219 43.378211975097656 42.17333221435547 40.498130798339844 39.22455596923828 37.974761962890625 36.711753845214844 34.719478607177734 33.794681549072266 32.000579833984375 30.37293815612793 28.89590835571289 28.245908737182617 26.607698440551758 25.01704978942871 21.77762222290039 21.39449119567871 19.90424919128418 18.22640609741211 16.429658889770508 15.399171829223633 13.546937942504883 11.83210277557373 10.62458324432373 10.122550964355469 9.1158447265625 7.435359001159668 6.206701278686523 3.7678825855255127 1.870729923248291 1.0991859436035156 0.04227638244628906 -1.2999987602233887 -2.187802791595459 -3.3926796913146973 -3.7890207767486572 -4.3967437744140625 -4.819507598876953 -5.284547805786133 -5.691457748413086 -5.865848064422607 -6.114221572875977 -6.505278587341309 -6.848773956298828 -7.176415920257568 -7.002025604248047 -7.519911766052246 -7.165846824645996 -7.32438325881958 -7.752431869506836 -7.842268943786621 -7.213407516479492 -6.278042793273926 -4.61869478225708 -3.614630699157715 -1.1678850650787354 -2.224794626235962 -1.7650389671325684 -0.6235766410827637 0.9749990701675415 3.1892247200012207 5.033531665802002 6.9438958168029785 8.106496810913086 10.347145080566406 12.635354042053223 14.442668914794922 16.075593948364258 18.43250274658203 20.23717498779297 21.774978637695312 24.35912322998047 26.866641998291016 28.8826961517334 31.345294952392578 32.87517166137695 35.422325134277344 36.71968078613281 38.402809143066406 39.776790618896484 41.36743927001953 43.02678680419922 44.95564651489258 45.51052474975586 45.8619499206543 46.10768127441406 46.22129821777344 46.659915924072266 47.4658088684082 47.64812469482422 47.589996337890625 47.76702880859375 48.884708404541016 49.28633499145508 50.13978958129883 50.8558464050293 51.27068328857422 50.26133346557617 49.2546272277832 50.12129211425781 50.459503173828125 50.322105407714844 49.119873046875 47.518653869628906 46.22393798828125 44.21845245361328 42.51683044433594 40.881263732910156 38.41337966918945 37.72903060913086 36.698543548583984 35.261146545410156 33.200172424316406 33.139400482177734 30.874971389770508 29.601394653320312 27.955257415771484 26.742454528808594 25.368471145629883 23.867660522460938 22.60201072692871 19.15384292602539 18.902828216552734 18.604249954223633 15.076814651489258 14.831083297729492 12.791248321533203 11.525598526000977 10.859745979309082 8.946739196777344 7.453854560852051 7.411578178405762 5.805075645446777 4.357109546661377 3.065037727355957 1.514022946357727 -0.30121922492980957 -1.7756080627441406 -1.8495917320251465 -4.069101810455322 -3.89471173286438 -5.015035629272461 -5.511783599853516 -6.034953594207764 -6.938611030578613 -7.630887031555176 -7.8158464431762695 -7.847553253173828 -8.365439414978027 -7.694301605224609 -7.382513046264648 -7.4617815017700195 -7.689017295837402 -7.916252613067627 -7.984951972961426 -7.863407135009766 -7.694301605224609 -7.509342193603516 -7.287391662597656 -6.452432632446289 -4.1536545753479 -2.5260138511657715 -1.7650389671325684 -0.8085358142852783 0.8481699228286743 2.6052820682525635 4.771946907043457 6.576619625091553 8.420927047729492 10.616656303405762 11.121331214904785 13.309133529663086 15.153440475463867 17.25404930114746 19.100997924804688 21.225385665893555 23.122539520263672 25.693471908569336 27.585338592529297 29.52741050720215 31.517044067382812 33.37720489501953 35.81866455078125 37.6708984375 39.269474029541016 40.706871032714844 41.81134033203125 43.1351203918457 44.25544738769531 46.5251579284668 47.534507751464844 48.4408073425293 48.86885452270508 49.21499252319336 49.48450469970703 49.76987075805664 49.574344635009766 50.512351989746094 50.60218811035156 50.31153869628906 50.245479583740234 50.98003387451172 51.011741638183594 51.00117111206055 51.13592529296875 52.03165817260742 51.883689880371094 51.648529052734375 51.035518646240234 51.61946105957031 50.47007369995117 49.701171875 47.50544357299805 45.92536163330078 44.00442886352539 43.18003845214844 41.77170944213867 40.52983856201172 39.182281494140625 37.766021728515625 36.59284973144531 35.2030143737793 33.71012878417969 32.19874954223633 31.04671859741211 29.58025550842285 28.27761459350586 26.787372589111328 25.513797760009766 24.21379852294922 22.522743225097656 21.00079345703125 19.322948455810547 17.626609802246094 16.212993621826172 14.72539234161377 13.367263793945312 12.17559814453125 10.3233642578125 9.40121078491211 7.691659450531006 6.079872131347656 4.901418209075928 4.053248405456543 2.43881893157959 1.6461366415023804 0.8560967445373535 0.04491865634918213 -3.2922732830047607 -5.17885684967041 -6.214628219604492 -7.32438325881958 -8.148773193359375 -9.707714080810547 -11.969500541687012 -13.264215469360352 -13.264215469360352 -14.553644180297852 -16.34510612487793 -19.27274513244629 -20.54103660583496 -21.117053985595703 -22.591442108154297 -24.166236877441406 -25.603633880615234 -27.067453384399414 -29.170703887939453 -31.00444221496582 -32.11948013305664 -34.01663589477539 -36.32069778442383 -37.916629791259766 -39.274757385253906 -40.685733795166016 -42.08613967895508 -43.14304733276367 -44.184104919433594 -44.828819274902344 -46.48288345336914 -48.675968170166016 -51.011741638183594 -52.48084259033203 -53.7702751159668 -55.5828742980957 -56.53409194946289 -58.02962112426758 -58.980838775634766 -60.68246078491211 -60.909698486328125 -61.913761138916016 -62.01945495605469 -62.16741943359375 -62.31538772583008 -62.85441207885742 -62.96538543701172 -63.15034484863281 -63.38814926147461 -63.38286590576172 -63.85319137573242 