LTE(1) or 5G(2)
1 1 1 1 1 1 1 1 1 1 1 1 1 1 1 1 1 1 1 1 1 1 1 1 1 1 1 1 1 1 1 1 1 1 1 1 1 1 1 1 1 1 1 1 1 1 1 1 1 1 1 1 1 1 1 1 1 1 1 1 1 1 1 1 1 1 1 1 1 1 1 1 1 1 1 1 1 1 1 1 1 1 1 1 1 1 1 1 1 1 1 1 1 1 1 1 1 1 1 1 1 1 1 1 1 1 1 1 1 1 1 1 1 1 1 1 1 1 1 1 1 1 1 1 1 1 1 1 1 1 1 1 1 1 1 1 1 1 1 1 1 1 1 1 1 1 1 1 1 1 1 1 1 1 1 1 1 1 1 1 2 2 2 2 2 2 2 2 2 2 2 2 2 2 2 2 1 1 1 1 1 1 1 1 1 1 1 1 1 1 1 1 1 1 1 1 1 1 1 1 1 1 1 1 1 1 1 1 1 1 1 1 1 1 1 1 1 1 1 1 1 1 1 1 1 1 1 1 1 1 1 1 1 1 1 1 1 1 1 1 1 1 1 1 1 1 1 1 1 1 1 1 1 1 1 1 1 1 1 1 1 1 1 1 1 1 1 1 1 1 1 1 1 1 1 1 
SNR of LTE
1 1 1 1 1 1 0 0 0 0 0 0 0 0 0 0 0 0 -2 -2 -2 -2 -2 -2 -2 -2 -2 1 1 1 1 1 1 1 1 1 1 1 1 1 1 1 1 1 1 1 1 1 1 1 1 1 1 0 0 0 0 0 0 0 0 0 0 0 0 0 0 0 0 0 0 0 0 0 0 0 0 0 0 0 0 0 0 0 0 0 0 0 0 0 0 0 0 0 0 0 0 0 0 0 -2 -2 -2 -2 -2 -2 -2 -2 -2 -2 -2 -2 -2 -2 -2 -2 -2 -2 -2 -2 -1 -1 -1 -1 -1 0 0 0 0 0 0 0 0 0 0 0 0 0 0 0 0 0 0 0 0 0 0 0 0 0 0 0 0 0 0 0 0 0 0 -1 -1 -1 -2 -2 -2 -2 -3 -3 -3 -3 -3 -3 -4 -4 -4 -6 -6 -6 -7 -7 -7 -7 -7 -7 -7 -7 -7 -6 -6 -6 -6 -6 -4 -4 -4 -4 -4 -4 -4 -4 -4 0 0 2 2 4 4 4 4 4 6 6 6 6 6 6 6 6 6 6 6 6 6 6 6 6 6 6 5 5 5 5 5 4 4 4 4 4 4 2 2 2 2 2 2 2 2 2 2 2 2 2 2 2 2 2 2 2 2 2 2 2 2 2 2 2 2 2 3 3 3 3 3 3 3 3 
SNR of 5G
0 0 0 0 0 0 0 0 0 0 0 0 0 0 0 0 0 0 0 0 0 0 0 0 0 0 0 0 0 0 0 0 0 0 0 0 0 0 0 0 0 0 0 0 0 0 0 0 0 0 0 0 0 0 0 0 0 0 0 0 0 0 0 0 0 0 0 0 0 0 0 0 0 0 0 0 0 0 0 0 0 0 0 0 0 0 0 0 0 0 0 0 0 0 0 0 0 0 0 0 0 0 0 0 0 0 0 0 0 0 0 0 0 0 0 0 0 0 0 0 0 0 0 0 0 0 0 0 0 0 0 0 0 0 0 0 0 0 0 0 0 0 0 0 0 0 0 0 0 0 0 0 0 0 0 0 0 0 0 0 -2 -2 -2 -2 -2 -2 -1 -1 -1 -1 5 5 5 5 5 3 0 0 0 0 0 0 0 0 0 0 0 0 0 0 0 0 0 0 0 0 0 0 0 0 0 0 0 0 0 0 0 0 0 0 0 0 0 0 0 0 0 0 0 0 0 0 0 0 0 0 0 0 0 0 0 0 0 0 0 0 0 0 0 0 0 0 0 0 0 0 0 0 0 0 0 0 0 0 0 0 0 0 0 0 0 0 0 0 0 0 0 0 0 0 0 0 0 0 0 0 
RSSI
-51 -51 -51 -51 -51 -51 -51 -51 -51 -51 -51 -51 -51 -51 -51 -51 -51 -51 -51 -51 -51 -51 -51 -51 -51 -51 -51 -51 -51 -51 -51 -51 -51 -51 -51 -51 -51 -51 -51 -51 -51 -51 -51 -51 -51 -51 -51 -51 -51 -51 -51 -51 -51 -51 -51 -51 -51 -51 -51 -51 -51 -51 -51 -51 -51 -51 -51 -51 -51 -51 -51 -51 -51 -51 -51 -51 -51 -51 -51 -51 -51 -51 -51 -51 -51 -51 -51 -51 -51 -51 -51 -51 -51 -51 -51 -51 -51 -51 -51 -51 -51 -51 -51 -51 -51 -51 -51 -51 -51 -51 -51 -51 -51 -51 -51 -51 -51 -51 -51 -51 -51 -51 -51 -51 -51 -51 -51 -51 -51 -51 -51 -51 -51 -51 -51 -51 -51 -51 -51 -51 -51 -51 -51 -51 -51 -51 -51 -51 -51 -51 -51 -51 -51 -51 -51 -51 -51 -51 -51 -51 -51 -51 -51 -51 -51 -51 -51 -51 -51 -51 -51 -51 -51 -51 -51 -51 -51 -51 -51 -51 -51 -51 -51 -51 -51 -51 -51 -51 -51 -51 -51 -51 -51 -51 -51 -51 -51 -51 -51 -51 -51 -51 -51 -51 -51 -51 -51 -51 -51 -51 -51 -51 -51 -51 -51 -51 -51 -51 -51 -51 -51 -51 -51 -51 -51 -51 -51 -51 -51 -51 -51 -51 -51 -51 -51 -51 -51 -51 -51 -51 -51 -51 -51 -51 -51 -51 -51 -51 -51 -51 -51 -51 -51 -51 -51 -51 -51 -51 -51 -51 -51 -51 -51 -51 -51 -51 -51 -51 -51 -51 -51 -51 -51 -51 -51 -51 
RSRP
-77 -77 -77 -77 -77 -77 -76 -76 -76 -74 -74 -74 -74 -74 -74 -74 -74 -74 -75 -75 -75 -75 -75 -75 -75 -75 -75 -74 -74 -74 -74 -74 -74 -74 -74 -74 -74 -74 -74 -74 -74 -74 -74 -74 -74 -74 -74 -74 -74 -74 -74 -74 -74 -75 -75 -75 -75 -75 -75 -75 -75 -75 -75 -75 -75 -75 -75 -75 -75 -75 -75 -75 -75 -75 -75 -75 -75 -75 -75 -75 -75 -75 -75 -75 -75 -75 -75 -75 -75 -75 -75 -75 -75 -75 -75 -75 -75 -75 -75 -75 -75 -75 -75 -74 -74 -74 -74 -74 -74 -74 -74 -74 -74 -75 -75 -75 -75 -75 -75 -75 -74 -74 -74 -74 -74 -74 -74 -74 -74 -75 -75 -76 -76 -76 -76 -76 -76 -76 -75 -75 -75 -75 -75 -75 -75 -75 -75 -75 -75 -75 -75 -75 -75 -75 -75 -75 -75 -75 -75 -79 -79 -79 -79 -79 -79 -79 -80 -80 -80 -81 -81 -81 -81 -81 -81 -82 -82 -82 -83 -83 -83 -83 -83 -83 -82 -82 -82 -78 -78 -78 -78 -78 -74 -74 -74 -74 -74 -74 -74 -74 -74 -69 -69 -67 -67 -66 -66 -66 -66 -66 -66 -66 -66 -66 -66 -66 -66 -66 -66 -66 -66 -66 -66 -66 -66 -66 -66 -66 -68 -68 -68 -68 -68 -69 -69 -69 -69 -69 -69 -70 -70 -70 -70 -70 -70 -70 -70 -70 -70 -70 -70 -70 -70 -70 -70 -70 -70 -70 -70 -70 -70 -70 -70 -70 -70 -70 -70 -70 -69 -68 -68 -68 -68 -68 -68 -68 
CID
13754896 13754896 13754896 13754896 13754896 13754896 13754896 13754896 13769745 13769745 13769745 13769745 13769745 13769745 13769745 13769745 13769745 13769745 13769745 13769745 13769745 13769745 13769745 13769745 13769745 13769745 13769745 13769745 13769745 13769745 13769745 13769745 13769745 13769745 13769745 13769745 13769745 13769745 13769745 13769745 13769745 13769745 13769745 13769745 13769745 13769745 13769745 13769745 13769745 13769745 13769745 13769745 13769745 13769745 13769745 13769745 13769745 13769745 13769745 13769745 13769745 13769745 13769745 13769745 13769745 13769745 13769745 13769745 13769745 13769745 13769745 13769745 13769745 13769745 13769745 13769745 13769745 13769745 13769745 13769745 13769745 13769745 13769745 13769745 13769745 13769745 13769745 13769745 13769745 13769745 13769745 13769745 13769745 13769745 13769745 13769745 13769745 13769745 13769745 13769745 13754896 13754896 13754896 13754896 13754896 13754896 13754896 13754896 13754896 13754896 13754896 13754896 13754896 13754896 13754896 13754896 13754896 13754896 13754896 13754896 13754896 13754896 13754896 13754896 13754896 13754896 13754896 13754896 13754896 13754896 13754896 13754896 13754896 13754896 13754896 13754896 13754896 13754896 13754896 13754896 13754896 13754896 13754896 13754896 13754896 13769745 13769745 13769745 13769745 13769745 13769745 13769745 13769745 13769745 13769745 13769745 13769745 13769745 13769745 13769745 13769745 13769745 13769745 13769745 13769745 13769745 13769745 13769745 13769745 13769745 13769745 13754896 13792534 13792534 13792534 13792277 13792277 13792277 13792277 13792513 13792513 13792513 13792513 13792513 13678086 13678086 13678086 13678086 13678086 13678086 13678086 13678086 13678086 13678086 13678086 13678086 13678086 13678086 13678086 13678086 13678086 13678086 13678086 13678086 13678086 13678086 13678086 13678086 13678086 13678086 13678086 13678086 13678086 13678086 13678086 13678086 13678086 13678086 13678086 13678086 13678086 13678086 13678086 13678086 13678086 13678086 13678086 13678086 13678086 13678086 13678086 13678086 13678086 13678086 13678086 13678086 13678086 13678086 13678086 13678086 13678086 13678086 13678086 13678086 13678086 13678086 13678086 13678086 13678086 13678086 13678086 13678086 13678086 13678086 13678086 13678086 13678086 13678086 13678086 13678086 13678086 13678086 13678086 13678086 13678086 13678086 13678086 13678086 13678086 13678086 13678086 13678086 13678086 13678086 13678086 13678086 
RSRP of 5G
-87 -87 -87 -87 -87 -87 -87 -87 -87 -87 -87 -87 -87 -87 -87 -87 -87 -87 -87 -87 -87 -87 -87 -87 -87 -87 -87 -87 -87 -87 -87 -87 -87 -87 -87 -87 -87 -87 -87 -87 -87 -87 -87 -87 -87 -87 -87 -87 -87 -87 -87 -87 -87 -87 -87 -87 -87 -87 -87 -87 -87 -87 -87 -87 -87 -87 -87 -87 -87 -87 -87 -87 -87 -87 -87 -87 -87 -87 -87 -87 -87 -87 -87 -87 -87 -87 -87 -87 -87 -87 -87 -87 -87 -87 -87 -87 -87 -87 -87 -87 -87 -87 -87 -87 -87 -87 -87 -87 -87 -87 -87 -87 -87 -87 -87 -87 -87 -87 -87 -87 -87 -87 -87 -87 -87 -87 -87 -87 -87 -87 -87 -87 -87 -87 -87 -87 -87 -87 -87 -87 -87 -87 -87 -87 -87 -87 -87 -87 -87 -87 -87 -87 -87 -87 -87 -87 -87 -87 -87 -87 -83 -83 -80 -80 -80 -80 -80 -80 -81 -81 -79 -79 -79 -79 -79 -78 -78 -78 -78 -78 -78 -78 -78 -78 -78 -78 -78 -78 -78 -78 -78 -78 -78 -78 -78 -78 -78 -78 -78 -78 -78 -78 -78 -78 -78 -78 -78 -78 -78 -78 -78 -78 -78 -78 -78 -78 -78 -78 -78 -78 -78 -78 -78 -78 -78 -78 -78 -78 -78 -78 -78 -78 -78 -78 -78 -78 -78 -78 -78 -78 -78 -78 -78 -78 -78 -78 -78 -78 -78 -78 -78 -78 -78 -78 -78 -78 -78 -78 -78 -78 -78 -78 -78 -78 -78 -78 -78 -78 -78 -78 -78 -78 -78 -78 -78 -78 
CQI
2147483647 2147483647 2147483647 2147483647 2147483647 2147483647 2147483647 2147483647 2147483647 2147483647 2147483647 2147483647 2147483647 2147483647 2147483647 2147483647 2147483647 2147483647 2147483647 2147483647 2147483647 2147483647 2147483647 2147483647 2147483647 2147483647 2147483647 2147483647 2147483647 2147483647 2147483647 2147483647 2147483647 2147483647 2147483647 2147483647 2147483647 2147483647 2147483647 2147483647 2147483647 2147483647 2147483647 2147483647 2147483647 2147483647 2147483647 2147483647 2147483647 2147483647 2147483647 2147483647 2147483647 2147483647 2147483647 2147483647 2147483647 2147483647 2147483647 2147483647 2147483647 2147483647 2147483647 2147483647 2147483647 2147483647 2147483647 2147483647 2147483647 2147483647 2147483647 2147483647 2147483647 2147483647 2147483647 2147483647 2147483647 2147483647 2147483647 2147483647 2147483647 2147483647 2147483647 2147483647 2147483647 2147483647 2147483647 2147483647 2147483647 2147483647 2147483647 2147483647 2147483647 2147483647 2147483647 2147483647 2147483647 2147483647 2147483647 2147483647 2147483647 2147483647 2147483647 2147483647 2147483647 2147483647 2147483647 2147483647 2147483647 2147483647 2147483647 2147483647 2147483647 2147483647 2147483647 2147483647 2147483647 2147483647 2147483647 2147483647 2147483647 2147483647 2147483647 2147483647 2147483647 2147483647 2147483647 2147483647 2147483647 2147483647 2147483647 2147483647 2147483647 2147483647 2147483647 2147483647 2147483647 2147483647 2147483647 2147483647 2147483647 2147483647 2147483647 2147483647 2147483647 2147483647 2147483647 2147483647 2147483647 2147483647 2147483647 2147483647 2147483647 2147483647 2147483647 2147483647 2147483647 2147483647 2147483647 2147483647 2147483647 2147483647 2147483647 2147483647 2147483647 2147483647 2147483647 2147483647 2147483647 2147483647 2147483647 2147483647 2147483647 2147483647 2147483647 2147483647 2147483647 2147483647 2147483647 2147483647 2147483647 2147483647 2147483647 2147483647 2147483647 2147483647 2147483647 2147483647 2147483647 2147483647 2147483647 2147483647 2147483647 2147483647 2147483647 2147483647 2147483647 2147483647 2147483647 2147483647 2147483647 2147483647 2147483647 2147483647 2147483647 2147483647 2147483647 2147483647 2147483647 2147483647 2147483647 2147483647 2147483647 2147483647 2147483647 2147483647 2147483647 2147483647 2147483647 2147483647 2147483647 2147483647 2147483647 2147483647 2147483647 2147483647 2147483647 2147483647 2147483647 2147483647 2147483647 2147483647 2147483647 2147483647 2147483647 2147483647 2147483647 2147483647 2147483647 2147483647 2147483647 2147483647 2147483647 2147483647 2147483647 2147483647 2147483647 2147483647 2147483647 2147483647 2147483647 2147483647 2147483647 2147483647 2147483647 2147483647 2147483647 2147483647 2147483647 2147483647 2147483647 2147483647 2147483647 2147483647 2147483647 2147483647 2147483647 2147483647 2147483647 2147483647 2147483647 2147483647 2147483647 2147483647 2147483647 2147483647 
Altitude
-92.9340591430664 -92.23649597167969 -91.6446304321289 -90.62471008300781 -88.77511596679688 -86.92552947998047 -84.55805206298828 -82.32797241210938 -80.38854217529297 -78.51252746582031 -76.46212005615234 -74.3641586303711 -72.3666000366211 -70.53814697265625 -68.43489074707031 -66.70684814453125 -64.92066955566406 -62.73815155029297 -60.83042907714844 -58.53165054321289 -56.50767135620117 -54.60523223876953 -52.74507141113281 -51.513771057128906 -50.41987228393555 -49.4105224609375 -48.49629592895508 -47.77759552001953 -47.14345169067383 -46.514591217041016 -46.186946868896484 -45.79060745239258 -45.39955139160156 -44.95036315917969 -44.69142150878906 -44.6332893371582 -44.29507827758789 -44.168251037597656 -44.08898162841797 -43.93044662475586 -43.63979721069336 -43.317440032958984 -43.322723388671875 -43.106056213378906 -42.746707916259766 -42.80483627319336 -42.773128509521484 -42.57760238647461 -42.21296691894531 -42.09142303466797 -39.269474029541016 -37.79508590698242 -36.38411331176758 -36.880859375 -35.570289611816406 -33.720699310302734 -31.738994598388672 -29.767858505249023 -27.733306884765625 -25.825584411621094 -23.986562728881836 -22.454044342041016 -21.101200103759766 -20.165834426879883 -19.0296573638916 -18.416648864746094 -17.98331642150879 -17.375593185424805 -17.158926010131836 -16.715024948120117 -15.964618682861328 -16.049171447753906 -15.520716667175293 -15.319904327392578 -15.198359489440918 -15.547140121459961 -15.774374961853027 -14.22600269317627 -13.739824295043945 -13.887791633605957 -14.030474662780762 -13.972344398498535 -13.047548294067383 -12.682914733886719 -12.513809204101562 -12.439825057983398 -12.402833938598633 -12.841451644897461 -12.867874145507812 -13.40689754486084 -12.989418029785156 -12.027630805969238 -11.93250846862793 -12.540231704711914 -12.47681713104248 -13.82966136932373 -16.651609420776367 -17.978031158447266 -19.82762336730957 -20.562175750732422 -22.792255401611328 -24.515016555786133 -25.360544204711914 -26.59184455871582 -27.81257438659668 -29.493061065673828 -31.29509162902832 -32.563385009765625 -33.74712371826172 -35.74996566772461 -37.203216552734375 -37.921913146972656 -38.98939514160156 -39.41215896606445 -40.21540832519531 -40.685733795166016 -41.59996032714844 -41.44670867919922 -41.95402526855469 -42.334510803222656 -42.22882080078125 -42.75727462768555 -43.232887268066406 -42.45077133178711 -42.6357307434082 -42.21825408935547 -41.91703414916992 -41.816627502441406 -41.895896911621094 -42.28695297241211 -42.38207244873047 -42.29751968383789 -42.487762451171875 -42.56174850463867 -42.59873962402344 -42.42435073852539 -42.4719123840332 -42.265811920166016 -42.387359619140625 -41.996299743652344 -41.65808868408203 -41.039798736572266 -39.465003967285156 -37.39345932006836 -36.7011833190918 -36.17801284790039 -34.67191696166992 -33.13411331176758 -31.310945510864258 -29.60932159423828 -27.891843795776367 -25.7304630279541 -23.674774169921875 -22.628433227539062 -21.518678665161133 -20.82640266418457 -20.229248046875 -19.436567306518555 -18.638599395751953 -18.305673599243164 -17.54469871520996 -17.317462921142578 -17.20648765563965 -16.979251861572266 -16.249984741210938 -16.265838623046875 -15.58941650390625 -15.267058372497559 -14.807302474975586 -14.849578857421875 -13.99348258972168 -13.269499778747559 -14.358116149902344 -14.342262268066406 -13.87193775177002 -12.962995529174805 -12.41868782043457 -12.344703674316406 -12.561369895935059 -12.746329307556152 -12.492671012878418 -12.630069732666016 -12.561369895935059 -12.556085586547852 -12.677630424499512 -13.047548294067383 -13.792669296264648 -15.335758209228516 -16.87356185913086 -17.602828979492188 -19.034940719604492 -21.143476486206055 -22.46461296081543 -22.596725463867188 -24.536155700683594 -25.714609146118164 -27.860136032104492 -29.234119415283203 -29.662166595458984 -32.32558059692383 -33.9954948425293 -35.86622619628906 -35.87679672241211 -37.25606155395508 -37.67354202270508 -40.01988220214844 -40.194271087646484 -40.50605773925781 -40.9499626159668 -41.478416442871094 -41.747928619384766 -42.524757385253906 -42.15483856201172 -42.746707916259766 -43.50239562988281 -43.70849609375 -42.49833297729492 -42.234107971191406 -42.28166580200195 -42.487762451171875 -42.57231903076172 -42.6357307434082 -42.545894622802734 -42.50890350341797 -42.64101791381836 -42.8206901550293 -43.232887268066406 -43.36499786376953 -42.85768127441406 -42.767845153808594 -42.44548797607422 -42.64630126953125 -42.392642974853516 -42.456058502197266 -43.121910095214844 -42.7625617980957 -42.51418685913086 -42.810123443603516 -43.65036392211914 -44.71784210205078 -45.64263916015625 -46.83694839477539 -48.33247375488281 -49.759300231933594 -50.160926818847656 -51.20198440551758 -53.500762939453125 -55.03856658935547 -57.04669189453125 -58.2357177734375 -59.7048225402832 -60.52920913696289 -62.045875549316406 -64.67229461669922 -64.83612060546875 -66.03042602539062 -68.14952850341797 -69.74018096923828 -71.02960968017578 -72.9267578125 -73.51863098144531 -74.1580581665039 -75.26252746582031 -76.64707946777344 -78.25886535644531 -80.59992218017578 -82.72959899902344 -83.88162994384766 -85.2238998413086 -87.24788665771484 -88.94422149658203 -89.18731689453125 -90.3552017211914 -92.37918090820312 -94.03324127197266 -94.32389068603516 