LTE(1) or 5G(2)
2 2 2 2 2 2 2 2 2 2 2 2 2 2 2 2 2 2 2 2 2 2 2 2 2 2 2 2 2 2 2 2 2 2 2 2 2 2 2 2 2 2 2 2 2 2 1 1 2 2 2 2 2 2 2 2 2 2 2 2 2 2 2 2 2 2 2 2 2 2 2 2 2 2 2 2 2 2 2 2 2 2 2 2 2 2 1 1 2 2 2 1 1 1 2 1 1 2 2 2 2 2 2 1 1 1 1 1 1 1 1 2 2 2 2 2 2 2 2 2 2 2 2 1 1 2 2 1 1 2 2 2 2 2 2 2 2 2 2 2 2 2 2 2 2 2 2 2 2 2 2 2 2 2 2 2 2 2 2 2 2 2 2 2 2 2 2 2 2 2 2 2 2 2 2 2 2 2 2 2 2 2 2 2 2 2 2 2 2 2 2 2 2 2 2 2 2 2 2 2 2 2 1 1 1 2 2 2 2 2 2 2 1 1 1 1 1 1 1 1 1 2 2 2 2 2 2 2 2 2 2 2 2 2 2 2 2 2 2 2 2 2 2 2 2 2 2 2 2 2 2 2 2 2 2 2 2 2 2 2 2 2 2 2 2 2 2 2 2 2 2 2 2 2 2 2 2 2 2 2 2 2 2 2 2 2 2 2 2 2 2 
SNR of LTE
2 1 1 1 1 1 1 1 1 1 1 1 1 1 1 0 0 0 0 0 0 0 0 0 0 0 0 0 0 0 0 -1 -1 -2 -2 -2 -2 -2 -2 -2 -2 -3 -3 -3 -3 -3 -3 -3 -3 -3 -3 -3 -3 -3 -3 -2 -2 -2 -2 -2 -2 -2 -2 -2 -2 -2 -2 -2 -2 -2 -2 -2 -2 -1 -1 -1 -1 -2 -2 -2 -2 -2 -2 -2 -2 -2 -2 -2 -2 -2 -2 -3 -3 -3 -3 -3 -3 -3 -3 -3 -3 -3 -3 -3 -3 -3 -3 -3 -4 -4 -4 -4 -4 -4 -4 -4 -4 -4 -4 -4 -4 -4 -4 -4 -4 -4 -4 -4 -4 -4 -4 -4 -4 -4 -4 -3 -3 -2 -2 -2 -2 0 0 0 0 0 0 0 3 3 3 3 3 4 4 4 4 4 4 5 5 5 5 4 4 4 4 4 4 3 3 3 3 3 3 1 1 1 1 0 0 0 0 0 0 0 0 0 0 -3 -3 -3 -3 -4 -4 -4 -4 -4 -5 -5 -5 -5 -5 -5 -5 -5 -5 -5 -5 -5 -5 -5 -6 -6 -6 -6 -6 -6 -6 -6 -6 -5 -5 -5 -5 -5 -5 -5 -5 -5 -5 -5 -5 -4 -4 -4 -4 -3 -3 -3 -3 -3 -3 -3 -3 -3 -3 -3 -3 -3 -3 -3 -3 -2 -2 -2 -2 -2 -2 -2 -2 -2 -2 -2 -2 -2 -2 -2 -2 -2 -2 -2 -2 -2 -1 -1 -1 -1 -1 -1 -1 -1 -1 -1 -1 -1 0 0 0 0 0 
SNR of 5G
7 6 6 -5 -6 10 10 10 10 8 8 8 8 8 8 3 3 2 2 3 3 4 4 6 6 6 6 6 6 6 6 3 3 3 4 -2 -2 -2 -2 -2 -2 -3 -3 -1 -1 -3 0 0 -6 3 3 3 3 3 3 1 1 4 4 4 4 4 4 4 4 4 4 4 4 2 2 1 1 -3 -3 -3 -3 -3 -3 -3 -3 -3 -3 -3 -3 -3 0 0 -1 -1 -2 0 0 0 -2 0 0 -3 -3 -3 -3 -5 -5 0 0 0 0 0 0 0 0 0 0 0 0 0 0 0 0 -1 -1 -2 -2 0 0 0 0 0 0 5 5 5 5 5 5 6 6 4 4 4 4 6 6 6 6 5 5 5 8 4 4 5 5 2 2 2 2 3 3 2 2 1 1 -1 -1 -4 -4 -4 -4 -4 -4 1 1 1 1 -1 -2 1 1 2 2 2 2 2 2 2 2 2 2 2 2 1 1 0 0 0 0 -1 -1 2 2 1 0 0 0 -1 2 2 2 2 2 2 0 0 0 0 0 0 0 0 0 1 1 1 1 0 0 4 4 5 5 5 5 7 7 7 7 7 7 6 6 6 6 4 4 4 4 4 4 4 4 0 0 1 1 -1 -1 -1 -1 0 0 0 0 0 0 2 1 1 1 1 2 2 4 4 5 5 5 5 6 6 6 6 4 4 8 8 11 11 9 9 4 
RSSI
-51 -51 -51 -51 -51 -51 -51 -51 -51 -51 -51 -51 -51 -51 -51 -51 -51 -51 -51 -51 -51 -51 -51 -51 -51 -51 -51 -51 -51 -51 -51 -51 -51 -51 -51 -51 -51 -51 -51 -51 -51 -51 -51 -51 -51 -51 -51 -51 -51 -51 -51 -51 -51 -51 -51 -51 -51 -51 -51 -51 -51 -51 -51 -51 -51 -51 -51 -51 -51 -51 -51 -51 -51 -51 -51 -51 -51 -51 -51 -51 -51 -51 -51 -51 -51 -51 -51 -51 -51 -51 -51 -51 -51 -51 -51 -51 -51 -51 -51 -51 -51 -51 -51 -51 -51 -51 -51 -51 -51 -51 -51 -51 -51 -51 -51 -51 -51 -51 -51 -51 -51 -51 -51 -51 -51 -51 -51 -51 -51 -51 -51 -51 -51 -51 -51 -51 -51 -51 -51 -51 -51 -51 -51 -51 -51 -51 -51 -51 -51 -51 -51 -51 -51 -51 -51 -51 -51 -51 -51 -51 -51 -51 -51 -51 -51 -51 -51 -51 -51 -51 -51 -51 -51 -51 -51 -51 -51 -51 -51 -51 -51 -51 -51 -51 -51 -51 -51 -51 -51 -51 -51 -51 -51 -51 -51 -51 -51 -51 -51 -51 -51 -51 -51 -51 -51 -51 -51 -51 -51 -51 -51 -51 -51 -51 -51 -51 -51 -51 -51 -51 -51 -51 -51 -51 -51 -51 -51 -51 -51 -51 -51 -51 -51 -51 -51 -51 -51 -51 -51 -51 -51 -51 -51 -51 -51 -51 -51 -51 -51 -51 -51 -51 -51 -51 -51 -51 -51 -51 -51 -51 -51 -51 -51 -51 -51 -51 -51 -51 -51 -51 -51 -51 -51 -51 -51 -51 -51 -51 -51 -51 -51 -51 -51 -51 -51 -51 -51 -51 -51 -51 -51 
RSRP
-78 -77 -77 -77 -77 -77 -77 -77 -77 -76 -76 -76 -76 -76 -76 -75 -75 -75 -75 -75 -75 -75 -75 -75 -75 -75 -75 -75 -75 -75 -75 -75 -75 -76 -76 -76 -76 -76 -76 -76 -76 -77 -77 -77 -77 -77 -77 -77 -77 -77 -77 -77 -77 -77 -77 -76 -76 -76 -76 -76 -76 -76 -76 -76 -76 -76 -76 -76 -76 -75 -75 -75 -75 -75 -75 -75 -75 -75 -75 -75 -75 -75 -75 -75 -75 -75 -75 -75 -75 -75 -75 -75 -75 -75 -75 -75 -75 -75 -75 -74 -74 -74 -74 -74 -74 -74 -74 -74 -74 -74 -74 -75 -75 -75 -75 -75 -75 -75 -75 -75 -75 -75 -75 -76 -76 -76 -76 -76 -76 -76 -76 -76 -76 -75 -75 -74 -74 -73 -73 -73 -73 -70 -70 -70 -70 -70 -70 -70 -68 -68 -68 -68 -68 -67 -67 -67 -67 -66 -66 -66 -66 -66 -66 -67 -67 -67 -67 -67 -67 -68 -68 -68 -68 -68 -68 -69 -69 -69 -69 -70 -71 -71 -71 -71 -71 -71 -71 -71 -71 -75 -75 -75 -75 -75 -75 -75 -75 -76 -78 -78 -78 -78 -78 -78 -78 -78 -78 -78 -78 -78 -78 -78 -78 -78 -78 -78 -78 -78 -79 -78 -78 -78 -78 -78 -78 -78 -78 -79 -79 -79 -79 -79 -79 -78 -78 -78 -78 -78 -78 -78 -78 -78 -78 -78 -78 -78 -78 -78 -78 -78 -78 -77 -77 -77 -77 -77 -77 -77 -77 -77 -77 -77 -77 -77 -77 -77 -77 -77 -77 -77 -77 -77 -77 -77 -76 -76 -76 -76 -76 -76 -76 -76 -76 -76 -76 -76 -75 -75 -75 -75 -75 
CID
13792258 13792258 13792258 13792258 13792258 13792258 13792258 13792258 13792258 13792258 13792258 13792258 13792258 13792258 13792258 13792258 13792258 13792258 13792258 13792258 13792258 13792258 13792258 13792258 13792258 13792258 13792258 13792258 13792258 13792258 13792258 13792258 13792258 13792258 13792258 13792258 13792258 13792258 13792258 13792258 13792258 13792258 13792258 13792258 13792258 13792258 13792258 13792258 13792258 13792258 13792513 13792513 13792513 13792513 13792513 13792513 13792513 13792513 13792513 13792513 13792513 13792513 13792513 13792513 13792513 13792513 13792513 13792513 13792513 13792513 13792513 13792513 13792513 13792513 13792513 13792513 13792513 13792513 13792513 13792513 13792513 13792513 13792513 13792513 13792513 13792513 13792513 13792513 13792513 13792513 13792513 13769739 13769739 13769739 13769739 13769739 13769739 13769739 13769739 13769739 13769739 13769739 13769739 13769739 13769739 13769739 13769739 13769739 13769739 13769739 13769739 13769739 13769739 13769739 13769739 13769739 13769739 13769739 13769739 13769739 13769739 13769739 13769739 13769739 13769739 13769739 13769739 13769739 13769739 13769739 13769739 13769739 13769739 13769739 13769739 13769739 13769739 13769739 13769739 13769739 13769739 13769739 13769739 13769739 13769739 13769739 13769739 13769739 13769739 13769739 13769739 13769739 13769739 13769739 13769739 13769739 13769739 13769739 13769739 13769739 13769739 13769739 13769739 13769739 13769739 13769739 13769739 13769739 13769739 13769739 13769739 13769739 13769739 13769739 13769739 13769739 13769739 13769739 13769739 13769739 13769739 13769739 13769739 13769739 13769739 13769739 13769739 13769739 13769739 13769739 13769739 13769739 13769739 13769739 13769739 13769739 13769739 13769739 13769739 13769739 13769739 13769739 13769739 13769739 13792513 13754890 13754890 13754890 13754890 13754890 13754890 13754890 13754890 13754890 13754890 13754890 13754890 13754890 13754890 13792258 13792258 13792258 13792258 13792258 13792258 13792258 13792258 13792258 13792258 13792258 13792258 13792258 13792258 13792258 13792258 13792258 13792258 13792258 13792258 13792258 13792258 13792258 13792258 13792258 13792258 13792258 13792258 13792258 13792258 13792258 13792258 13792258 13792258 13792258 13792258 13792258 13792258 13792258 13792258 13792258 13792258 13792258 13792258 13792258 13792258 13792258 13792258 13792258 13792258 13792258 13792258 13792258 13792258 13792258 13792258 13792258 13792258 13792258 13792258 13792258 13792258 13792258 13792258 13792258 13792258 13792258 13792258 13792258 13792258 13792258 13792258 
RSRP of 5G
-88 -93 -82 -102 -79 -79 -79 -79 -79 -82 -82 -82 -82 -82 -82 -87 -87 -86 -86 -86 -86 -90 -90 -84 -84 -84 -84 -84 -84 -84 -84 -87 -87 -116 -83 -82 -82 -82 -82 -82 -82 -85 -85 -87 -87 -100 -100 -100 -85 -84 -84 -84 -84 -84 -84 -82 -82 -85 -85 -85 -85 -85 -85 -85 -85 -85 -85 -89 -89 -84 -84 -81 -81 -85 -85 -84 -84 -87 -85 -85 -85 -85 -105 -105 -97 -97 -97 -97 -83 -83 -125 -125 -125 -125 -87 -87 -87 -85 -85 -92 -92 -114 -114 -114 -114 -114 -114 -114 -114 -114 -114 -87 -87 -87 -87 -89 -89 -88 -88 -100 -100 -105 -105 -105 -105 -101 -101 -88 -88 -79 -79 -79 -79 -81 -81 -79 -79 -83 -83 -83 -83 -78 -78 -78 -78 -74 -74 -74 -72 -84 -84 -78 -78 -77 -77 -77 -77 -79 -79 -79 -79 -80 -80 -88 -88 -82 -82 -82 -82 -77 -77 -80 -80 -80 -80 -84 -82 -80 -80 -78 -78 -78 -78 -78 -78 -78 -78 -78 -78 -78 -78 -78 -78 -81 -81 -84 -84 -98 -81 -84 -84 -87 -87 -87 -87 -83 -84 -84 -84 -84 -84 -84 -84 -84 -84 -84 -84 -84 -84 -84 -84 -85 -85 -88 -88 -80 -80 -79 -79 -74 -74 -74 -74 -73 -73 -73 -73 -75 -75 -74 -74 -74 -74 -75 -75 -75 -75 -75 -75 -75 -75 -81 -81 -80 -80 -82 -82 -84 -84 -85 -85 -88 -88 -85 -85 -84 -86 -86 -86 -86 -82 -82 -83 -83 -87 -87 -83 -83 -87 -87 -84 -84 -85 -85 -81 -81 -78 -78 -82 -82 -88 
CQI
2147483647 2147483647 2147483647 2147483647 2147483647 2147483647 2147483647 2147483647 2147483647 2147483647 2147483647 2147483647 2147483647 2147483647 2147483647 2147483647 2147483647 2147483647 2147483647 2147483647 2147483647 2147483647 2147483647 2147483647 2147483647 2147483647 2147483647 2147483647 2147483647 2147483647 2147483647 2147483647 2147483647 2147483647 2147483647 2147483647 2147483647 2147483647 2147483647 2147483647 2147483647 2147483647 2147483647 2147483647 2147483647 2147483647 2147483647 2147483647 2147483647 2147483647 2147483647 2147483647 2147483647 2147483647 2147483647 2147483647 2147483647 2147483647 2147483647 2147483647 2147483647 2147483647 2147483647 2147483647 2147483647 2147483647 2147483647 2147483647 2147483647 2147483647 2147483647 2147483647 2147483647 2147483647 2147483647 2147483647 2147483647 2147483647 2147483647 2147483647 2147483647 2147483647 2147483647 2147483647 2147483647 2147483647 2147483647 2147483647 2147483647 2147483647 2147483647 2147483647 2147483647 2147483647 2147483647 2147483647 2147483647 2147483647 2147483647 2147483647 2147483647 2147483647 2147483647 2147483647 2147483647 2147483647 2147483647 2147483647 2147483647 2147483647 2147483647 2147483647 2147483647 2147483647 2147483647 2147483647 2147483647 2147483647 2147483647 2147483647 2147483647 2147483647 2147483647 2147483647 2147483647 2147483647 2147483647 2147483647 2147483647 2147483647 2147483647 2147483647 2147483647 2147483647 2147483647 2147483647 2147483647 2147483647 2147483647 2147483647 2147483647 2147483647 2147483647 2147483647 2147483647 2147483647 2147483647 2147483647 2147483647 2147483647 2147483647 2147483647 2147483647 2147483647 2147483647 2147483647 2147483647 2147483647 2147483647 2147483647 2147483647 2147483647 2147483647 2147483647 2147483647 2147483647 2147483647 2147483647 2147483647 2147483647 2147483647 2147483647 2147483647 2147483647 2147483647 2147483647 2147483647 2147483647 2147483647 2147483647 2147483647 2147483647 2147483647 2147483647 2147483647 2147483647 2147483647 2147483647 2147483647 2147483647 2147483647 2147483647 2147483647 2147483647 2147483647 2147483647 2147483647 2147483647 2147483647 2147483647 2147483647 2147483647 2147483647 2147483647 2147483647 2147483647 2147483647 2147483647 2147483647 2147483647 2147483647 2147483647 2147483647 2147483647 2147483647 2147483647 2147483647 2147483647 2147483647 2147483647 2147483647 2147483647 2147483647 2147483647 2147483647 2147483647 2147483647 2147483647 2147483647 2147483647 2147483647 2147483647 2147483647 2147483647 2147483647 2147483647 2147483647 2147483647 2147483647 2147483647 2147483647 2147483647 2147483647 2147483647 2147483647 2147483647 2147483647 2147483647 2147483647 2147483647 2147483647 2147483647 2147483647 2147483647 2147483647 2147483647 2147483647 2147483647 2147483647 2147483647 2147483647 2147483647 2147483647 2147483647 2147483647 2147483647 2147483647 2147483647 2147483647 2147483647 2147483647 2147483647 2147483647 2147483647 2147483647 2147483647 2147483647 2147483647 2147483647 2147483647 2147483647 2147483647 2147483647 2147483647 2147483647 2147483647 2147483647 2147483647 2147483647 2147483647 2147483647 
Altitude
-62.49506378173828 -61.71823501586914 -60.89912796020508 -59.646690368652344 -58.066612243652344 -55.699134826660156 -53.51661682128906 -51.640602111816406 -49.42108917236328 -47.5239372253418 -45.33613586425781 -43.322723388671875 -41.1666259765625 -39.2219123840332 -37.129234313964844 -35.068260192871094 -33.11825942993164 -30.930458068847656 -28.753225326538086 -26.61298370361328 -24.768674850463867 -22.786970138549805 -20.96380043029785 -19.367868423461914 -18.03087615966797 -16.87356185913086 -15.943480491638184 -15.378034591674805 -14.743888854980469 -13.945921897888184 -13.512588500976562 -13.079256057739258 -12.698768615722656 -12.566654205322266 -12.392264366149902 -12.265435218811035 -11.906085968017578 -11.6312894821167 -11.768688201904297 -11.435761451721191 -11.303647994995117 -11.351208686828613 -10.93372917175293 -10.35771369934082 -9.036577224731445 -6.7853593826293945 -5.141864776611328 -4.988613128662109 -3.6093461513519287 -1.8178844451904297 0.21402418613433838 1.986989974975586 3.984549045562744 6.0719451904296875 8.357512474060059 10.209746360778809 12.093688011169434 13.81380844116211 15.983115196228027 18.057300567626953 20.0284366607666 21.925588607788086 23.481887817382812 26.163795471191406 27.685745239257812 29.78899574279785 31.91338348388672 34.10118865966797 35.95870590209961 37.773948669433594 38.84407043457031 41.01073455810547 42.22882080078125 43.03471374511719 44.30036544799805 45.243656158447266 45.83816909790039 46.42475128173828 46.99020004272461 47.608489990234375 47.679832458496094 48.107879638671875 48.025970458984375 48.675968170166016 48.71296310424805 48.83450698852539 48.55706787109375 48.81336975097656 48.702392578125 48.530643463134766 48.71031951904297 48.366825103759766 47.00341033935547 45.6532096862793 44.50117874145508 43.1351203918457 41.56825256347656 39.84284973144531 38.10687255859375 35.52801513671875 35.210941314697266 33.770904541015625 32.00321960449219 31.979440689086914 30.491840362548828 27.29997444152832 27.836355209350586 26.08452796936035 24.300992965698242 23.59550666809082 22.451400756835938 20.90302848815918 18.025592803955078 16.384740829467773 14.516653060913086 15.03718090057373 12.947141647338867 10.690640449523926 9.292877197265625 7.4564971923828125 4.927840709686279 4.742881774902344 4.201215744018555 2.9752004146575928 1.6646325588226318 -0.41219472885131836 -1.7333316802978516 -3.0861759185791016 -4.650402069091797 -6.161782741546631 -6.896334648132324 -7.171131134033203 -7.387797832489014 -8.04836654663086 -8.724788665771484 -9.369503021240234 -9.834543228149414 -10.162185668945312 -10.621940612792969 -10.764623641967773 -10.791046142578125 -10.981290817260742 -11.308932304382324 -11.46746826171875 -11.441045761108398 -11.361778259277344 -11.282509803771973 -10.965436935424805 -10.896738052368164 -9.380072593688965 -6.53170108795166 -5.268693923950195 -5.089019775390625 -3.508939743041992 -1.3634133338928223 0.3778451681137085 2.0556890964508057 4.301621913909912 6.433937072753906 8.198975563049316 10.397347450256348 12.310354232788086 14.426815032958984 16.4058780670166 18.379657745361328 20.852825164794922 22.63107681274414 24.59428596496582 26.914201736450195 28.843061447143555 30.697938919067383 32.72456359863281 34.74590301513672 36.74874496459961 38.001182556152344 39.272117614746094 40.7940673828125 42.19975662231445 43.44955062866211 44.247520446777344 44.97678756713867 45.20930480957031 45.970279693603516 46.27678680419922 46.805240631103516 47.25178527832031 47.32048416137695 47.6745491027832 47.66926193237305 47.79344940185547 47.91499328613281 47.970481872558594 48.02861404418945 47.936134338378906 48.665401458740234 48.601985931396484 48.12373352050781 47.78288269042969 45.91743469238281 43.93572998046875 42.78369903564453 41.39122009277344 38.99732208251953 37.49122619628906 36.32598114013672 34.780250549316406 34.31785202026367 31.910741806030273 30.47863006591797 29.556476593017578 27.249771118164062 25.389610290527344 24.472740173339844 24.190017700195312 21.88067054748535 20.525184631347656 18.826202392578125 16.75994300842285 14.889213562011719 14.34754753112793 13.391044616699219 11.279867172241211 10.180681228637695 8.508121490478516 6.700806617736816 4.626621723175049 3.448167324066162 3.49837064743042 2.0319085121154785 0.877234935760498 -0.8878040313720703 -2.584143877029419 -4.016256332397461 -4.571133613586426 -6.838204860687256 -7.0654401779174805 -7.704870700836182 -8.497552871704102 -9.099990844726562 -9.75527572631836 -10.273160934448242 -10.738201141357422 -10.828038215637207 -10.886168479919434 -11.213809967041016 -11.351208686828613 -11.747550010681152 -11.715842247009277 -11.71055793762207 -11.58901309967041 -11.562590599060059 -11.451615333557129 -11.657712936401367 -11.6312894821167 -11.858525276184082 -12.497955322265625 -14.099173545837402 -13.745108604431152 -15.684537887573242 -17.354454040527344 -19.40485954284668 -21.11176872253418 -22.115833282470703 -23.008920669555664 -25.08574867248535 -26.4385929107666 -27.405664443969727 -28.510135650634766 -29.947532653808594 -31.886960983276367 -32.45240783691406 -34.74061584472656 -36.405250549316406 -37.620697021484375 -38.80971908569336 -40.14670944213867 -42.234107971191406 -43.51824951171875 -45.10890197753906 -46.541011810302734 -48.36946487426758 -49.864994049072266 -51.175559997558594 -52.68694305419922 -53.817832946777344 -55.24466323852539 -57.39547348022461 -58.774742126464844 -60.3442497253418 -61.4117317199707 -63.21904373168945 