LTE(1) or 5G(2)
2 2 2 2 2 2 2 2 2 2 2 2 2 2 2 2 2 2 2 2 2 2 2 2 2 2 2 2 2 2 2 2 2 2 2 2 2 2 2 2 2 2 2 2 2 2 2 2 2 2 2 2 2 2 2 2 2 2 2 2 2 2 2 2 2 2 2 2 2 2 2 2 2 2 2 2 2 2 2 2 2 2 2 2 2 2 2 2 2 2 2 2 2 2 2 2 2 2 2 2 2 2 2 2 2 2 2 2 2 2 2 2 2 2 2 2 2 2 2 2 2 2 2 2 1 1 2 2 2 2 2 1 1 2 2 2 2 2 2 2 2 2 2 2 2 2 2 2 2 2 2 2 2 2 2 2 2 2 2 2 2 2 2 2 2 2 2 2 2 2 2 2 2 2 2 2 2 2 2 2 2 2 2 2 1 2 2 2 2 2 2 2 2 2 2 2 2 2 2 2 2 2 2 2 2 2 2 2 2 2 2 2 2 2 2 2 2 2 2 2 2 1 1 1 1 1 1 1 1 2 2 2 2 2 2 2 2 2 2 2 2 2 2 2 2 1 1 1 2 2 2 2 2 2 2 2 2 2 2 2 2 2 2 2 2 2 2 2 2 2 2 2 2 2 2 2 2 2 2 2 2 2 2 2 2 2 2 2 2 2 2 2 2 2 2 2 2 2 2 2 2 2 2 2 2 2 2 2 2 2 2 2 2 2 2 2 2 2 2 2 2 2 2 2 2 2 2 2 2 2 2 2 2 2 2 2 2 2 2 2 2 1 1 2 2 2 2 2 2 2 2 2 2 2 2 2 2 2 2 2 2 2 2 2 2 2 2 2 2 2 2 2 2 2 2 
SNR of LTE
3 3 3 3 2 1 1 1 1 1 2 2 2 4 4 4 4 4 4 4 3 3 2 1 1 1 1 1 1 1 1 1 1 1 1 1 1 1 1 1 1 0 0 0 0 0 0 0 0 0 0 0 0 0 0 0 0 0 -1 -1 -1 -1 -1 -1 -1 -1 -1 -1 -1 -1 -1 -3 -3 -3 -3 -3 -4 -4 -4 -4 -4 -4 -4 -4 -4 -4 -4 -3 -4 -4 -4 -4 -4 -4 -4 -4 -4 -4 -4 -4 -4 -4 -4 -4 -4 -4 -4 -4 -4 -4 -4 -4 -4 -4 -4 -4 -2 -2 -2 -2 -2 -2 -2 -1 -1 -1 0 0 0 0 0 0 0 0 0 0 0 0 0 0 0 0 0 0 0 0 0 0 0 0 0 0 0 0 0 0 0 0 0 -1 -1 0 0 0 0 0 0 0 0 0 0 0 0 0 0 0 0 0 0 -1 -1 -1 -1 -1 -2 -2 -2 -2 -2 -2 -2 -3 -3 -3 -3 -3 -3 -2 -2 -2 -2 -2 -2 -3 -3 -3 -3 -3 -3 -3 -3 -3 -3 -3 -4 -5 -5 -5 -5 -7 -8 -8 -8 -8 -8 -8 -7 -7 -7 -6 -6 -6 -6 -6 -6 -6 -6 -3 -3 -3 -3 -3 -3 -1 -1 -1 -2 -2 -2 -2 -4 -4 -4 -4 -4 -4 -5 -5 -5 -5 -5 -6 -6 -6 -6 -6 -6 -6 -6 -6 -6 -6 -6 -6 -6 -6 -6 -6 -6 -6 -5 -5 -5 -5 -5 -5 -4 -4 -4 -4 -4 -4 -4 -4 -4 -4 -4 -4 -3 -3 -3 -3 -3 -3 -4 -4 -4 -4 -4 -4 -4 -4 -4 -4 -4 -4 -4 -4 -4 -4 -4 -4 -3 -3 -3 -3 -3 -3 -3 -3 -3 -3 -3 -3 -2 -2 -2 -2 -2 -2 -4 -4 -4 -4 -4 -3 -3 -3 -3 -3 -3 -3 -3 -3 -3 -2 -2 -2 -2 -2 -2 -2 0 0 0 1 1 1 1 1 1 1 1 2 2 
SNR of 5G
-1 -2 -2 -3 -3 7 7 9 9 9 11 11 11 8 8 8 8 8 8 8 2 2 2 0 0 -1 -1 5 5 5 5 5 5 5 5 5 5 5 5 5 5 2 2 4 4 -1 -1 -3 -3 4 4 4 4 4 4 4 4 4 5 5 5 5 5 5 5 5 5 5 5 5 5 5 5 5 5 4 4 1 1 0 0 1 1 0 0 1 1 0 0 -2 -2 5 5 6 6 7 7 7 7 7 7 8 8 8 8 8 8 8 8 6 6 6 6 6 6 6 3 3 3 3 3 3 3 2 0 0 4 4 -1 -1 -3 0 0 -2 -3 2 2 2 2 -2 -2 -2 -2 -1 -1 -2 -2 -2 -2 -3 -3 -3 -2 -2 -2 -1 -1 -1 -1 -1 -1 0 0 2 2 3 3 3 3 4 4 4 4 4 4 2 2 1 1 -1 -1 1 1 1 0 -2 -2 -3 -3 -3 -3 -3 -3 -5 -5 -7 -7 0 0 0 0 0 0 1 1 2 2 3 3 2 2 5 5 2 2 1 1 -1 -1 1 1 0 0 0 0 0 0 0 0 0 0 0 0 0 0 0 0 0 -1 1 1 -2 -2 -2 -2 0 0 0 0 1 1 4 4 2 2 2 2 2 2 2 2 3 3 3 3 3 4 4 4 4 4 4 2 2 1 1 1 1 1 1 2 2 2 2 -6 -6 3 3 1 1 2 2 1 1 0 0 -2 -2 -2 -2 -2 -2 -3 -3 5 5 5 0 4 4 4 4 4 4 4 4 2 2 2 2 2 2 4 4 4 4 4 4 4 4 4 4 4 4 4 4 6 6 4 4 4 0 0 2 2 1 1 3 3 1 1 2 2 2 2 3 3 9 9 9 9 9 11 11 11 6 6 3 3 4 4 4 4 8 8 
RSSI
-51 -51 -51 -51 -51 -51 -51 -51 -51 -51 -51 -51 -51 -51 -51 -51 -51 -51 -51 -51 -51 -51 -51 -51 -51 -51 -51 -51 -51 -51 -51 -51 -51 -51 -51 -51 -51 -51 -51 -51 -51 -51 -51 -51 -51 -51 -51 -51 -51 -51 -51 -51 -51 -51 -51 -51 -51 -51 -51 -51 -51 -51 -51 -51 -51 -51 -51 -51 -51 -51 -51 -51 -51 -51 -51 -51 -51 -51 -51 -51 -51 -51 -51 -51 -51 -51 -51 -51 -51 -51 -51 -51 -51 -51 -51 -51 -51 -51 -51 -51 -51 -51 -51 -51 -51 -51 -51 -51 -51 -51 -51 -51 -51 -51 -51 -51 -51 -51 -51 -51 -51 -51 -51 -51 -51 -51 -51 -51 -51 -51 -51 -51 -51 -51 -51 -51 -51 -51 -51 -51 -51 -51 -51 -51 -51 -51 -51 -51 -51 -51 -51 -51 -51 -51 -51 -51 -51 -51 -51 -51 -51 -51 -51 -51 -51 -51 -51 -51 -51 -51 -51 -51 -51 -51 -51 -51 -51 -51 -51 -51 -51 -51 -51 -51 -51 -51 -51 -51 -51 -51 -51 -51 -51 -51 -51 -51 -51 -51 -51 -51 -51 -51 -51 -51 -51 -51 -51 -51 -51 -51 -51 -51 -51 -51 -51 -51 -51 -51 -51 -51 -51 -51 -51 -51 -51 -51 -51 -51 -51 -51 -51 -51 -51 -51 -51 -51 -51 -51 -51 -51 -51 -51 -51 -51 -51 -51 -51 -51 -51 -51 -51 -51 -51 -51 -51 -51 -51 -51 -51 -51 -51 -51 -51 -51 -51 -51 -51 -51 -51 -51 -51 -51 -51 -51 -51 -51 -51 -51 -51 -51 -51 -51 -51 -51 -51 -51 -51 -51 -51 -51 -51 -51 -51 -51 -51 -51 -51 -51 -51 -51 -51 -51 -51 -51 -51 -51 -51 -51 -51 -51 -51 -51 -51 -51 -51 -51 -51 -51 -51 -51 -51 -51 -51 -51 -51 -51 -51 -51 -51 -51 -51 -51 -51 -51 -51 -51 -51 -51 -51 -51 -51 -51 -51 -51 -51 -51 -51 -51 -51 -51 -51 -51 -51 -51 -51 -51 -51 -51 -51 -51 -51 -51 -51 -51 -51 -51 -51 -51 -51 -51 -51 -51 -51 -51 -51 
RSRP
-85 -85 -85 -85 -85 -85 -85 -85 -85 -85 -80 -80 -80 -79 -79 -79 -79 -79 -79 -79 -75 -75 -74 -73 -73 -73 -73 -73 -73 -73 -73 -73 -73 -73 -73 -73 -73 -73 -73 -73 -73 -73 -73 -73 -73 -73 -73 -74 -74 -74 -74 -74 -74 -74 -74 -74 -74 -74 -75 -75 -75 -75 -75 -75 -75 -75 -75 -75 -75 -75 -75 -77 -77 -77 -77 -77 -78 -78 -78 -78 -78 -79 -79 -79 -79 -79 -79 -78 -79 -79 -79 -79 -79 -79 -79 -78 -78 -78 -78 -78 -78 -78 -78 -77 -77 -77 -77 -77 -77 -76 -76 -76 -76 -76 -76 -76 -74 -74 -74 -74 -74 -74 -74 -74 -74 -73 -73 -73 -73 -73 -73 -73 -73 -73 -73 -73 -73 -73 -73 -74 -74 -74 -74 -74 -74 -74 -74 -74 -75 -75 -75 -75 -75 -75 -76 -76 -76 -76 -76 -76 -76 -74 -74 -74 -74 -74 -74 -73 -73 -73 -73 -73 -73 -73 -73 -73 -73 -73 -73 -73 -73 -73 -73 -73 -74 -74 -74 -74 -75 -75 -75 -76 -76 -77 -77 -77 -77 -78 -78 -78 -78 -79 -79 -80 -80 -80 -81 -81 -81 -81 -81 -81 -81 -81 -81 -81 -81 -81 -81 -81 -83 -83 -83 -83 -83 -82 -80 -80 -80 -80 -80 -80 -80 -80 -80 -80 -80 -77 -77 -76 -76 -76 -76 -75 -74 -74 -75 -75 -75 -75 -77 -77 -77 -77 -77 -77 -77 -77 -77 -77 -77 -78 -78 -78 -78 -78 -78 -78 -78 -78 -78 -78 -79 -79 -79 -79 -79 -79 -79 -79 -79 -79 -78 -78 -78 -78 -78 -78 -78 -78 -78 -78 -78 -78 -78 -78 -78 -78 -78 -78 -78 -78 -78 -78 -78 -78 -78 -78 -78 -78 -78 -78 -78 -78 -78 -78 -79 -79 -79 -79 -79 -79 -78 -78 -78 -78 -78 -78 -78 -78 -78 -78 -78 -78 -78 -78 -78 -78 -78 -78 -78 -78 -78 -78 -78 -78 -78 -78 -78 -78 -78 -78 -78 -78 -78 -77 -77 -77 -77 -77 -77 -77 -75 -75 -75 -75 -75 -75 -75 -75 -75 -75 -75 -75 -75 
CID
13754896 13754896 13754896 13754896 13754896 13769745 13769745 13769745 13769745 13769745 13769745 13769745 13769745 13769745 13769745 13769745 13769745 13769745 13769745 13769745 13769745 13769745 13769745 13769745 13769745 13769745 13769745 13769745 13769745 13769745 13769745 13769745 13769745 13769745 13769745 13769745 13769745 13769745 13769745 13769745 13769745 13769745 13769745 13769745 13769745 13769745 13769745 13769745 13769745 13769745 13769745 13769745 13769745 13769745 13769745 13769745 13769745 13769745 13769745 13769745 13769745 13769745 13769745 13769745 13769745 13769745 13769745 13769745 13769745 13769745 13769745 13769745 13769745 13769745 13769745 13769745 13769745 13769745 13769745 13769745 13769745 13769745 13769745 13769745 13769745 13769745 13769745 13769745 13769745 13769745 13769745 13769745 13769745 13769745 13769745 13769745 13769745 13769745 13769745 13769745 13769745 13769745 13769745 13769745 13769745 13769745 13769745 13769745 13769745 13769745 13769745 13769745 13769745 13769745 13769745 13769745 13769745 13769745 13769745 13769745 13769745 13769745 13769745 13769745 13769745 13769745 13769745 13769745 13769745 13769745 13769745 13769745 13769745 13769745 13769745 13769745 13769745 13769745 13769745 13769745 13769745 13754896 13754896 13754896 13754896 13754896 13754896 13754896 13754896 13754896 13754896 13754896 13754896 13754896 13754896 13754896 13754896 13754896 13754896 13754896 13754896 13754896 13754896 13754896 13754896 13754896 13754896 13754896 13754896 13754896 13754896 13754896 13754896 13754896 13754896 13754896 13754896 13754896 13754896 13754896 13754896 13754896 13754896 13754896 13754896 13754896 13754896 13754896 13754896 13754896 13754896 13754896 13754896 13754896 13754896 13754896 13754896 13754896 13754896 13754896 13754896 13754896 13754896 13754896 13754896 13754896 13754896 13754896 13754896 13754896 13754896 14792454 14792454 14792454 14792454 14792454 14792454 14792454 14792454 14792454 13792534 13792534 13792534 13792534 13792534 13792513 13792513 13792513 13792513 13792513 13792513 13792513 13792513 13792513 13792513 13792513 13792513 13792513 13792513 13792513 13792513 13792513 13792513 13792513 13792513 13792513 13792513 13792513 13792257 13792257 13792257 13792257 13792257 13754890 13754890 13754890 13754890 13754890 13754890 13792258 13792258 13792258 13792258 13792258 13754890 13754890 13792258 13792258 13792258 13792258 13792258 13792258 13792258 13792258 13792258 13792258 13792258 13792258 13792258 13792258 13792258 13792258 13792258 13792258 13792258 13792258 13792258 13792258 13792258 13792258 13792258 13792258 13792258 13792258 13792258 13792258 13792258 13792258 13792258 13792258 13792258 13792258 13792258 13792258 13792258 13792258 13769739 13769739 13769739 13769739 13769739 13769739 13769739 13769739 13769739 13769739 13769739 13769739 13769739 13769739 13769739 13769739 13769739 13769739 13769739 13769739 13769739 13769739 13769739 13769739 13769739 13769739 13769739 13769739 13769739 13769739 13769739 13769739 13769739 13769739 13792513 13792258 13792258 13792258 13792258 13792258 13792258 13792258 13792258 13792258 13792258 13792258 13792258 13792258 13792258 13792258 13792258 13792258 13792258 13792258 13792258 13792258 13792258 13792258 13792258 13792258 13792258 13792258 13792258 13792258 13792258 13792258 13792258 13792258 13792258 
RSRP of 5G
-89 -89 -89 -89 -89 -83 -83 -79 -79 -79 -77 -77 -77 -81 -81 -81 -81 -81 -81 -81 -79 -83 -83 -93 -93 -91 -82 -82 -82 -82 -82 -82 -82 -82 -82 -82 -82 -82 -82 -82 -82 -86 -86 -80 -80 -89 -89 -85 -85 -86 -86 -86 -86 -86 -86 -86 -86 -86 -82 -82 -82 -82 -82 -82 -82 -82 -82 -82 -82 -82 -82 -80 -80 -84 -84 -79 -79 -79 -79 -81 -81 -82 -82 -81 -81 -80 -80 -82 -82 -81 -81 -80 -80 -82 -82 -80 -80 -80 -80 -80 -80 -82 -82 -80 -80 -80 -80 -80 -80 -81 -81 -81 -81 -81 -81 -81 -83 -83 -83 -83 -83 -83 -83 -80 -80 -80 -85 -78 -77 -77 -114 -114 -114 -89 -80 -83 -83 -84 -84 -86 -86 -96 -96 -84 -84 -87 -87 -93 -93 -97 -97 -92 -84 -83 -83 -91 -91 -91 -91 -83 -83 -79 -79 -84 -84 -76 -76 -81 -81 -78 -78 -78 -78 -78 -78 -79 -79 -82 -82 -91 -91 -91 -91 -91 -91 -87 -87 -85 -85 -80 -80 -83 -83 -82 -82 -79 -79 -78 -78 -80 -80 -80 -80 -80 -80 -78 -78 -75 -75 -76 -76 -77 -77 -78 -78 -79 -79 -81 -81 -79 -79 -79 -79 -79 -79 -79 -79 -79 -79 -78 -78 -80 -80 -80 -80 -80 -80 -100 -80 -81 -81 -79 -79 -81 -81 -102 -102 -102 -82 -85 -85 -80 -80 -83 -83 -82 -82 -82 -82 -82 -82 -80 -80 -80 -78 -78 -77 -77 -77 -77 -77 -77 -81 -81 -81 -81 -81 -81 -81 -81 -80 -80 -80 -80 -139 -78 -79 -79 -79 -79 -79 -79 -82 -82 -81 -81 -81 -81 -81 -81 -81 -81 -85 -85 -83 -83 -82 -81 -86 -86 -86 -86 -86 -86 -86 -86 -86 -86 -84 -84 -84 -84 -84 -84 -89 -89 -83 -83 -83 -83 -83 -83 -83 -83 -87 -87 -83 -83 -89 -89 -89 -89 -89 -87 -87 -90 -80 -83 -83 -84 -84 -83 -83 -83 -83 -81 -81 -78 -78 -78 -78 -78 -76 -76 -76 -86 -86 -89 -89 -82 -82 -82 -82 -90 -90 
CQI
2147483647 2147483647 2147483647 2147483647 2147483647 2147483647 2147483647 2147483647 2147483647 2147483647 2147483647 2147483647 2147483647 2147483647 2147483647 2147483647 2147483647 2147483647 2147483647 2147483647 2147483647 2147483647 2147483647 2147483647 2147483647 2147483647 2147483647 2147483647 2147483647 2147483647 2147483647 2147483647 2147483647 2147483647 2147483647 2147483647 2147483647 2147483647 2147483647 2147483647 2147483647 2147483647 2147483647 2147483647 2147483647 2147483647 2147483647 2147483647 2147483647 2147483647 2147483647 2147483647 2147483647 2147483647 2147483647 2147483647 2147483647 2147483647 2147483647 2147483647 2147483647 2147483647 2147483647 2147483647 2147483647 2147483647 2147483647 2147483647 2147483647 2147483647 2147483647 2147483647 2147483647 2147483647 2147483647 2147483647 2147483647 2147483647 2147483647 2147483647 2147483647 2147483647 2147483647 2147483647 2147483647 2147483647 2147483647 2147483647 2147483647 2147483647 2147483647 2147483647 2147483647 2147483647 2147483647 2147483647 2147483647 2147483647 2147483647 2147483647 2147483647 2147483647 2147483647 2147483647 2147483647 2147483647 2147483647 2147483647 2147483647 2147483647 2147483647 2147483647 2147483647 2147483647 2147483647 2147483647 2147483647 2147483647 2147483647 2147483647 2147483647 2147483647 2147483647 2147483647 2147483647 2147483647 2147483647 2147483647 2147483647 2147483647 2147483647 2147483647 2147483647 2147483647 2147483647 2147483647 2147483647 2147483647 2147483647 2147483647 2147483647 2147483647 2147483647 2147483647 2147483647 2147483647 2147483647 2147483647 2147483647 2147483647 2147483647 2147483647 2147483647 2147483647 2147483647 2147483647 2147483647 2147483647 2147483647 2147483647 2147483647 2147483647 2147483647 2147483647 2147483647 2147483647 2147483647 2147483647 2147483647 2147483647 2147483647 2147483647 2147483647 2147483647 2147483647 2147483647 2147483647 2147483647 2147483647 2147483647 2147483647 2147483647 2147483647 2147483647 2147483647 2147483647 2147483647 2147483647 2147483647 2147483647 2147483647 2147483647 2147483647 2147483647 2147483647 2147483647 2147483647 2147483647 2147483647 2147483647 2147483647 2147483647 2147483647 2147483647 2147483647 2147483647 2147483647 2147483647 2147483647 2147483647 2147483647 2147483647 2147483647 2147483647 2147483647 2147483647 2147483647 2147483647 2147483647 2147483647 2147483647 2147483647 2147483647 2147483647 2147483647 2147483647 2147483647 2147483647 2147483647 2147483647 2147483647 2147483647 2147483647 2147483647 2147483647 2147483647 2147483647 2147483647 2147483647 2147483647 2147483647 2147483647 2147483647 2147483647 2147483647 2147483647 2147483647 2147483647 2147483647 2147483647 2147483647 2147483647 2147483647 2147483647 2147483647 2147483647 2147483647 2147483647 2147483647 2147483647 2147483647 2147483647 2147483647 2147483647 2147483647 2147483647 2147483647 2147483647 2147483647 2147483647 2147483647 2147483647 2147483647 2147483647 2147483647 2147483647 2147483647 2147483647 2147483647 2147483647 2147483647 2147483647 2147483647 2147483647 2147483647 2147483647 2147483647 2147483647 2147483647 2147483647 2147483647 2147483647 2147483647 2147483647 2147483647 2147483647 2147483647 2147483647 2147483647 2147483647 2147483647 2147483647 2147483647 2147483647 2147483647 2147483647 2147483647 2147483647 2147483647 2147483647 2147483647 2147483647 2147483647 2147483647 2147483647 2147483647 2147483647 2147483647 2147483647 2147483647 2147483647 2147483647 2147483647 2147483647 2147483647 2147483647 2147483647 2147483647 2147483647 2147483647 2147483647 2147483647 2147483647 2147483647 2147483647 2147483647 2147483647 2147483647 2147483647 2147483647 2147483647 2147483647 2147483647 2147483647 2147483647 2147483647 2147483647 2147483647 2147483647 2147483647 2147483647 2147483647 2147483647 2147483647 2147483647 2147483647 2147483647 2147483647 2147483647 2147483647 2147483647 2147483647 2147483647 2147483647 2147483647 2147483647 2147483647 2147483647 2147483647 2147483647 2147483647 2147483647 2147483647 2147483647 2147483647 
Altitude
-62.421077728271484 -61.623111724853516 -60.846282958984375 -60.064170837402344 -59.37189483642578 -58.653194427490234 -57.93449783325195 -56.39141082763672 -54.81132888793945 -52.501983642578125 -50.20848846435547 -48.454017639160156 -46.229225158691406 -44.30036544799805 -42.18125915527344 -40.0568733215332 -37.937767028808594 -36.12516784667969 -34.069480895996094 -32.13533401489258 -29.989809036254883 -27.786151885986328 -25.7674560546875 -23.88615608215332 -21.772336959838867 -19.764209747314453 -17.80364227294922 -15.742668151855469 -13.702832221984863 -11.699989318847656 -9.554462432861328 -7.498773574829102 -5.4325151443481445 -3.33454966545105 -1.4585351943969727 0.6288611888885498 2.5445098876953125 4.608125686645508 6.806497573852539 8.637593269348145 10.801615715026855 12.730475425720215 14.796733856201172 16.770511627197266 18.75750160217285 20.850183486938477 22.81075096130371 24.805667877197266 26.82172203063965 28.621110916137695 30.742856979370117 32.69813919067383 34.769683837890625 36.793663024902344 38.88898849487305 40.997520446777344 42.87353515625 44.76804733276367 46.09446716308594 47.2861328125 48.25056457519531 49.032676696777344 49.814788818359375 50.522918701171875 51.24690246582031 51.6168212890625 52.00523376464844 52.3777961730957 52.67637252807617 52.88511276245117 53.056861877441406 53.138771057128906 53.33694076538086 53.49811935424805 53.26559829711914 53.04364776611328 51.10950469970703 50.036739349365234 47.8832893371582 46.42739486694336 44.87373733520508 44.675567626953125 42.773128509521484 40.558902740478516 40.44792938232422 38.96297073364258 37.340614318847656 36.000980377197266 33.85017013549805 32.581878662109375 31.46155548095703 28.8826961517334 27.336965560913086 26.607698440551758 23.872943878173828 23.88615608215332 21.93087387084961 20.218679428100586 18.720510482788086 15.959334373474121 14.99226188659668 15.214213371276855 12.170313835144043 11.018281936645508 10.304868698120117 9.374788284301758 9.131698608398438 7.718081951141357 6.251620292663574 3.691256523132324 1.152031421661377 -0.31707286834716797 -1.1361777782440186 -1.91300630569458 -2.8483712673187256 -3.4772324562072754 -4.1536545753479 -4.766662120819092 -5.295116901397705 -5.680889129638672 -5.960969924926758 -6.124791145324707 -6.663814544677734 -6.928042411804199 -7.149992942810059 -7.414220809936523 -7.488204002380371 -7.747147083282471 -7.694301605224609 -7.7418622970581055 -7.535765171051025 -7.53048038482666 -7.250399589538574 -6.505278587341309 -5.194710731506348 -3.0386149883270264 -1.7650389671325684 -1.432112455368042 -1.030486822128296 0.3857719898223877 2.370119571685791 3.582923412322998 5.223775386810303 7.237188339233398 9.987794876098633 11.472753524780273 14.06218147277832 16.009536743164062 18.297746658325195 20.179046630859375 21.933515548706055 23.487173080444336 26.221925735473633 27.91826629638672 29.918466567993164 32.10891342163086 34.03512954711914 36.357688903808594 37.771305084228516 39.96175003051758 40.95524597167969 42.696502685546875 43.663578033447266 44.84731674194336 45.56865692138672 46.22393798828125 46.390403747558594 46.98491287231445 47.60585021972656 47.822513580322266 48.16865158081055 49.0670280456543 49.677391052246094 50.282470703125 50.454219818115234 50.63389587402344 50.91661834716797 50.72108840942383 49.83064270019531 49.26519775390625 49.532066345214844 49.90198516845703 49.71702575683594 48.98775863647461 47.109100341796875 45.72190856933594 44.57780456542969 42.397926330566406 40.7412223815918 39.52577590942383 37.07374572753906 36.71439743041992 34.81724166870117 34.16988754272461 31.923954010009766 30.78777503967285 29.490419387817383 28.15871238708496 26.850788116455078 22.8160343170166 23.619285583496094 19.26481819152832 21.99164581298828 19.20404624938965 18.672948837280273 16.704456329345703 15.203643798828125 14.514010429382324 12.767467498779297 9.327226638793945 8.899178504943848 8.056293487548828 6.7483673095703125 5.892271041870117 4.4628005027771 2.6898348331451416 1.3634133338928223 0.8904463052749634 -0.914226770401001 -2.3727619647979736 -3.619915246963501 -4.497150421142578 -5.3955230712890625 -6.077229976654053 -6.473570823669434 -6.505278587341309 -7.134139537811279 -7.7735700607299805 -8.143487930297852 -8.476414680480957 -7.794708251953125 -8.127634048461914 -7.889829635620117 -7.921537399291992 -7.794708251953125 -7.308529853820801 -7.2609686851501465 -7.155277729034424 -5.913409233093262 -3.984549045562744 -1.3686978816986084 -0.5918693542480469 -0.4016256332397461 1.0067063570022583 2.6898348331451416 4.272556781768799 6.357311248779297 8.479057312011719 10.318079948425293 12.630069732666016 14.487587928771973 16.609333038330078 18.443071365356445 20.646728515625 22.522743225097656 24.544082641601562 26.760950088500977 28.650175094604492 30.57375144958496 32.6241569519043 34.83309555053711 36.68004608154297 38.88898849487305 40.24711608886719 41.70829391479492 42.64630126953125 44.50117874145508 45.618858337402344 47.167232513427734 48.152801513671875 48.8292236328125 49.32068634033203 50.005035400390625 50.40137481689453 50.70787811279297 51.07515335083008 51.40015411376953 51.62738800048828 51.75421905517578 51.812347412109375 51.92068099975586 52.13470458984375 52.21925735473633 52.21925735473633 51.780643463134766 51.91275405883789 51.97352600097656 51.92068099975586 51.82820129394531 51.68287658691406 51.371089935302734 49.61133575439453 48.380035400390625 46.6519889831543 44.85788345336914 43.69264221191406 42.49040603637695 40.45321273803711 38.778011322021484 37.203216552734375 36.2255744934082 34.82252883911133 32.90423583984375 31.94773292541504 29.952816009521484 28.774362564086914 27.11237335205078 25.574569702148438 23.925790786743164 22.697132110595703 21.072134017944336 19.624168395996094 18.271324157714844 16.791650772094727 15.156083106994629 13.821734428405762 12.138606071472168 11.153038024902344 8.91767406463623 8.666658401489258 6.418083190917969 5.120726585388184 4.468085289001465 1.8469494581222534 0.554877519607544 0.5231702327728271 -2.0134127140045166 -3.852435350418091 -4.650402069091797 -6.510562896728516 -7.900399208068848 -10.553241729736328 -10.452835083007812 -12.836166381835938 -14.469091415405273 -16.006895065307617 -17.148357391357422 -18.284534454345703 -20.498760223388672 -21.872743606567383 -23.230873107910156 -24.28778076171875 -26.581275939941406 -27.152006149291992 -28.6739559173584 -30.29631233215332 -32.15647506713867 -33.82110595703125 -35.718257904052734 -37.47801208496094 -37.8267936706543 -38.936546325683594 -41.351585388183594 -42.91581344604492 -43.67150115966797 -45.20402145385742 -47.16987228393555 -47.90970993041992 -49.63247299194336 -50.89548110961914 -53.45320129394531 -53.58002853393555 -55.20238494873047 -57.633277893066406 -58.31498336791992 -59.17636489868164 -61.290184020996094 -62.463356018066406 -62.72229766845703 -62.67473602294922 -62.780426025390625 -62.96538543701172 -63.256038665771484 -63.37229919433594 -63.86904525756836 