LTE(1) or 5G(2)
2 2 2 2 2 2 2 2 2 2 2 2 2 2 2 2 2 2 2 2 2 2 2 2 2 2 2 2 2 2 2 2 2 2 2 2 2 2 2 2 2 2 2 2 2 2 2 2 2 2 2 2 2 2 2 2 2 2 2 2 2 2 2 2 2 2 2 2 2 2 1 1 1 1 1 1 1 1 1 1 1 1 1 1 2 2 2 2 2 2 2 2 2 2 2 2 2 2 2 2 2 2 2 2 2 2 2 2 2 2 2 2 2 2 2 2 2 2 2 2 2 2 2 2 2 2 2 2 2 2 1 1 1 1 1 1 1 1 1 1 2 2 2 2 2 2 2 2 2 2 2 2 2 2 2 2 2 2 2 2 2 2 2 2 2 2 2 2 2 2 2 2 2 2 2 2 2 2 2 2 2 2 2 2 2 2 2 2 2 2 2 2 2 2 2 2 2 2 2 2 2 2 2 2 2 2 2 2 2 2 2 2 2 2 2 2 2 2 2 2 2 2 2 2 2 2 2 2 2 2 2 2 2 2 2 2 2 2 2 2 2 2 2 2 2 2 2 2 2 2 2 2 2 2 2 2 2 2 2 2 2 2 2 2 1 1 1 2 2 2 2 2 2 2 2 2 2 2 2 2 2 2 2 2 2 2 2 2 2 2 2 2 2 2 2 2 2 2 2 1 1 1 1 1 1 1 1 1 2 2 2 2 2 2 2 2 2 2 2 2 2 2 2 2 2 2 2 2 2 2 2 2 2 2 2 2 2 2 2 2 2 2 2 2 2 2 2 2 2 2 2 2 2 2 2 2 2 2 2 2 
SNR of LTE
2 3 3 3 3 3 3 3 3 4 4 4 4 4 4 4 4 4 4 4 4 4 4 4 4 4 3 3 3 3 3 2 2 2 2 2 2 2 2 2 2 1 1 1 1 1 1 1 1 1 1 1 1 1 1 1 1 1 1 1 1 1 1 0 0 0 0 0 0 0 0 0 0 0 0 0 0 0 0 0 0 -1 -1 -1 -1 -2 -2 -2 -2 -2 -2 -2 -2 -2 -2 -2 -2 -2 -2 -2 -2 -2 -2 -2 -2 -2 -2 -2 -2 -2 -2 -2 -2 -1 -1 0 0 0 0 0 0 0 0 0 0 0 0 0 0 0 0 0 0 0 0 0 0 0 0 -1 -1 -1 -1 -1 -1 -1 -1 -1 0 0 0 0 0 0 0 0 0 0 0 0 0 0 0 1 1 1 1 1 2 2 2 2 2 2 2 2 1 0 0 0 0 0 -2 -2 -2 -2 -2 -2 -3 -3 -4 -4 -4 -4 -4 -4 -4 -4 -4 -5 -5 -5 -5 -5 -5 -5 -5 -5 -5 -5 -5 -5 -5 -5 -6 -6 -6 -6 -5 -5 -5 -5 -4 -4 -4 -4 -3 -3 -3 -3 -3 -3 -3 -3 -3 -3 -3 -3 -3 -3 -4 -4 -4 -4 -4 -4 -4 -4 -4 -4 -4 -4 -4 -3 -3 -3 -3 -3 -3 -3 -3 -3 -2 -2 -2 -2 -2 -3 -3 -3 -3 -3 -3 -3 -3 -3 -3 -3 -3 -3 -3 -3 -3 -3 -3 -3 -3 -3 -3 -3 -1 -1 -1 -1 -1 -1 -1 0 0 0 0 0 0 0 0 0 0 0 0 0 0 0 0 0 0 0 0 0 0 0 0 0 0 0 0 0 0 0 0 0 0 0 0 0 1 1 1 1 1 2 2 2 2 2 1 1 1 1 3 3 3 3 3 3 2 2 2 2 2 2 
SNR of 5G
8 8 8 10 10 9 9 9 9 6 6 10 10 10 10 10 10 5 5 5 5 5 5 5 5 3 4 3 3 3 3 4 4 4 4 4 5 5 5 5 5 1 1 2 2 1 1 3 3 4 4 4 4 4 4 7 7 7 7 7 7 7 7 4 4 4 4 5 5 5 0 0 0 0 0 0 0 0 0 0 0 0 0 0 1 0 0 1 1 1 1 1 1 0 0 -1 -1 -1 -1 8 8 8 8 8 8 8 8 8 8 8 8 8 8 7 7 7 7 7 7 7 7 7 5 -1 -1 -1 -1 -1 2 -1 0 0 0 0 0 0 0 0 0 0 -3 -3 -2 -2 -2 -2 -2 -2 -4 -4 -4 -4 -4 -4 -3 -3 -3 -3 -1 -1 0 0 1 1 2 2 0 0 2 2 2 2 6 6 6 6 0 0 0 0 1 1 0 0 0 0 0 0 -1 -1 -1 -1 0 0 1 1 2 2 3 3 3 3 3 3 3 3 3 3 3 3 3 3 3 3 3 3 5 5 -3 -3 -4 -4 -4 -4 0 0 0 0 1 1 0 0 0 0 0 0 0 0 -1 -1 -1 -1 -1 -1 0 0 1 1 1 1 1 1 0 0 0 0 0 0 0 0 0 0 0 0 0 0 0 1 1 1 0 0 -1 -1 -1 -1 -3 -3 -4 -4 7 7 7 7 7 7 4 4 4 4 4 4 2 2 2 2 2 2 1 0 0 0 0 0 0 0 0 0 7 7 5 5 5 5 5 5 2 2 2 2 5 5 5 5 5 5 3 3 5 5 5 5 5 5 6 6 7 7 7 8 4 4 4 4 10 10 11 11 10 10 10 12 12 12 10 10 10 10 13 13 
RSSI
-51 -55 -55 -51 -51 -51 -51 -51 -51 -51 -51 -51 -51 -51 -51 -51 -51 -51 -51 -51 -51 -51 -51 -51 -51 -51 -51 -51 -51 -51 -51 -51 -51 -51 -51 -51 -51 -51 -51 -51 -51 -51 -51 -51 -51 -51 -51 -51 -51 -51 -51 -51 -51 -51 -51 -51 -51 -51 -51 -51 -51 -51 -51 -51 -51 -51 -51 -51 -51 -51 -51 -51 -51 -51 -51 -51 -51 -51 -51 -51 -51 -51 -51 -51 -51 -51 -51 -51 -51 -51 -51 -51 -51 -51 -51 -51 -51 -51 -51 -51 -51 -51 -51 -51 -51 -51 -51 -51 -51 -51 -51 -51 -51 -51 -51 -51 -51 -51 -51 -51 -51 -51 -51 -51 -51 -51 -51 -51 -51 -51 -51 -51 -51 -51 -51 -51 -51 -51 -51 -51 -51 -51 -51 -51 -51 -51 -51 -51 -51 -51 -51 -51 -51 -51 -51 -51 -51 -51 -51 -51 -51 -51 -51 -51 -51 -51 -51 -51 -51 -51 -51 -51 -51 -51 -51 -51 -51 -51 -51 -51 -51 -51 -51 -51 -51 -51 -51 -51 -51 -51 -51 -51 -51 -51 -51 -51 -51 -51 -51 -51 -51 -51 -51 -51 -51 -51 -51 -51 -51 -51 -51 -51 -51 -51 -51 -51 -51 -51 -51 -51 -51 -51 -51 -51 -51 -51 -51 -51 -51 -51 -51 -51 -51 -51 -51 -51 -51 -51 -51 -51 -51 -51 -51 -51 -51 -51 -51 -51 -51 -51 -51 -51 -51 -51 -51 -51 -51 -51 -51 -51 -51 -51 -51 -51 -51 -51 -51 -51 -51 -51 -51 -51 -51 -51 -51 -51 -51 -51 -51 -51 -51 -51 -51 -51 -51 -51 -51 -51 -51 -51 -51 -51 -51 -51 -51 -51 -51 -51 -51 -51 -51 -51 -51 -51 -51 -51 -51 -51 -51 -51 -51 -51 -51 -51 -51 -51 -51 -51 -51 -51 -51 -51 -51 -51 -51 -51 -51 -51 -51 -51 -51 -51 -51 -51 -51 -51 -51 -51 -51 -51 -51 -51 -51 -51 -51 -51 -51 -51 -53 -53 -53 -51 -51 -51 -53 -53 -53 -53 -53 -53 
RSRP
-83 -83 -83 -82 -82 -82 -82 -82 -82 -81 -81 -81 -80 -80 -80 -80 -80 -77 -77 -77 -77 -77 -77 -77 -77 -74 -74 -74 -74 -74 -74 -74 -74 -74 -74 -74 -74 -74 -74 -74 -74 -74 -74 -74 -74 -74 -74 -74 -74 -74 -74 -74 -74 -74 -74 -74 -74 -74 -74 -74 -74 -74 -74 -74 -74 -74 -74 -75 -75 -75 -75 -75 -75 -75 -75 -75 -75 -75 -75 -75 -75 -77 -77 -77 -77 -78 -78 -78 -78 -78 -78 -78 -78 -78 -78 -78 -78 -78 -78 -78 -78 -78 -78 -78 -78 -78 -78 -78 -78 -78 -78 -78 -78 -75 -75 -74 -74 -74 -74 -74 -74 -74 -74 -74 -74 -74 -74 -74 -74 -74 -74 -74 -74 -75 -75 -75 -75 -75 -75 -76 -76 -76 -77 -77 -77 -77 -77 -77 -76 -76 -76 -76 -76 -76 -76 -75 -75 -75 -75 -75 -75 -75 -75 -74 -74 -74 -74 -74 -74 -74 -74 -74 -74 -74 -74 -74 -74 -75 -75 -76 -76 -76 -77 -77 -77 -77 -78 -78 -79 -79 -80 -80 -80 -80 -80 -80 -80 -80 -80 -81 -81 -81 -81 -81 -81 -81 -81 -81 -81 -81 -81 -81 -81 -81 -83 -83 -83 -83 -84 -84 -84 -84 -82 -82 -82 -82 -82 -82 -82 -82 -82 -82 -82 -82 -81 -81 -81 -81 -81 -81 -80 -80 -80 -80 -80 -80 -81 -81 -81 -81 -81 -81 -81 -80 -80 -80 -80 -80 -80 -80 -80 -80 -79 -79 -79 -79 -79 -79 -79 -79 -78 -78 -78 -78 -78 -78 -78 -78 -78 -78 -77 -77 -77 -77 -77 -77 -77 -77 -77 -77 -76 -76 -76 -76 -76 -76 -76 -75 -75 -75 -75 -75 -74 -74 -74 -74 -74 -75 -75 -75 -75 -75 -74 -74 -74 -75 -75 -75 -74 -74 -74 -74 -74 -74 -74 -74 -74 -74 -74 -74 -74 -74 -74 -74 -73 -73 -73 -73 -73 -72 -72 -72 -72 -72 -73 -73 -73 -73 -74 -74 -74 -75 -75 -75 -77 -77 -77 -77 -78 -78 
CID
13754896 13754896 13754896 13754896 13754896 13754896 13754896 13754896 13754896 13769745 13769745 13769745 13769745 13769745 13769745 13769745 13769745 13769745 13769745 13769745 13769745 13769745 13769745 13769745 13769745 13769745 13754888 13754888 13754888 13754888 13754888 13754888 13754888 13754888 13754888 13754888 13769745 13769745 13769745 13769745 13769745 13769745 13769745 13769745 13769745 13769745 13769745 13769745 13769745 13769745 13769745 13769745 13769745 13769745 13769745 13769745 13769745 13769745 13769745 13769745 13769745 13769745 13769745 13769745 13769745 13769745 13769745 13769745 13769745 13769745 13769745 13769745 13769745 13769745 13769745 13769745 13769745 13769745 13769745 13769745 13769745 13754896 13754896 13754896 13769745 13769745 13769745 13769745 13769745 13769745 13769745 13769745 13769745 13769745 13769745 13769745 13769745 13769745 13769745 13769745 13769745 13769745 13769745 13769745 13769745 13769745 13769745 13769745 13769745 13769745 13769745 13769745 13769745 13769745 13769745 13769745 13769745 13769745 13769745 13769745 13769745 13769745 13754896 13754896 13754896 13754896 13754896 13754896 13769745 13769745 13769745 13754896 13754896 13754896 13754896 13754896 13754896 13754896 13754896 13754896 13754896 13754896 13754896 13754896 13754896 13754896 13754896 13754896 13754896 13754896 13754896 13754896 13754896 13754896 13754896 13754896 13754896 13754896 13754896 13754896 13754896 13754896 13754896 13754896 13754896 13754896 13754896 13754896 13754896 13754896 13754896 13754896 13754896 13754896 13754896 13754896 13754896 13792279 13792279 13769745 13769745 13769745 13769745 13769745 13769745 13769745 13769745 13769745 13769745 13769745 13769745 13769745 13769745 13769745 13769745 13769745 13769745 13769745 13769745 13754896 13754896 13754896 13754896 13754896 13754896 13754896 13754896 13754896 13754896 13754896 13754896 13754896 13754896 13754896 13754896 13769745 13769745 13769745 13754896 13754896 13754896 13754896 13754896 13754896 13754896 13754896 13754896 13754896 13754896 13754896 13769745 13769745 13769745 13769745 13769745 13769745 13769745 13769745 13769745 13769745 13792279 13792279 13792279 13792279 13792279 13792279 13792279 13792279 13792279 13792279 13792279 13792279 13792279 13792279 13792279 13792279 13792279 13792279 13792279 13792279 13792279 13792279 13792279 13792279 13792279 13792279 13792279 13754888 13754888 13754888 13769745 13769745 13769745 13769745 13769745 13769745 13769745 13769745 13769745 13769745 13769745 13769745 13769745 13769745 13769745 13769745 13769745 13769745 13769745 13769745 13769745 13769745 13769745 13769745 13769745 13769745 13769745 13769745 13769745 13769745 13769745 13769745 13769745 13769745 13769745 13769745 13769745 13769745 13769745 13769745 13769745 13769745 13769745 13769745 13769745 13769745 13769745 13769745 13769745 13769745 13754888 13754888 13754888 13754888 13754888 13754888 13754888 13769745 13769745 13769745 13769745 13769745 13769745 13769745 13769745 13769745 13769745 13769745 13769745 13769745 13769745 13769745 13769745 13769745 13769745 13754896 13754896 13754896 13754896 13754896 13754896 13754896 13754896 13754896 13754896 13754896 13754896 13754896 13754896 13754896 
RSRP of 5G
-81 -81 -81 -79 -79 -83 -83 -83 -83 -82 -82 -75 -75 -75 -75 -75 -75 -82 -82 -82 -82 -82 -82 -82 -82 -84 -81 -80 -80 -80 -80 -80 -80 -83 -83 -83 -82 -82 -82 -82 -82 -84 -84 -85 -85 -82 -82 -80 -80 -83 -83 -83 -83 -83 -83 -80 -80 -80 -80 -80 -80 -80 -80 -81 -81 -81 -81 -81 -81 -80 -80 -80 -80 -80 -80 -80 -80 -80 -80 -80 -80 -80 -80 -80 -80 -81 -81 -80 -80 -80 -80 -85 -85 -82 -82 -85 -85 -82 -82 -80 -80 -80 -80 -80 -80 -80 -80 -80 -80 -80 -80 -80 -80 -82 -82 -82 -82 -82 -82 -82 -82 -83 -83 -86 -86 -86 -86 -83 -84 -87 -87 -87 -87 -87 -87 -87 -87 -87 -87 -87 -85 -85 -85 -85 -86 -86 -86 -86 -138 -138 -87 -87 -84 -84 -100 -84 -84 -84 -87 -87 -81 -81 -80 -80 -81 -81 -81 -81 -78 -78 -84 -84 -83 -83 -83 -83 -81 -81 -84 -82 -80 -80 -82 -82 -80 -80 -81 -81 -81 -81 -79 -79 -82 -82 -78 -78 -76 -76 -80 -80 -80 -80 -80 -80 -80 -80 -80 -80 -80 -80 -80 -80 -80 -80 -83 -83 -83 -83 -92 -92 -85 -85 -86 -84 -84 -84 -80 -80 -85 -85 -82 -82 -82 -82 -82 -82 -83 -83 -80 -80 -80 -80 -81 -81 -81 -81 -81 -81 -81 -81 -81 -81 -81 -81 -81 -81 -82 -82 -82 -82 -81 -81 -80 -80 2147483647 2147483647 2147483647 -78 -78 -80 -80 -80 -85 -85 -79 -79 -80 -80 -80 -80 -81 -81 -75 -75 -75 -75 -82 -82 -82 -82 -78 -78 -85 -85 -85 -85 -85 -81 -81 -81 -81 -81 -81 -81 -81 -81 -81 -81 -78 -78 -84 -84 -78 -78 -81 -81 -83 -83 -82 -82 -82 -82 -87 -87 -87 -87 -79 -85 -84 -84 -84 -84 -84 -84 -79 -79 -81 -81 -81 -79 -83 -83 -80 -80 -88 -88 -83 -83 -83 -83 -83 -83 -83 -83 -80 -80 -80 -80 -81 -81 
CQI
2147483647 2147483647 2147483647 2147483647 2147483647 2147483647 2147483647 2147483647 2147483647 2147483647 2147483647 2147483647 2147483647 2147483647 2147483647 2147483647 2147483647 2147483647 2147483647 2147483647 2147483647 2147483647 2147483647 2147483647 2147483647 2147483647 2147483647 2147483647 2147483647 2147483647 2147483647 2147483647 2147483647 2147483647 2147483647 2147483647 2147483647 2147483647 2147483647 2147483647 2147483647 2147483647 2147483647 2147483647 2147483647 2147483647 2147483647 2147483647 2147483647 2147483647 2147483647 2147483647 2147483647 2147483647 2147483647 2147483647 2147483647 2147483647 2147483647 2147483647 2147483647 2147483647 2147483647 2147483647 2147483647 2147483647 2147483647 2147483647 2147483647 2147483647 2147483647 2147483647 2147483647 2147483647 2147483647 2147483647 2147483647 2147483647 2147483647 2147483647 2147483647 2147483647 2147483647 2147483647 2147483647 2147483647 2147483647 2147483647 2147483647 2147483647 2147483647 2147483647 2147483647 2147483647 2147483647 2147483647 2147483647 2147483647 2147483647 2147483647 2147483647 2147483647 2147483647 2147483647 2147483647 2147483647 2147483647 2147483647 2147483647 2147483647 2147483647 2147483647 2147483647 2147483647 2147483647 2147483647 2147483647 2147483647 2147483647 2147483647 2147483647 2147483647 2147483647 2147483647 2147483647 2147483647 2147483647 2147483647 2147483647 2147483647 2147483647 2147483647 2147483647 2147483647 2147483647 2147483647 2147483647 2147483647 2147483647 2147483647 2147483647 2147483647 2147483647 2147483647 2147483647 2147483647 2147483647 2147483647 2147483647 2147483647 2147483647 2147483647 2147483647 2147483647 2147483647 2147483647 2147483647 2147483647 2147483647 2147483647 2147483647 2147483647 2147483647 2147483647 2147483647 2147483647 2147483647 2147483647 2147483647 2147483647 2147483647 2147483647 2147483647 2147483647 2147483647 2147483647 2147483647 2147483647 2147483647 2147483647 2147483647 2147483647 2147483647 2147483647 2147483647 2147483647 2147483647 2147483647 2147483647 2147483647 2147483647 2147483647 2147483647 2147483647 2147483647 2147483647 2147483647 2147483647 2147483647 2147483647 2147483647 2147483647 2147483647 2147483647 2147483647 2147483647 2147483647 2147483647 2147483647 2147483647 2147483647 2147483647 2147483647 2147483647 2147483647 2147483647 2147483647 2147483647 2147483647 2147483647 2147483647 2147483647 2147483647 2147483647 2147483647 2147483647 2147483647 2147483647 2147483647 2147483647 2147483647 2147483647 2147483647 2147483647 2147483647 2147483647 2147483647 2147483647 2147483647 2147483647 2147483647 2147483647 2147483647 2147483647 2147483647 2147483647 2147483647 2147483647 2147483647 2147483647 2147483647 2147483647 2147483647 2147483647 2147483647 2147483647 2147483647 2147483647 2147483647 2147483647 2147483647 2147483647 2147483647 2147483647 2147483647 2147483647 2147483647 2147483647 2147483647 2147483647 2147483647 2147483647 2147483647 2147483647 2147483647 2147483647 2147483647 2147483647 2147483647 2147483647 2147483647 2147483647 2147483647 2147483647 2147483647 2147483647 2147483647 2147483647 2147483647 2147483647 2147483647 2147483647 2147483647 2147483647 2147483647 2147483647 2147483647 2147483647 2147483647 2147483647 2147483647 2147483647 2147483647 2147483647 2147483647 2147483647 2147483647 2147483647 2147483647 2147483647 2147483647 2147483647 2147483647 2147483647 2147483647 2147483647 2147483647 2147483647 2147483647 2147483647 2147483647 2147483647 2147483647 2147483647 2147483647 2147483647 2147483647 2147483647 2147483647 2147483647 2147483647 2147483647 2147483647 2147483647 2147483647 2147483647 2147483647 2147483647 2147483647 2147483647 2147483647 2147483647 2147483647 2147483647 2147483647 2147483647 2147483647 2147483647 2147483647 2147483647 2147483647 2147483647 2147483647 2147483647 2147483647 2147483647 2147483647 2147483647 2147483647 2147483647 
Altitude
-93.16129302978516 -92.37389373779297 -91.54950714111328 -90.68812561035156 -90.04341125488281 -89.2665786743164 -88.71170043945312 -87.56495666503906 -87.08406066894531 -86.12227630615234 -85.28203582763672 -83.24219512939453 -81.07553100585938 -78.98284912109375 -77.04341888427734 -74.76578521728516 -72.97960662841797 -70.94505310058594 -69.11131286621094 -67.2247314453125 -64.96823120117188 -63.05522537231445 -60.65604019165039 -58.4735221862793 -56.301570892333984 -54.57881164550781 -52.42799758911133 -50.32474899291992 -48.40117263793945 -46.30320739746094 -44.289794921875 -42.37150573730469 -40.416221618652344 -38.275978088378906 -36.278419494628906 -34.275577545166016 -32.29387283325195 -30.058507919311523 -27.96582794189453 -26.14794158935547 -23.981277465820312 -21.95729637145996 -20.00729751586914 -18.326812744140625 -15.964618682861328 -13.908929824829102 -12.0117769241333 -9.876819610595703 -8.122349739074707 -6.045522689819336 -4.137801170349121 -2.1349573135375977 -0.16382098197937012 2.1428842544555664 4.05853271484375 5.960969924926758 8.02987003326416 9.971941947937012 11.826818466186523 13.61563777923584 15.486367225646973 16.712383270263672 17.890836715698242 18.8209171295166 19.50262451171875 20.303232192993164 20.776199340820312 21.36278533935547 21.875385284423828 22.123760223388672 22.448759078979492 22.78432846069336 23.072336196899414 23.590221405029297 23.743473052978516 24.105464935302734 23.666847229003906 23.666847229003906 22.49103546142578 20.905670166015625 19.60567283630371 18.746932983398438 17.20648765563965 16.292261123657227 14.500799179077148 12.8388090133667 11.44368839263916 10.043283462524414 9.419706344604492 7.905683517456055 5.974181175231934 4.18007755279541 3.009550094604492 1.1784541606903076 -0.3223574161529541 -0.3065037727355957 -1.7967462539672852 -2.6052820682525635 -3.4402406215667725 -3.588207960128784 -4.063817024230957 -4.687394142150879 -4.956905841827393 -4.951621055603027 -5.733734130859375 -6.050806999206543 -6.579261779785156 -6.214628219604492 -6.304465293884277 -6.610969543457031 -6.5845465660095215 -6.499993801116943 -6.610969543457031 -6.758936882019043 -6.806497573852539 -6.88576602935791 -6.854058265686035 -7.308529853820801 -7.1077165603637695 -7.076009750366211 -6.65324592590332 -6.188205718994141 -6.357311248779297 -6.082514762878418 -5.004467010498047 -2.8008103370666504 -0.9829258918762207 -0.0634145736694336 0.9644299745559692 2.602639675140381 4.711174488067627 6.481497764587402 8.640235900878906 10.386778831481934 12.680272102355957 13.90628719329834 15.047749519348145 16.223562240600586 17.058521270751953 17.70587730407715 18.46685218811035 19.048152923583984 19.60567283630371 19.877826690673828 20.313800811767578 20.61766242980957 20.89510154724121 21.365427017211914 21.36014175415039 21.669288635253906 21.642866134643555 21.20160675048828 21.43148422241211 21.793476104736328 22.271726608276367 22.36156463623047 22.74997901916504 22.586156845092773 22.683921813964844 22.47782325744629 22.646928787231445 22.768474578857422 22.633718490600586 22.69977569580078 22.599369049072266 22.63107681274414 22.705059051513672 22.71298599243164 22.74733543395996 22.694490432739258 22.39591407775879 21.024574279785156 18.762786865234375 17.44957733154297 16.411163330078125 15.325188636779785 13.972344398498535 12.077834129333496 10.82275390625 9.107917785644531 7.924179553985596 6.714017868041992 4.729670524597168 3.691256523132324 2.7215421199798584 0.9115844964981079 -0.5284547805786133 -1.5747952461242676 -2.7585339546203613 -3.4085333347320557 -4.053248405456543 -4.5975565910339355 -5.062596797943115 -5.421946048736572 -5.918693542480469 -6.1089372634887695 -6.515847206115723 -7.1077165603637695 -7.4195051193237305 -7.546334266662598 -7.340236663818359 -7.266253471374512 -7.694301605224609 -7.017879486083984 -6.827635765075684 -6.811781883239746 -6.806497573852539 -6.891050338745117 -7.0654401779174805 -7.149992942810059 -7.0654401779174805 -7.197554111480713 -7.155277729034424 -7.049586772918701 -7.039017677307129 -6.980887413024902 -6.447148323059082 -4.856499671936035 -3.0756068229675293 -1.4162588119506836 -0.5284547805786133 0.9247958660125732 2.6766233444213867 4.4152398109436035 6.518489837646484 8.53982925415039 10.73555850982666 12.394906997680664 14.088603973388672 14.979050636291504 15.515432357788086 16.709739685058594 17.325389862060547 18.15506362915039 18.5593318939209 18.976810455322266 19.21725845336914 19.597745895385742 19.951810836791992 20.282094955444336 20.242460250854492 20.72335433959961 20.7656307220459 20.42477798461914 20.0575008392334 20.276809692382812 20.913597106933594 21.36014175415039 21.42884063720703 21.539817810058594 21.907093048095703 21.682498931884766 21.835750579833984 22.229450225830078 22.25587272644043 22.440832138061523 22.374774932861328 22.372133255004883 22.39327049255371 22.350994110107422 22.314002990722656 22.50688934326172 22.63107681274414 22.60201072692871 22.411767959594727 22.28493881225586 21.912378311157227 21.016647338867188 20.107704162597656 19.180265426635742 16.263195037841797 15.2353515625 14.11502742767334 13.327629089355469 11.792468070983887 10.526819229125977 8.608528137207031 7.223977088928223 5.667677402496338 4.050605773925781 3.4085333347320557 1.5668684244155884 -0.05284547805786133 -2.304062843322754 -4.158939361572266 -5.955685615539551 -7.678447723388672 -9.142267227172852 -10.495111465454102 -11.240233421325684 -12.788605690002441 -14.07275104522705 -15.573562622070312 -17.063804626464844 -18.511770248413086 -20.40363883972168 -21.952011108398438 -23.156888961791992 -24.768674850463867 -26.221925735473633 -27.733306884765625 -29.371517181396484 -30.904035568237305 -32.721920013427734 -34.02720260620117 -35.54915237426758 -36.917850494384766 -38.54020690917969 -40.05158615112305 -41.47312927246094 -42.80483627319336 -44.71255874633789 -46.42475128173828 -47.872718811035156 -49.088165283203125 -50.11865234375 -51.62474822998047 -53.04100799560547 -54.60523223876953 -55.8206787109375 -57.13124465942383 -58.632057189941406 -60.777584075927734 -62.51620101928711 -63.95888137817383 -65.50725555419922 -66.7015609741211 -68.767822265625 -69.80887603759766 -72.07066345214844 -73.18569946289062 -74.71293640136719 -76.9905776977539 -77.52960205078125 -78.37512969970703 -80.09260559082031 -81.55113983154297 -82.08488464355469 -84.85926818847656 -86.80926513671875 -88.36820983886719 -88.59015655517578 -89.43568420410156 -91.08975219726562 -91.36983489990234 -91.37511444091797 -91.71861267089844 -91.73974609375 -92.1202392578125 -92.00397491455078 -92.56942749023438 -92.89178466796875 -92.9340591430664 -93.0133285522461 -93.47308349609375 -93.46250915527344 -93.85885620117188 -94.1177978515625 -94.25519561767578 -94.5352783203125 