LTE(1) or 5G(2)
2 2 2 2 2 2 2 2 2 2 2 2 2 2 2 2 2 2 2 2 2 2 2 2 2 2 2 2 2 2 2 2 2 2 2 2 2 2 2 2 2 2 2 2 1 1 2 2 2 2 2 2 2 2 2 2 2 2 2 2 2 2 2 2 2 2 2 2 2 2 2 2 2 2 2 2 1 1 1 1 1 1 2 2 2 2 2 2 2 2 2 2 2 2 2 2 2 2 2 2 2 2 1 1 1 2 2 2 2 2 2 1 1 1 1 2 2 2 2 2 2 2 2 2 2 2 2 2 2 2 2 2 2 2 2 2 2 2 2 2 2 2 2 2 2 2 2 2 2 2 2 2 2 2 2 2 2 2 2 2 2 2 2 2 2 2 2 2 1 1 2 2 2 2 2 2 2 1 1 1 1 1 1 1 1 1 1 2 2 2 2 2 2 2 2 2 2 2 2 2 2 2 2 2 2 2 2 2 2 2 2 2 2 2 2 2 2 2 2 2 2 2 2 2 2 2 2 2 2 2 2 2 2 2 2 2 2 2 2 2 2 2 2 2 2 2 2 2 2 2 2 2 2 2 2 2 2 2 2 2 2 2 2 2 2 2 2 2 2 2 2 2 2 2 2 2 2 2 2 2 2 2 2 2 2 2 2 2 2 
SNR of LTE
2 2 2 0 0 0 0 0 0 0 0 0 0 0 0 0 0 -1 -1 -1 -1 -1 -1 -1 -1 -1 -1 -1 -1 -2 -2 -2 -2 -2 -2 -2 -2 -3 -3 -3 -3 -3 -3 -3 -3 -4 -4 -4 -4 -4 -4 -4 -4 -4 -4 -4 -4 -4 -4 -4 -4 -4 -4 -4 -4 -4 -3 -3 -3 -3 -3 -3 -3 -3 -3 -2 -2 -2 -2 -2 -2 -2 -2 -2 -2 -2 -2 -2 -2 -2 -2 -2 -2 -2 -2 -2 -2 -2 -2 -2 -2 -2 -3 -3 -3 -3 -3 -3 -3 -3 -3 -3 -3 -3 -3 -3 -3 -3 -3 -3 -2 -2 -2 -2 -2 -2 -2 -2 -2 -2 -2 -2 -2 -2 -2 -2 -2 -1 -1 -1 -1 -1 -1 0 0 0 0 0 0 0 2 2 2 3 3 3 3 3 3 3 3 3 3 3 3 3 3 3 3 2 2 2 1 0 0 0 0 -1 -1 -1 -1 -1 -6 -7 -7 -7 -7 -7 -7 -8 -8 -8 -8 -8 -8 -8 -8 -8 -8 -8 -8 -7 -7 -7 -7 -7 -7 -7 -7 -7 -6 -6 -6 -6 -6 -7 -7 -7 -7 -7 -7 -7 -7 -6 -6 -6 -6 -6 -6 -6 -6 -6 -6 -6 -6 -6 -6 -6 -6 -6 -6 -6 -6 -5 -3 -3 -3 -3 -3 -3 -3 -2 -2 -2 -2 -3 -3 -3 -2 -2 -2 -2 -1 -1 -1 -1 -1 -1 -1 -1 -1 -1 -2 -2 -1 -1 -1 -1 -1 -1 0 0 0 0 0 0 0 0 0 
SNR of 5G
7 7 7 4 4 4 4 4 4 4 4 5 5 5 5 5 5 1 1 2 2 3 3 3 3 3 3 3 3 4 4 3 3 3 3 3 3 4 4 4 3 -4 -4 -7 0 0 -2 -2 -2 2 3 3 1 1 3 3 3 3 3 3 3 3 3 3 3 3 5 5 1 1 1 1 2 2 1 1 0 0 0 0 0 0 1 1 1 1 0 0 -1 -1 2 2 0 0 -2 -2 -3 -3 -5 -5 -5 -5 0 0 0 -2 -3 -3 -3 -3 -3 0 0 0 0 -3 -3 -6 -6 -6 -6 0 0 0 0 0 -1 4 4 4 4 6 6 6 6 6 6 4 4 3 3 5 5 9 9 9 5 5 5 5 3 5 5 5 5 5 5 3 3 1 1 3 3 0 0 -3 -3 -3 0 0 0 0 1 1 0 0 1 0 0 0 0 0 0 0 0 0 0 2 2 2 2 1 1 0 0 -1 0 0 0 1 1 1 -4 1 1 1 1 1 1 1 1 2 2 2 2 2 2 2 2 1 1 0 0 0 0 1 1 5 5 7 7 7 7 7 7 7 7 7 7 7 7 7 7 4 4 4 4 4 4 1 1 0 0 1 1 1 2 2 2 2 2 2 3 3 2 2 1 1 2 2 2 2 3 3 2 2 3 3 3 3 5 5 5 5 5 9 6 6 3 
RSSI
-51 -51 -51 -51 -51 -51 -51 -51 -51 -51 -51 -51 -51 -51 -51 -51 -51 -51 -51 -51 -51 -51 -51 -51 -51 -51 -51 -51 -51 -51 -51 -51 -51 -51 -51 -51 -51 -51 -51 -51 -51 -51 -51 -51 -51 -51 -51 -51 -51 -51 -51 -51 -51 -51 -51 -51 -51 -51 -51 -51 -51 -51 -51 -51 -51 -51 -51 -51 -51 -51 -51 -51 -51 -51 -51 -51 -51 -51 -51 -51 -51 -51 -51 -51 -51 -51 -51 -51 -51 -51 -51 -51 -51 -51 -51 -51 -51 -51 -51 -51 -51 -51 -51 -51 -51 -51 -51 -51 -51 -51 -51 -51 -51 -51 -51 -51 -51 -51 -51 -51 -51 -51 -51 -51 -51 -51 -51 -51 -51 -51 -51 -51 -51 -51 -51 -51 -51 -51 -51 -51 -51 -51 -51 -51 -51 -51 -51 -51 -51 -51 -51 -51 -51 -51 -51 -51 -51 -51 -51 -51 -51 -51 -51 -51 -51 -51 -51 -51 -51 -51 -51 -51 -51 -51 -51 -51 -51 -51 -51 -51 -51 -51 -51 -51 -51 -51 -51 -51 -51 -51 -51 -51 -51 -51 -51 -51 -51 -51 -51 -51 -51 -51 -51 -51 -51 -51 -51 -51 -51 -51 -51 -51 -51 -51 -51 -51 -51 -51 -51 -51 -51 -51 -51 -51 -51 -51 -51 -53 -53 -53 -53 -53 -53 -53 -53 -53 -53 -51 -51 -51 -51 -51 -51 -51 -51 -51 -51 -51 -51 -51 -51 -51 -51 -51 -51 -51 -51 -51 -51 -51 -51 -51 -51 -51 -51 -51 -51 -51 -51 -51 -51 -51 -51 -51 -51 -51 -51 -51 -51 -51 -51 -51 -51 -51 -51 -51 -51 -51 -51 
RSRP
-80 -80 -80 -78 -78 -78 -78 -78 -78 -78 -78 -77 -77 -77 -77 -77 -77 -76 -76 -76 -76 -76 -76 -76 -76 -76 -76 -76 -76 -76 -76 -76 -76 -76 -76 -76 -76 -76 -76 -76 -77 -77 -77 -77 -77 -77 -77 -77 -77 -77 -77 -77 -77 -77 -77 -77 -77 -77 -77 -77 -77 -77 -77 -77 -77 -77 -75 -75 -75 -75 -76 -76 -76 -76 -76 -75 -74 -74 -74 -74 -74 -74 -73 -73 -73 -73 -73 -73 -73 -73 -74 -74 -74 -74 -74 -74 -74 -74 -74 -74 -74 -74 -74 -74 -74 -75 -75 -75 -75 -75 -75 -75 -75 -75 -75 -75 -75 -74 -74 -74 -74 -74 -74 -74 -74 -74 -74 -74 -74 -74 -74 -74 -74 -74 -74 -74 -74 -73 -73 -73 -73 -73 -73 -71 -71 -71 -70 -70 -70 -70 -68 -68 -68 -67 -67 -67 -67 -67 -67 -67 -67 -67 -67 -67 -67 -67 -67 -67 -67 -68 -68 -68 -68 -69 -69 -69 -69 -70 -70 -70 -70 -70 -76 -77 -77 -77 -77 -78 -78 -80 -80 -81 -81 -81 -81 -81 -82 -82 -82 -82 -82 -80 -80 -80 -80 -80 -80 -80 -80 -80 -80 -80 -80 -80 -80 -79 -79 -79 -79 -78 -78 -78 -78 -78 -78 -78 -78 -79 -79 -79 -79 -79 -79 -79 -79 -79 -79 -78 -78 -78 -78 -78 -78 -78 -78 -78 -78 -78 -78 -78 -78 -79 -79 -79 -79 -79 -79 -79 -78 -78 -78 -78 -78 -78 -78 -78 -78 -78 -77 -77 -77 -77 -77 -77 -77 -77 -76 -76 -76 -76 -76 -76 -76 -76 -76 -75 -75 -75 -75 
CID
13792258 13792258 13792258 13792258 13792258 13792258 13792258 13792258 13792258 13792258 13792258 13792258 13792258 13792258 13792258 13792258 13792258 13792258 13792258 13792258 13792258 13792258 13792258 13792258 13792258 13792258 13792258 13792258 13792258 13792258 13792258 13792258 13792258 13792258 13792258 13792258 13792258 13792258 13792258 13792258 13792258 13792258 13792258 13792258 13792258 13792258 13792258 13792258 13792258 13792513 13792513 13792513 13792513 13792513 13792513 13792513 13792513 13792513 13792513 13792513 13792513 13792513 13792513 13792513 13792513 13792513 13792513 13792513 13792513 13792513 13792513 13792513 13792513 13792513 13792513 13792513 13792513 13792513 13792513 13792513 13792513 13792513 13792513 13792513 13792513 13792513 13792513 13792513 13792513 13792513 13769739 13769739 13769739 13769739 13769739 13769739 13769739 13769739 13769739 13769739 13769739 13769739 13769739 13769739 13769739 13769739 13769739 13769739 13769739 13769739 13769739 13769739 13769739 13769739 13769739 13769739 13769739 13769739 13769739 13769739 13769739 13769739 13769739 13769739 13769739 13769739 13769739 13769739 13769739 13769739 13769739 13769739 13769739 13769739 13769739 13769739 13769739 13769739 13769739 13769739 13769739 13769739 13769739 13769739 13769739 13769739 13769739 13769739 13769739 13769739 13769739 13769739 13769739 13769739 13769739 13769739 13769739 13769739 13769739 13769739 13769739 13769739 13769739 13769739 13769739 13769739 13769739 13769739 13769739 13769739 13769739 13769739 13769739 13769739 13769739 13769739 13769739 13769739 13769739 13769739 13769739 13769739 13792257 13792257 13792257 13792257 13792257 13792257 13792257 13792257 13792257 13792257 13792257 13792257 13792257 13792257 13792257 13792257 13792257 13792257 13792257 13754890 13754890 13754890 13754890 13754890 13754890 13754890 13754890 13754890 13769739 13769739 13769739 13769739 13769739 13769739 13792257 13792257 13792257 13769739 13792258 13792258 13792258 13792258 13769739 13769739 13769739 13792258 13792258 13792258 13792258 13792258 13792258 13792258 13792258 13792258 13792258 13792258 13792258 13792258 13792258 13792258 13792258 13792258 13792258 13792258 13792258 13792258 13792258 13792258 13792258 13792258 13792258 13792258 13792258 13792258 13792258 13792258 13792258 13792258 13792258 13792258 13792258 13792258 13792258 13792258 13792258 13792258 13792258 13792258 13792258 13792258 13792258 13792258 13792258 13792258 13792258 13792258 13792258 13792258 13792258 13792258 13792258 13792258 13792258 13792258 13792258 13792258 13792258 
RSRP of 5G
-85 -85 -85 -86 -78 -78 -78 -78 -78 -78 -78 -82 -82 -82 -82 -82 -82 -88 -88 -85 -85 -84 -84 -84 -84 -84 -84 -84 -84 -87 -87 -86 -86 -86 -86 -86 -86 -79 -79 -88 -83 -85 -85 -99 -99 -99 -87 -87 -87 -85 -84 -84 -86 -86 -83 -83 -83 -83 -83 -83 -83 -83 -83 -83 -83 -83 -84 -84 -88 -88 -88 -88 -86 -86 -83 -83 -83 -83 -83 -83 -83 -83 -84 -84 -86 -86 -84 -84 -83 -83 -87 -87 -89 -85 -86 -86 -82 -82 -112 -112 -119 -119 -119 -119 -119 -87 -86 -117 -117 -117 -117 -117 -117 -117 -117 -85 -85 -102 -102 -90 -88 -109 -109 -93 -93 -91 -80 -85 -85 -85 -85 -78 -78 -78 -78 -78 -78 -84 -84 -88 -88 -84 -84 -77 -77 -77 -80 -80 -80 -80 -77 -83 -83 -82 -82 -82 -82 -80 -80 -78 -78 -80 -80 -81 -81 -85 -85 -85 -85 -85 -80 -80 -80 -80 -83 -83 -81 -81 -81 -81 -81 -81 -81 -81 -81 -81 -81 -78 -78 -78 -78 -78 -78 -80 -80 -82 -82 -82 -82 -83 -83 -82 -83 -84 -84 -84 -84 -83 -83 -83 -84 -83 -83 -83 -83 -82 -82 -82 -82 -81 -81 -82 -82 -82 -82 -82 -82 -77 -77 -74 -74 -74 -74 -74 -74 -74 -74 -74 -74 -74 -74 -74 -74 -75 -75 -75 -75 -75 -75 -80 -80 -83 -83 -80 -80 -82 -81 -81 -84 -84 -84 -84 -85 -85 -85 -85 -86 -86 -87 -87 -85 -85 -86 -86 -85 -85 -84 -84 -84 -84 -80 -80 -80 -80 -80 -78 -83 -83 -88 
CQI
2147483647 2147483647 2147483647 2147483647 2147483647 2147483647 2147483647 2147483647 2147483647 2147483647 2147483647 2147483647 2147483647 2147483647 2147483647 2147483647 2147483647 2147483647 2147483647 2147483647 2147483647 2147483647 2147483647 2147483647 2147483647 2147483647 2147483647 2147483647 2147483647 2147483647 2147483647 2147483647 2147483647 2147483647 2147483647 2147483647 2147483647 2147483647 2147483647 2147483647 2147483647 2147483647 2147483647 2147483647 2147483647 2147483647 2147483647 2147483647 2147483647 2147483647 2147483647 2147483647 2147483647 2147483647 2147483647 2147483647 2147483647 2147483647 2147483647 2147483647 2147483647 2147483647 2147483647 2147483647 2147483647 2147483647 2147483647 2147483647 2147483647 2147483647 2147483647 2147483647 2147483647 2147483647 2147483647 2147483647 2147483647 2147483647 2147483647 2147483647 2147483647 2147483647 2147483647 2147483647 2147483647 2147483647 2147483647 2147483647 2147483647 2147483647 2147483647 2147483647 2147483647 2147483647 2147483647 2147483647 2147483647 2147483647 2147483647 2147483647 2147483647 2147483647 2147483647 2147483647 2147483647 2147483647 2147483647 2147483647 2147483647 2147483647 2147483647 2147483647 2147483647 2147483647 2147483647 2147483647 2147483647 2147483647 2147483647 2147483647 2147483647 2147483647 2147483647 2147483647 2147483647 2147483647 2147483647 2147483647 2147483647 2147483647 2147483647 2147483647 2147483647 2147483647 2147483647 2147483647 2147483647 2147483647 2147483647 2147483647 2147483647 2147483647 2147483647 2147483647 2147483647 2147483647 2147483647 2147483647 2147483647 2147483647 2147483647 2147483647 2147483647 2147483647 2147483647 2147483647 2147483647 2147483647 2147483647 2147483647 2147483647 2147483647 2147483647 2147483647 2147483647 2147483647 2147483647 2147483647 2147483647 2147483647 2147483647 2147483647 2147483647 2147483647 2147483647 2147483647 2147483647 2147483647 2147483647 2147483647 2147483647 2147483647 2147483647 2147483647 2147483647 2147483647 2147483647 2147483647 2147483647 2147483647 2147483647 2147483647 2147483647 2147483647 2147483647 2147483647 2147483647 2147483647 2147483647 2147483647 2147483647 2147483647 2147483647 2147483647 2147483647 2147483647 2147483647 2147483647 2147483647 2147483647 2147483647 2147483647 2147483647 2147483647 2147483647 2147483647 2147483647 2147483647 2147483647 2147483647 2147483647 2147483647 2147483647 2147483647 2147483647 2147483647 2147483647 2147483647 2147483647 2147483647 2147483647 2147483647 2147483647 2147483647 2147483647 2147483647 2147483647 2147483647 2147483647 2147483647 2147483647 2147483647 2147483647 2147483647 2147483647 2147483647 2147483647 2147483647 2147483647 2147483647 2147483647 2147483647 2147483647 2147483647 2147483647 2147483647 2147483647 2147483647 2147483647 2147483647 2147483647 2147483647 2147483647 2147483647 2147483647 2147483647 2147483647 2147483647 2147483647 2147483647 2147483647 2147483647 2147483647 2147483647 2147483647 2147483647 2147483647 2147483647 2147483647 2147483647 2147483647 2147483647 2147483647 2147483647 2147483647 2147483647 2147483647 2147483647 2147483647 
Altitude
-62.84912872314453 -62.273109436035156 -61.45400619506836 -60.49750518798828 -58.431243896484375 -56.17474365234375 -54.00279235839844 -51.78328323364258 -49.81743240356445 -47.70889663696289 -45.88044357299805 -43.73491668701172 -41.55768585205078 -39.480857849121094 -37.493865966796875 -35.5174446105957 -33.66785430908203 -31.464197158813477 -29.313386917114258 -27.426803588867188 -25.122739791870117 -23.315425872802734 -21.20160675048828 -19.54225730895996 -18.067869186401367 -16.81014633178711 -15.901204109191895 -15.108522415161133 -14.273563385009766 -13.734539985656738 -13.132101058959961 -12.70933723449707 -12.376411437988281 -12.075191497802734 -11.879663467407227 -11.678850173950195 -11.40933895111084 -11.298362731933594 -11.06584358215332 -10.886168479919434 -10.93372917175293 -10.27844524383545 -9.512186050415039 -7.551618576049805 -5.136580467224121 -5.05731201171875 -4.232922554016113 -2.3304855823516846 -0.35934925079345703 1.4506083726882935 3.448167324066162 5.561986446380615 7.607106685638428 9.628446578979492 11.380273818969727 13.258930206298828 15.428236961364746 17.592260360717773 19.587177276611328 21.38920783996582 23.299571990966797 25.318267822265625 27.262981414794922 29.482492446899414 31.25281524658203 33.358707427978516 35.63899230957031 37.23756790161133 38.93918991088867 40.490203857421875 41.837764739990234 43.15890121459961 44.271297454833984 44.892234802246094 45.618858337402344 46.400970458984375 46.895076751708984 47.235931396484375 47.658695220947266 47.75117492675781 47.9414176940918 48.176578521728516 48.40909957885742 48.752593994140625 48.49365234375 48.6495475769043 48.80015563964844 48.520076751708984 48.3826789855957 48.23735046386719 48.20035934448242 47.63491439819336 45.43125915527344 43.19325256347656 42.06500244140625 41.134918212890625 40.07536697387695 38.542850494384766 37.10545349121094 36.09346008300781 33.858097076416016 31.910741806030273 30.724361419677734 30.05322265625 28.824565887451172 26.393674850463867 25.26013946533203 24.187376022338867 22.660140991210938 21.196321487426758 19.41278648376465 16.717666625976562 15.208929061889648 14.532506942749023 13.77153205871582 11.306289672851562 11.042062759399414 9.089422225952148 7.398366928100586 5.554059982299805 3.9079232215881348 3.255281448364258 2.2987782955169678 1.5193074941635132 -0.38048744201660156 -1.5272343158721924 -3.0808913707733154 -4.576418399810791 -6.114221572875977 -8.127634048461914 -8.106496810913086 -7.831699848175049 -8.560967445373535 -9.24795913696289 -9.575600624084473 -10.299583435058594 -10.64307975769043 -11.023567199707031 -11.393485069274902 -11.425191879272461 -11.58901309967041 -11.583728790283203 -11.95364761352539 -11.895517349243164 -12.017061233520508 -12.133321762084961 -11.990638732910156 -11.93250846862793 -11.145111083984375 -10.854461669921875 -8.481698989868164 -5.696742534637451 -6.167067527770996 -4.708532333374023 -2.8800785541534424 -0.8191049098968506 0.834958553314209 2.729468822479248 5.271336555480957 7.1262125968933105 9.245316505432129 11.385558128356934 13.340841293334961 15.219497680664062 17.3227481842041 19.7668514251709 21.658720016479492 23.71176528930664 25.365829467773438 27.408308029174805 29.279037475585938 31.41399383544922 33.35078048706055 35.337772369384766 36.899356842041016 38.94183349609375 39.51784896850586 41.38329315185547 42.72821044921875 43.58959197998047 44.252803802490234 45.016422271728516 45.116825103759766 45.26215362548828 45.679630279541016 46.3401985168457 46.86601257324219 47.25971221923828 47.35483169555664 47.28877639770508 47.61377716064453 47.8383674621582 47.663978576660156 47.27027893066406 47.78288269042969 47.42881774902344 47.391822814941406 45.806461334228516 44.125972747802734 42.7916259765625 41.70301055908203 39.35667037963867 38.38431167602539 36.61134719848633 35.731468200683594 34.407691955566406 32.1485481262207 30.85911750793457 29.654239654541016 28.703022003173828 27.1467227935791 25.41867446899414 23.751399993896484 22.67335319519043 21.38920783996582 19.71664810180664 17.140430450439453 15.636977195739746 14.601205825805664 12.997344970703125 12.648565292358398 9.829258918762207 9.345723152160645 7.379870891571045 6.119506359100342 4.600198745727539 3.7810940742492676 2.2987782955169678 1.6170716285705566 -0.19552826881408691 -2.1613800525665283 -3.0861759185791016 -5.141864776611328 -6.151213645935059 -7.9796671867370605 -7.826415061950684 -8.18576431274414 -9.099990844726562 -9.697145462036133 -10.067063331604004 -10.526819229125977 -11.071127891540527 -11.488607406616211 -11.810964584350586 -11.937793731689453 -12.043484687805176 -12.233728408813477 -11.964216232299805 -12.165029525756836 -11.969500541687012 -12.006492614746094 -12.001208305358887 -12.239012718200684 -12.862588882446289 -13.75039291381836 -14.500799179077148 -15.65811538696289 -17.549983978271484 -19.5581111907959 -20.821117401123047 -22.062986373901367 -23.59550666809082 -24.50444793701172 -26.649974822998047 -27.860136032104492 -28.890623092651367 -30.306880950927734 -32.09305953979492 -33.630863189697266 -35.18980407714844 -36.57435607910156 -37.974761962890625 -39.5337028503418 -41.49955368041992 -42.815406799316406 -44.168251037597656 -45.27800750732422 -47.032474517822266 -48.62312316894531 -50.287757873535156 -52.16377258300781 -53.0621452331543 -54.24588394165039 -56.20116424560547 -57.52230453491211 -59.14466094970703 -60.708885192871094 -61.5755500793457 -62.51620101928711 