LTE(1) or 5G(2)
2 2 2 2 2 2 2 2 2 2 2 2 2 2 2 2 2 2 2 2 2 2 2 2 2 2 2 2 2 2 2 2 2 2 2 2 2 2 2 2 2 2 2 2 2 2 2 2 1 1 1 2 2 2 2 2 2 2 2 2 2 2 2 2 2 2 2 1 1 1 2 2 2 2 2 2 2 2 2 2 2 2 2 2 2 2 2 2 2 2 2 2 2 2 2 2 2 2 2 2 1 1 2 2 2 2 2 2 2 2 2 2 2 2 2 2 2 2 2 1 1 1 1 1 2 2 2 2 2 2 1 1 1 1 2 2 1 1 2 2 2 2 1 1 1 2 2 2 2 2 2 2 2 2 1 1 2 2 2 2 2 1 1 1 2 2 2 1 1 2 2 2 2 2 2 2 2 2 2 2 2 2 2 2 2 2 2 2 2 2 2 2 2 2 2 2 2 2 2 2 2 2 2 2 2 2 2 2 2 2 2 2 2 2 2 2 2 2 2 2 2 2 1 1 2 2 2 2 2 2 2 2 2 2 2 2 2 2 2 2 2 2 2 2 1 1 2 2 2 2 2 2 2 2 2 2 2 2 2 2 2 2 2 2 2 2 2 2 2 2 2 2 2 2 2 2 2 2 2 2 2 2 2 2 2 2 2 2 2 2 2 2 2 2 2 2 2 2 2 2 2 2 2 2 2 2 2 2 2 2 2 2 2 2 2 2 2 2 2 2 2 2 2 2 2 2 2 2 2 2 2 2 2 2 2 2 2 2 2 2 2 2 2 
SNR of LTE
12 11 11 11 11 11 11 10 10 10 10 10 10 10 9 8 8 8 8 8 8 8 7 7 7 7 6 6 5 5 5 5 5 5 4 4 4 4 3 2 2 2 2 2 1 0 0 0 -1 -1 -1 -3 -3 -3 -3 -4 -4 -4 -4 -4 -4 -5 -5 -5 -5 -5 -5 -5 -5 -5 -5 -5 -5 -5 -5 -5 -5 -5 -6 -6 -6 -6 -5 -5 -5 -5 -5 -5 -5 -5 -5 -5 -5 -5 -5 -5 -5 -5 -4 -4 -4 -4 -4 -4 -4 -4 -5 -5 -5 -5 -5 -5 -5 -5 -5 -5 -5 -5 -5 -5 -5 -5 -5 -5 -5 -5 -5 -5 -5 -5 -5 -4 -4 -4 -4 -4 -5 -5 -5 -5 -4 -4 -4 -4 -4 -4 -4 -4 -4 -3 -3 -3 -3 -3 -2 -2 -2 -2 -2 -2 0 0 0 0 0 0 1 1 1 1 1 0 0 0 0 0 0 -1 -1 -1 -1 -3 -3 -3 -3 -4 -4 -4 -4 -4 -4 -4 -4 -4 -4 -4 -4 -4 -4 -4 -4 -4 -4 -5 -5 -5 -5 -3 -3 -3 -3 -3 -3 -3 -3 -3 -3 -3 -3 -3 -3 -3 -3 -3 -3 -3 -3 -3 -3 -3 -1 -1 -1 -1 -2 -2 -2 -2 -2 -2 -2 -2 -2 -2 -3 -3 -3 -3 -3 -3 -3 -3 -3 -3 -3 -3 -3 -3 -3 -3 -3 -3 -3 -3 -3 -3 -3 -3 -3 -3 -2 -2 -2 -2 -3 -3 -3 -3 -3 -4 -4 -4 -4 -4 -4 -4 -4 -4 -5 -5 -5 -5 -5 -5 -5 -5 -5 -5 -6 -6 -6 -6 -6 -5 -5 -5 -4 -4 -4 -4 -3 -3 -3 -3 -2 -2 -1 -1 -1 -1 0 1 1 3 3 3 3 3 4 4 4 4 5 5 5 5 5 6 6 6 6 6 6 
SNR of 5G
9 8 8 8 8 8 2 1 10 10 10 10 10 10 5 5 4 4 1 1 0 0 0 0 2 2 4 4 3 3 2 2 2 2 2 2 1 1 0 0 0 0 0 0 1 2 2 2 0 0 0 1 1 2 2 2 2 2 2 2 2 1 1 1 1 1 1 0 0 0 3 3 2 2 4 4 1 1 1 1 2 2 3 3 2 2 1 1 1 1 0 0 0 0 -1 -1 -1 -1 0 0 0 0 -4 -2 -1 -2 3 3 2 2 2 2 0 -3 3 3 3 3 2 0 0 0 0 0 -1 -1 0 0 -3 -3 0 0 0 0 0 0 0 0 -1 -1 -2 -2 0 0 0 -1 -1 0 0 0 0 0 0 -1 0 0 1 1 1 1 1 0 0 0 1 1 -1 0 0 1 1 1 1 0 0 -2 -2 -2 -2 -2 -2 -5 -5 -1 -1 -2 -2 -2 -2 -3 -3 -3 -3 -2 -2 0 0 3 3 3 3 3 3 2 2 2 2 1 1 1 1 -1 -1 -1 -1 2 2 0 0 0 0 0 0 0 0 0 0 0 0 0 1 1 1 1 0 0 0 0 0 0 -1 -1 -2 -2 0 0 -1 -1 -2 -2 -2 -2 -2 -2 -2 -2 -2 -2 -1 -1 -2 -2 4 4 0 0 0 0 1 1 -2 -2 -2 -2 -2 -2 3 3 2 2 2 2 2 2 1 1 1 1 0 0 -1 -1 -1 -1 0 0 0 0 0 0 1 1 1 1 2 2 1 1 0 0 0 0 0 0 1 1 0 0 0 0 0 0 1 1 -1 -1 -1 -1 1 1 2 2 3 3 2 2 8 8 8 8 3 3 2 
RSSI
-51 -51 -51 -51 -51 -51 -51 -51 -51 -51 -51 -51 -51 -51 -51 -51 -51 -51 -51 -51 -51 -51 -51 -51 -51 -51 -51 -51 -51 -51 -51 -51 -51 -51 -51 -51 -51 -51 -51 -51 -51 -51 -51 -51 -51 -51 -51 -51 -51 -51 -51 -51 -51 -51 -51 -51 -51 -51 -51 -51 -51 -51 -51 -51 -51 -51 -51 -51 -51 -51 -51 -51 -51 -51 -51 -51 -51 -51 -51 -51 -51 -51 -51 -51 -51 -51 -51 -51 -51 -51 -51 -51 -51 -51 -51 -51 -51 -51 -51 -51 -51 -51 -51 -51 -51 -51 -51 -51 -51 -51 -51 -51 -51 -51 -51 -51 -51 -51 -51 -51 -51 -51 -51 -51 -51 -51 -51 -51 -51 -51 -51 -51 -51 -51 -51 -51 -51 -51 -51 -51 -51 -51 -51 -51 -51 -51 -51 -51 -51 -51 -51 -51 -51 -51 -51 -51 -51 -51 -51 -51 -51 -51 -51 -51 -51 -51 -51 -51 -51 -51 -51 -51 -51 -51 -51 -51 -51 -51 -51 -51 -51 -51 -51 -51 -51 -51 -51 -51 -51 -51 -51 -51 -51 -51 -51 -51 -51 -51 -51 -51 -51 -51 -51 -51 -51 -51 -51 -51 -51 -51 -51 -51 -51 -51 -51 -51 -51 -51 -51 -51 -51 -51 -51 -51 -51 -51 -51 -51 -51 -51 -51 -51 -51 -51 -51 -51 -51 -51 -51 -51 -51 -51 -51 -51 -51 -51 -51 -51 -51 -51 -51 -51 -51 -51 -51 -51 -51 -51 -51 -51 -51 -51 -51 -51 -51 -51 -51 -51 -51 -51 -51 -51 -51 -51 -51 -51 -51 -51 -51 -51 -51 -51 -51 -51 -51 -51 -51 -51 -51 -51 -51 -51 -51 -51 -51 -51 -51 -51 -51 -51 -51 -51 -51 -51 -51 -51 -51 -51 -51 -51 -51 -51 -51 -51 -51 -51 -51 -51 -51 -51 -51 -51 -51 -51 -51 -51 -51 -51 -51 -51 -51 -51 -51 -51 -51 -51 -51 -51 -51 -51 -51 -51 -51 
RSRP
-68 -68 -68 -68 -68 -68 -68 -68 -68 -68 -68 -68 -68 -68 -68 -69 -69 -69 -69 -69 -69 -69 -69 -69 -69 -69 -69 -69 -69 -69 -69 -69 -69 -69 -69 -69 -69 -69 -70 -70 -70 -70 -70 -70 -71 -72 -72 -72 -73 -73 -73 -75 -75 -75 -75 -76 -76 -76 -76 -77 -77 -77 -77 -78 -78 -78 -78 -78 -78 -79 -79 -79 -79 -79 -80 -80 -79 -79 -80 -80 -80 -80 -79 -79 -79 -79 -79 -79 -79 -79 -79 -79 -78 -77 -77 -77 -77 -77 -77 -77 -77 -77 -77 -77 -77 -77 -77 -77 -77 -77 -77 -77 -77 -77 -77 -77 -77 -77 -78 -78 -78 -78 -78 -79 -79 -79 -79 -79 -79 -79 -79 -78 -78 -78 -78 -78 -79 -79 -79 -79 -78 -78 -78 -78 -78 -78 -78 -77 -77 -77 -77 -77 -77 -76 -75 -75 -75 -75 -75 -75 -75 -75 -74 -74 -74 -74 -74 -73 -73 -73 -73 -73 -73 -73 -73 -73 -74 -75 -75 -75 -75 -76 -76 -77 -77 -78 -78 -78 -78 -78 -78 -78 -78 -79 -79 -78 -78 -78 -78 -78 -78 -78 -78 -79 -79 -79 -79 -77 -77 -77 -77 -76 -76 -76 -76 -76 -76 -77 -77 -76 -76 -77 -77 -77 -77 -77 -77 -77 -77 -77 -75 -74 -74 -74 -74 -74 -74 -74 -74 -74 -74 -74 -74 -74 -74 -74 -74 -74 -74 -74 -74 -74 -74 -74 -74 -74 -74 -74 -74 -74 -74 -74 -74 -74 -74 -74 -74 -74 -74 -74 -75 -75 -75 -75 -75 -75 -75 -75 -75 -77 -77 -77 -77 -77 -77 -77 -78 -78 -79 -79 -79 -79 -79 -79 -79 -79 -79 -79 -80 -80 -80 -80 -80 -79 -79 -79 -77 -77 -77 -76 -76 -76 -76 -76 -74 -74 -73 -73 -73 -73 -71 -70 -70 -69 -69 -69 -69 -69 -69 -69 -69 -69 -68 -68 -68 -68 -68 -68 -68 -68 -68 -68 -68 
CID
13678086 13678086 13678086 13678086 13678086 13678086 13678086 13678086 13678086 13678086 13678086 13678086 13678086 13678086 13678086 13678086 13678086 13678086 13678086 13678086 13678086 13678086 13678086 13678086 13678086 13678086 13678086 13678086 13678086 13678086 13678086 13678086 13678086 13678086 13678086 13678086 13678086 13678086 13678086 13678086 13678086 13678086 13678086 13678086 13678086 13678086 13678086 13678086 13678086 13769742 13769742 13769742 13769742 13769742 13769742 13769742 13769742 13769742 13769742 13769742 13769742 13769742 13769742 13769742 13769742 13769742 13769742 13769742 13769742 13769742 13769742 13769742 13769742 13769742 13769742 13769742 13769742 13769742 13769742 13769742 13769742 13769742 13769742 13769742 13769742 13769742 13769742 13769742 13769742 13769742 13769742 13769742 13769742 13769742 13769742 13769742 13769742 13769742 13769742 13769742 13769742 13769742 13769742 13769742 13769742 13769742 13769742 13769742 13769742 13769742 13769742 13769742 13769742 13769742 13769742 13769742 13769742 13769742 13769742 13769742 13769742 13769742 13792526 13792526 13792261 13792261 13792261 13792261 13792261 13792526 13792526 13792526 13792526 13792526 13792526 13792526 13792526 13792526 13792526 13792526 13792526 13792526 13792526 13792526 13792526 13792526 13792526 13792526 13792526 13792526 13792526 13792526 13792526 13792526 13792526 13792526 13792526 13792526 13792526 13792526 13792526 13792526 13792526 13792526 13792526 13792526 13792526 13792526 13792526 13792526 13792526 13792526 13792526 13678086 13678086 13678086 13678086 13678086 13678086 13678086 13678086 13678086 13678086 13678086 13678086 13678086 13678086 13678086 13678086 13678086 13678086 13678086 13678086 13678086 13678086 13678086 13678086 13769742 13769742 13769742 13769742 13769742 13769742 13678086 13678086 13678086 13678086 13678086 13678086 13678086 13678086 13678086 13678086 13678086 13678086 13678086 13678086 13678086 13678086 13678086 13678086 13678086 13678086 13678086 13678086 13678086 13678086 13678086 13678086 13678086 13678086 13678086 13678086 13678086 13678086 13678086 13678086 13678086 13678086 13678086 13678086 13678086 13678086 13678086 13678086 13678086 13678086 13678086 13678086 13678086 13678086 13678086 13678086 13678086 13678086 13678086 13678086 13678086 13678086 13678086 13678086 13678086 13769742 13769742 13769742 13769742 13769742 13769742 13769742 13769742 13769742 13769742 13769742 13769742 13769742 13769742 13769742 13769742 13769742 13769742 13769742 13769742 13769742 13769742 13769742 13769742 13769742 13769742 13769742 13769742 13769742 13769742 13769742 13769742 13769742 13769742 13769742 13769742 13769742 13769742 13769742 13678086 13678086 13678086 13678086 13678086 13678086 13678086 13678086 13678086 13678086 13678086 13678086 13678086 13678086 13678086 13678086 13678086 13678086 13678086 13678086 13678086 13678086 13678086 13678086 13678086 13678086 13678086 13678086 13678086 13678086 13678086 13678086 13678086 13678086 13678086 13678086 13678086 13678086 13678086 13678086 13678086 13678086 
RSRP of 5G
-84 -83 -83 -83 -83 -83 -83 -76 -76 -76 -76 -76 -76 -76 -83 -83 -88 -88 -84 -84 -88 -88 -86 -86 -88 -88 -81 -81 -84 -84 -87 -87 -85 -85 -89 -89 -86 -86 -91 -91 -91 -91 -96 -96 -88 -89 -89 -89 -89 -89 -89 -86 -86 -86 -86 -87 -87 -88 -88 -90 -90 -87 -87 -88 -88 -100 -100 -97 -97 -97 -99 -99 -85 -85 -83 -83 -88 -88 -90 -90 -86 -86 -85 -85 -85 -85 -86 -81 -81 -81 -83 -83 -82 -82 -86 -86 -86 -86 -92 -92 -92 -92 -90 -83 -91 -81 -79 -79 -78 -78 -79 -79 -92 -85 -85 -85 -85 -85 -89 -89 -89 -89 -89 -89 -82 -82 -82 -82 -87 -87 -87 -87 2147483647 2147483647 -114 -114 -114 -114 -101 -101 -111 -111 -111 -111 -111 -85 -85 -92 -92 -93 -93 -91 -91 -87 -87 -87 -83 -83 -83 -83 -115 -115 -115 -115 -80 -80 -87 -87 -87 -96 -96 -108 -108 -83 -83 -81 -81 -81 -81 -81 -81 -89 -89 -81 -81 -82 -82 -82 -82 -81 -81 -81 -81 -79 -79 -78 -78 -79 -79 -79 -79 -79 -79 -77 -77 -77 -77 -77 -77 -78 -78 -84 -84 -102 -102 -79 -79 -81 -81 -81 -81 -98 -98 -98 -84 -84 -84 -84 -84 -84 -84 -84 -84 -84 -90 -90 -82 -82 -92 -92 -88 -88 -80 -80 -80 -80 -80 -80 -85 -85 -80 -80 -81 -81 -82 -82 -82 -82 -81 -81 -89 -89 -82 -82 -82 -82 -113 -113 -99 -86 -85 -85 -86 -86 -92 -92 -86 -86 -86 -86 -88 -88 -88 -88 -89 -89 -86 -86 -86 -86 -89 -89 -87 -87 -86 -86 -85 -85 -84 -84 -84 -84 -84 -84 -84 -84 -85 -85 -86 -86 -85 -85 -85 -85 -80 -80 -89 -89 -85 -85 -87 -87 -81 -81 -84 -84 -88 -88 -86 -86 -84 -84 -85 -85 -84 -78 -77 -77 -77 -77 -84 -84 -90 
CQI
2147483647 2147483647 2147483647 2147483647 2147483647 2147483647 2147483647 2147483647 2147483647 2147483647 2147483647 2147483647 2147483647 2147483647 2147483647 2147483647 2147483647 2147483647 2147483647 2147483647 2147483647 2147483647 2147483647 2147483647 2147483647 2147483647 2147483647 2147483647 2147483647 2147483647 2147483647 2147483647 2147483647 2147483647 2147483647 2147483647 2147483647 2147483647 2147483647 2147483647 2147483647 2147483647 2147483647 2147483647 2147483647 2147483647 2147483647 2147483647 2147483647 2147483647 2147483647 2147483647 2147483647 2147483647 2147483647 2147483647 2147483647 2147483647 2147483647 2147483647 2147483647 2147483647 2147483647 2147483647 2147483647 2147483647 2147483647 2147483647 2147483647 2147483647 2147483647 2147483647 2147483647 2147483647 2147483647 2147483647 2147483647 2147483647 2147483647 2147483647 2147483647 2147483647 2147483647 2147483647 2147483647 2147483647 2147483647 2147483647 2147483647 2147483647 2147483647 2147483647 2147483647 2147483647 2147483647 2147483647 2147483647 2147483647 2147483647 2147483647 2147483647 2147483647 2147483647 2147483647 2147483647 2147483647 2147483647 2147483647 2147483647 2147483647 2147483647 2147483647 2147483647 2147483647 2147483647 2147483647 2147483647 2147483647 2147483647 2147483647 2147483647 2147483647 2147483647 2147483647 2147483647 2147483647 2147483647 2147483647 2147483647 2147483647 2147483647 2147483647 2147483647 2147483647 2147483647 2147483647 2147483647 2147483647 2147483647 2147483647 2147483647 2147483647 2147483647 2147483647 2147483647 2147483647 2147483647 2147483647 2147483647 2147483647 2147483647 2147483647 2147483647 2147483647 2147483647 2147483647 2147483647 2147483647 2147483647 2147483647 2147483647 2147483647 2147483647 2147483647 2147483647 2147483647 2147483647 2147483647 2147483647 2147483647 2147483647 2147483647 2147483647 2147483647 2147483647 2147483647 2147483647 2147483647 2147483647 2147483647 2147483647 2147483647 2147483647 2147483647 2147483647 2147483647 2147483647 2147483647 2147483647 2147483647 2147483647 2147483647 2147483647 2147483647 2147483647 2147483647 2147483647 2147483647 2147483647 2147483647 2147483647 2147483647 2147483647 2147483647 2147483647 2147483647 2147483647 2147483647 2147483647 2147483647 2147483647 2147483647 2147483647 2147483647 2147483647 2147483647 2147483647 2147483647 2147483647 2147483647 2147483647 2147483647 2147483647 2147483647 2147483647 2147483647 2147483647 2147483647 2147483647 2147483647 2147483647 2147483647 2147483647 2147483647 2147483647 2147483647 2147483647 2147483647 2147483647 2147483647 2147483647 2147483647 2147483647 2147483647 2147483647 2147483647 2147483647 2147483647 2147483647 2147483647 2147483647 2147483647 2147483647 2147483647 2147483647 2147483647 2147483647 2147483647 2147483647 2147483647 2147483647 2147483647 2147483647 2147483647 2147483647 2147483647 2147483647 2147483647 2147483647 2147483647 2147483647 2147483647 2147483647 2147483647 2147483647 2147483647 2147483647 2147483647 2147483647 2147483647 2147483647 2147483647 2147483647 2147483647 2147483647 2147483647 2147483647 2147483647 2147483647 2147483647 2147483647 2147483647 2147483647 2147483647 2147483647 2147483647 2147483647 2147483647 2147483647 2147483647 2147483647 2147483647 2147483647 2147483647 2147483647 2147483647 2147483647 2147483647 2147483647 2147483647 2147483647 2147483647 2147483647 2147483647 2147483647 2147483647 2147483647 2147483647 2147483647 2147483647 2147483647 2147483647 2147483647 2147483647 2147483647 2147483647 2147483647 2147483647 2147483647 2147483647 2147483647 2147483647 2147483647 2147483647 2147483647 2147483647 2147483647 2147483647 2147483647 2147483647 2147483647 2147483647 2147483647 
Altitude
-128.30882263183594 -127.73280334472656 -127.07752227783203 -126.02589416503906 -125.21736145019531 -124.27142333984375 -122.8604507446289 -121.12712097167969 -118.95516967773438 -116.86248779296875 -114.65354919433594 -112.50273895263672 -110.41534423828125 -108.00558471679688 -105.96046447753906 -104.02104187011719 -102.02876281738281 -100.0417709350586 -97.8592529296875 -95.74543762207031 -93.79544067382812 -91.88243103027344 -89.61536407470703 -87.65479278564453 -85.69950866699219 -83.67024230957031 -81.5300064086914 -79.51130676269531 -77.4450454711914 -75.40521240234375 -73.3230972290039 -71.23570251464844 -69.17472839355469 -67.3515625 -65.23773956298828 -63.351158142089844 -61.30075454711914 -59.2873420715332 -57.32677459716797 -55.1653938293457 -52.924747467041016 -50.995887756347656 -49.00889587402344 -46.868656158447266 -44.92922592163086 -42.91053009033203 -41.02922821044922 -38.973541259765625 -36.90727996826172 -34.941429138183594 -33.054847717285156 -31.030864715576172 -29.181272506713867 -27.078022003173828 -25.143878936767578 -23.22030258178711 -21.539817810058594 -20.149980545043945 -19.18819236755371 -18.3215274810791 -17.444292068481445 -16.799577713012695 -16.40852165222168 -15.806082725524902 -15.208929061889648 -14.807302474975586 -14.617059707641602 -14.3369779586792 -14.34754753112793 -14.093889236450195 -13.77153205871582 -13.850799560546875 -13.576003074645996 -13.63941764831543 -14.07275104522705 -13.248361587524414 -13.412181854248047 -13.961774826049805 -14.030474662780762 -14.622344017028809 -15.420310974121094 -15.372749328613281 -15.531286239624023 -15.082099914550781 -15.298766136169434 -15.140229225158691 -15.023969650268555 -15.087384223937988 -15.0451078414917 -15.07153034210205 -15.11380672454834 -15.145513534545898 -15.12437629699707 -15.251205444335938 -15.261774063110352 -15.335758209228516 -15.267058372497559 -15.430879592895508 -15.446733474731445 -15.504863739013672 -15.515432357788086 -15.562993049621582 -15.837789535522461 -15.462587356567383 -14.802018165588379 -14.326409339904785 -14.574783325195312 -14.669904708862305 -14.569498062133789 -14.548359870910645 -14.664620399475098 -14.611774444580078 -14.81258773803711 -14.743888854980469 -14.99226188659668 -14.64876651763916 -14.791449546813965 -14.981693267822266 -14.802018165588379 -14.712181091308594 -14.823156356811523 -14.358116149902344 -13.70811653137207 -14.876002311706543 -16.80486297607422 -17.650390625 -17.80892562866211 -17.76136589050293 -17.597543716430664 -16.799577713012695 -16.709739685058594 -16.38738250732422 -16.651609420776367 -16.244699478149414 -17.687381744384766 -16.815431594848633 -17.555267333984375 -17.01095962524414 -16.45608139038086 -16.936975479125977 -17.534130096435547 -17.83006477355957 -17.824779510498047 -17.581689834594727 -17.47599983215332 -17.14307403564453 -17.248764038085938 -17.43372344970703 -17.174779891967773 -17.671527862548828 -19.38372039794922 -17.80892562866211 -16.98982048034668 -15.94876480102539 -16.493074417114258 -17.05323600769043 -17.19063377380371 -17.25404930114746 -17.063804626464844 -16.58819580078125 -16.249984741210938 -16.065025329589844 -16.487789154052734 -16.197139739990234 -15.784944534301758 -16.19185447692871 -15.99104118347168 -15.874781608581543 -16.535350799560547 -16.34510612487793 -16.091447830200195 -16.313398361206055 -16.530065536499023 -16.40852165222168 -16.704456329345703 -17.54469871520996 -17.243478775024414 -17.37030792236328 -17.44957733154297 -17.222341537475586 -17.180065155029297 -17.30160903930664 -17.153642654418945 -17.285755157470703 -17.285755157470703 -17.306894302368164 -17.312179565429688 -17.222341537475586 -17.27518653869629 -17.280471801757812 -16.926406860351562 -17.201202392578125 -17.16421127319336 -17.248764038085938 -17.306894302368164 -17.148357391357422 -17.771934509277344 -18.07843780517578 -16.572341918945312 -16.83656883239746 -16.604049682617188 -16.419090270996094 -16.54591941833496 -16.38738250732422 -16.065025329589844 -16.45608139038086 -16.419090270996094 -16.471935272216797 -16.58819580078125 -16.40852165222168 -16.693885803222656 -16.63047218322754 -16.08087921142578 -15.927627563476562 -15.473155975341797 -15.917057991027832 -15.943480491638184 -16.49835777282715 -17.317462921142578 -17.349170684814453 -17.137788772583008 -17.07965850830078 -17.127220153808594 -16.952829360961914 -16.884130477905273 -16.76786994934082 -16.841854095458984 -17.111366271972656 -17.243478775024414 -17.169496536254883 -17.026813507080078 -16.979251861572266 -16.96868324279785 -17.058521270751953 -17.380878448486328 -17.180065155029297 -17.09551239013672 -16.80486297607422 -17.01624298095703 -17.000391006469727 -16.9422607421875 -17.137788772583008 -18.05201530456543 -17.486568450927734 -16.884130477905273 -16.48250389099121 -15.985756874084473 -15.964618682861328 -15.885351181030273 -16.086162567138672 -16.16543197631836 -15.753236770629883 -15.594700813293457 -15.837789535522461 -16.244699478149414 -16.17071533203125 -16.514211654663086 -16.530065536499023 -16.139009475708008 -16.255268096923828 -16.47722053527832 -15.541854858398438 -15.230066299438477 -14.585351943969727 -14.469091415405273 -15.531286239624023 -16.028034210205078 -17.602828979492188 -18.770713806152344 -21.00607681274414 -22.792255401611328 -24.32477378845215 -25.519081115722656 -26.850788116455078 -28.362167358398438 -30.40200424194336 -31.93452262878418 -33.493465423583984 -34.88330078125 -36.36825942993164 -37.906063079833984 -39.32231903076172 -40.997520446777344 -42.29751968383789 -43.93044662475586 -45.521095275878906 -47.122314453125 -48.50157928466797 -50.18735122680664 -51.60889434814453 -53.04629135131836 -54.67921447753906 -55.989784240722656 -57.79710006713867 -59.340187072753906 -60.693031311035156 -62.31538772583008 -63.9905891418457 -65.14262390136719 -66.84424591064453 -68.31334686279297 -70.09952545166016 -71.68489074707031 -73.33895111083984 -74.84504699707031 -76.39342498779297 -77.65643310546875 -79.12024688720703 -80.37268829345703 -81.84178924560547 -83.45358276367188 -85.1076431274414 -86.96251678466797 -88.70113372802734 -89.83203125 -91.07917785644531 -92.51129150390625 -93.96454620361328 -95.58161926269531 -97.3836441040039 -99.09584045410156 -100.09461975097656 -101.41575622558594 -102.89014434814453 -104.01575469970703 -105.30518341064453 -107.42428588867188 -108.44949340820312 -110.43647766113281 -111.9901351928711 -113.39582824707031 -114.91249084472656 -116.37102508544922 -117.89297485351562 -119.46248626708984 -120.93159484863281 -122.51695251464844 -123.98077392578125 -125.21736145019531 -126.68646240234375 -127.44215393066406 -127.98646545410156 -129.18605041503906 