LTE(1) or 5G(2)
2 2 2 2 2 2 2 2 2 2 2 2 2 2 2 2 2 2 2 2 2 2 2 2 2 2 2 2 2 2 2 2 2 2 2 2 2 2 2 2 2 2 2 2 2 2 2 2 2 2 2 2 1 1 2 2 2 2 2 2 2 2 2 2 2 2 2 2 2 2 2 2 2 2 2 2 2 2 2 2 2 2 2 2 2 2 2 2 2 2 2 2 2 2 2 2 2 2 2 2 2 2 2 2 2 2 2 2 2 2 2 2 2 2 2 2 2 2 2 2 2 2 2 2 2 2 1 1 2 2 2 2 2 2 2 2 2 2 2 2 2 2 2 2 2 2 2 2 2 2 2 2 2 2 2 2 2 2 2 2 2 2 2 2 2 2 2 2 2 2 2 2 2 2 1 1 1 1 1 2 2 2 1 1 1 1 1 1 1 1 1 1 1 1 1 2 2 2 2 2 2 2 2 2 2 2 2 2 2 2 2 2 2 2 2 2 2 2 2 2 2 2 2 2 2 2 2 2 2 2 2 2 2 2 2 2 2 2 2 2 2 2 2 2 2 2 2 2 2 2 2 2 2 2 2 2 2 2 2 2 2 2 2 2 2 
SNR of LTE
4 4 2 2 2 2 2 2 2 2 2 2 0 0 0 0 0 0 0 0 -1 -1 -1 -1 -1 -1 -1 -1 -1 -1 -1 -1 -1 -1 -1 -1 -1 -1 -1 -1 -2 -2 -2 -2 -2 -2 -2 -2 -2 -2 -2 -2 -2 -2 -2 -2 -2 -2 -2 -2 -2 -2 -2 -2 -2 -2 -2 -2 -2 -2 -2 -2 -2 -2 -2 -2 -2 -2 -1 -1 -1 -1 0 0 0 0 0 0 0 0 0 0 0 0 0 0 0 0 0 0 0 0 0 0 0 0 0 0 -1 0 0 0 0 0 0 0 0 0 0 0 0 0 1 1 1 1 1 1 1 1 1 1 3 3 3 3 3 3 3 3 3 3 3 3 4 4 4 4 4 4 4 4 5 5 6 6 6 5 5 5 3 3 3 2 1 1 1 1 1 1 0 0 -1 -1 -1 -2 -2 -4 -4 -4 -4 -6 -6 -6 -6 -6 -6 -6 -6 -6 -6 -6 -6 -6 -6 -6 -6 -6 -6 -2 -2 -2 -2 0 0 1 1 1 1 1 1 4 4 4 4 4 4 7 7 7 7 7 7 7 7 7 7 6 6 6 5 5 5 5 5 5 5 5 5 5 5 5 5 5 5 5 5 5 5 5 5 5 5 6 6 6 6 6 6 6 6 7 7 7 7 
SNR of 5G
12 12 5 5 5 5 5 5 5 5 5 5 3 3 3 3 4 4 2 2 2 2 2 2 1 1 0 0 7 7 7 7 7 7 7 7 7 7 7 7 0 -2 -2 -4 1 1 2 2 4 4 4 4 0 0 4 4 4 4 4 4 4 4 7 7 7 7 7 7 7 7 6 6 6 6 6 6 6 6 7 7 7 7 5 5 1 1 0 0 2 2 1 1 -1 -1 -1 -1 0 0 0 0 -2 -2 -4 -4 -4 -4 -4 -4 -4 -5 0 0 -3 -3 -6 -6 1 1 2 2 1 1 2 2 3 3 0 0 9 9 2 2 5 5 6 6 0 0 0 0 1 1 1 1 2 2 1 1 1 1 0 0 -1 -1 -1 -1 -2 -2 -1 -1 0 0 -4 -4 3 3 2 2 2 2 2 2 2 2 0 0 0 0 0 0 0 2 0 0 0 0 0 0 0 0 0 0 0 0 0 3 3 6 6 7 7 7 7 8 8 9 9 9 9 9 9 11 11 11 11 11 11 7 7 7 7 7 7 7 7 1 1 2 2 3 3 3 3 3 3 2 2 3 3 2 2 3 3 3 3 3 3 3 3 3 3 3 3 3 3 3 3 3 3 3 3 4 4 6 6 
RSSI
-51 -51 -51 -51 -51 -51 -51 -51 -51 -51 -51 -51 -51 -51 -51 -51 -51 -51 -51 -51 -51 -51 -51 -51 -51 -51 -51 -51 -51 -51 -51 -51 -51 -51 -51 -51 -51 -51 -51 -51 -51 -51 -51 -51 -51 -51 -51 -51 -51 -51 -51 -51 -51 -51 -51 -51 -51 -51 -51 -51 -51 -51 -51 -51 -51 -51 -51 -51 -51 -51 -51 -51 -51 -51 -51 -51 -51 -51 -51 -51 -51 -51 -51 -51 -51 -51 -51 -51 -51 -51 -51 -51 -51 -51 -51 -51 -51 -51 -51 -51 -51 -51 -51 -51 -51 -51 -51 -51 -51 -51 -51 -51 -51 -51 -51 -51 -51 -51 -51 -51 -51 -51 -51 -51 -51 -51 -51 -51 -51 -51 -51 -51 -51 -51 -51 -51 -51 -51 -51 -51 -51 -51 -51 -51 -51 -51 -51 -51 -51 -51 -51 -51 -51 -51 -51 -51 -51 -51 -51 -51 -51 -51 -51 -51 -51 -51 -51 -51 -51 -51 -51 -51 -51 -51 -51 -51 -51 -51 -51 -51 -51 -51 -51 -51 -51 -51 -51 -51 -51 -51 -51 -51 -51 -51 -51 -51 -51 -51 -51 -51 -51 -51 -51 -51 -51 -51 -51 -51 -51 -51 -51 -51 -51 -51 -51 -51 -51 -51 -51 -51 -51 -51 -51 -51 -51 -51 -51 -51 -51 -51 -51 -51 -51 -51 -51 -51 -51 -51 -51 -51 -51 -51 -51 -51 -51 -51 -51 -51 -51 -51 -51 -51 -51 -51 -51 -51 -51 -51 -51 -51 -51 -51 -51 -51 -51 
RSRP
-79 -79 -78 -78 -78 -78 -78 -78 -78 -78 -78 -78 -77 -77 -77 -77 -77 -77 -77 -77 -77 -77 -77 -77 -77 -77 -77 -77 -77 -77 -77 -77 -77 -77 -77 -77 -77 -77 -77 -77 -77 -77 -77 -77 -78 -78 -78 -78 -78 -78 -78 -78 -78 -78 -78 -78 -78 -78 -78 -78 -78 -78 -78 -78 -78 -78 -77 -77 -77 -77 -76 -76 -76 -76 -76 -76 -76 -76 -75 -75 -75 -75 -75 -75 -75 -75 -75 -75 -75 -75 -75 -74 -74 -74 -74 -74 -74 -75 -75 -75 -75 -75 -75 -75 -75 -75 -75 -75 -75 -73 -73 -73 -73 -73 -73 -73 -72 -72 -72 -73 -73 -73 -72 -72 -71 -71 -71 -71 -70 -70 -70 -70 -69 -69 -69 -69 -68 -68 -68 -68 -67 -67 -67 -67 -67 -67 -66 -66 -66 -66 -66 -66 -66 -66 -66 -66 -66 -66 -66 -66 -66 -66 -66 -68 -69 -69 -69 -69 -69 -69 -72 -72 -74 -74 -74 -76 -76 -80 -80 -80 -80 -81 -81 -81 -81 -81 -81 -81 -81 -81 -81 -81 -81 -81 -79 -79 -79 -79 -79 -76 -76 -76 -76 -74 -74 -72 -72 -72 -72 -72 -72 -68 -68 -68 -68 -68 -68 -66 -66 -66 -66 -66 -66 -66 -66 -66 -66 -66 -66 -66 -67 -67 -67 -67 -67 -67 -67 -68 -68 -68 -68 -68 -68 -68 -68 -68 -68 -68 -68 -68 -68 -68 -68 -68 -68 -68 -68 -68 -68 -68 -68 -67 -67 -67 -67 
CID
13792258 13792258 13792258 13792258 13792258 13792258 13792258 13792258 13792258 13792258 13792258 13792258 13792258 13792258 13792258 13792258 13792258 13792258 13792258 13792258 13792258 13792258 13792258 13792258 13792258 13792258 13792258 13792258 13792258 13792513 13792513 13792513 13792513 13792513 13792513 13792513 13792513 13792513 13792513 13792513 13792513 13792258 13792258 13792258 13792258 13792258 13792258 13792258 13792258 13792258 13792258 13792258 13792513 13792513 13792513 13792513 13792513 13792513 13792513 13792513 13792513 13792513 13792513 13792513 13792513 13792513 13792513 13792513 13769739 13769739 13769739 13769739 13769739 13769739 13769739 13769739 13769739 13769739 13769739 13769739 13769739 13769739 13769739 13769739 13769739 13769739 13769739 13769739 13769739 13769739 13769739 13769739 13769739 13769739 13769739 13769739 13769739 13769739 13769739 13769739 13769739 13769739 13769739 13769739 13769739 13769739 13769739 13769739 13769739 13769739 13769739 13769739 13769739 13769739 13769739 13769739 13769739 13769739 13792523 13769739 13769739 13769739 13769739 13769739 13769739 13769739 13769739 13769739 13769739 13769739 13769739 13769739 13769739 13769739 13769739 13769739 13769739 13769739 13769739 13769739 13769739 13769739 13769739 13769739 13769739 13769739 13769739 13769739 13769739 13769739 13769739 13769739 13769739 13769739 13769739 13769739 13769739 13769739 13769739 13769739 13792523 13792523 13792523 13792523 13792513 13792513 13792513 13792513 13792513 13792513 13792513 13754890 13754890 13754890 13754890 13754890 13754890 13682186 13682186 13682186 13682186 13682186 13682186 13682186 13682186 13682186 13682186 13682186 13792257 13792257 13792257 13792257 13792257 13678086 13678086 13678086 13678086 13678086 13678086 13678086 13678086 13678086 13678086 13678086 13678086 13678086 13678086 13678086 13678086 13678086 13678086 13678086 13678086 13678086 13678086 13678086 13678086 13678086 13678086 13678086 13678086 13678086 13678086 13678086 13678086 13678086 13678086 13678086 13678086 13678086 13678086 13678086 13678086 13678086 13678086 13678086 13678086 13678086 13678086 13678086 13678086 13678086 13678086 13678086 13678086 13678086 13678086 13678086 13678086 13678086 13678086 13678086 13678086 13678086 13678086 13678086 13678086 13678086 13678086 13678086 13678086 13678086 13678086 13678086 13678086 
RSRP of 5G
-86 -86 -82 -82 -82 -82 -82 -82 -82 -82 -82 -82 -88 -88 -88 -88 -85 -85 -84 -84 -87 -87 -87 -87 -86 -86 -82 -82 -82 -82 -82 -82 -82 -82 -82 -82 -82 -82 -82 -82 -83 -83 -89 -88 -87 -87 -85 -85 -84 -84 -84 -84 -84 -84 -83 -83 -83 -83 -83 -83 -83 -83 -80 -80 -83 -83 -80 -80 -80 -80 -82 -82 -82 -82 -82 -82 -82 -82 -80 -80 -80 -80 -82 -82 -87 -87 -89 -84 -83 -83 -79 -79 -91 -91 -120 -120 -88 -88 -114 -114 -86 -86 -86 -86 -86 -86 -86 -86 -88 -81 -82 -82 -86 -86 -81 -81 -82 -82 -82 -82 -87 -87 -95 -95 -82 -82 -82 -82 -74 -74 -82 -82 -80 -80 -81 -81 -77 -77 -77 -77 -78 -78 -78 -78 -79 -79 -79 -79 -79 -79 -80 -80 -81 -81 -80 -80 -79 -79 -79 -79 -79 -79 -83 -83 -77 -77 -77 -77 -77 -77 -78 -78 -78 -78 -78 -78 -78 -78 -78 -81 -81 -84 -84 -84 -84 -84 -84 -84 -84 -84 -84 -84 -84 -84 -84 -83 -83 -80 -80 -78 -78 -78 -78 -77 -77 -76 -76 -70 -70 -70 -70 -71 -71 -71 -71 -71 -71 -75 -75 -75 -75 -75 -75 -75 -75 -82 -82 -93 -93 -82 -82 -86 -86 -84 -84 -84 -84 -83 -83 -86 -86 -85 -85 -85 -85 -85 -85 -91 -91 -85 -85 -88 -88 -83 -83 -83 -83 -83 -83 -83 -83 -76 -76 -82 -82 
CQI
2147483647 2147483647 2147483647 2147483647 2147483647 2147483647 2147483647 2147483647 2147483647 2147483647 2147483647 2147483647 2147483647 2147483647 2147483647 2147483647 2147483647 2147483647 2147483647 2147483647 2147483647 2147483647 2147483647 2147483647 2147483647 2147483647 2147483647 2147483647 2147483647 2147483647 2147483647 2147483647 2147483647 2147483647 2147483647 2147483647 2147483647 2147483647 2147483647 2147483647 2147483647 2147483647 2147483647 2147483647 2147483647 2147483647 2147483647 2147483647 2147483647 2147483647 2147483647 2147483647 2147483647 2147483647 2147483647 2147483647 2147483647 2147483647 2147483647 2147483647 2147483647 2147483647 2147483647 2147483647 2147483647 2147483647 2147483647 2147483647 2147483647 2147483647 2147483647 2147483647 2147483647 2147483647 2147483647 2147483647 2147483647 2147483647 2147483647 2147483647 2147483647 2147483647 2147483647 2147483647 2147483647 2147483647 2147483647 2147483647 2147483647 2147483647 2147483647 2147483647 2147483647 2147483647 2147483647 2147483647 2147483647 2147483647 2147483647 2147483647 2147483647 2147483647 2147483647 2147483647 2147483647 2147483647 2147483647 2147483647 2147483647 2147483647 2147483647 2147483647 2147483647 2147483647 2147483647 2147483647 2147483647 2147483647 2147483647 2147483647 2147483647 2147483647 2147483647 2147483647 2147483647 2147483647 2147483647 2147483647 2147483647 2147483647 2147483647 2147483647 2147483647 2147483647 2147483647 2147483647 2147483647 2147483647 2147483647 2147483647 2147483647 2147483647 2147483647 2147483647 2147483647 2147483647 2147483647 2147483647 2147483647 2147483647 2147483647 2147483647 2147483647 2147483647 2147483647 2147483647 2147483647 2147483647 2147483647 2147483647 2147483647 2147483647 2147483647 2147483647 2147483647 2147483647 2147483647 2147483647 2147483647 2147483647 2147483647 2147483647 2147483647 2147483647 2147483647 2147483647 2147483647 2147483647 2147483647 2147483647 2147483647 2147483647 2147483647 2147483647 2147483647 2147483647 2147483647 2147483647 2147483647 2147483647 2147483647 2147483647 2147483647 2147483647 2147483647 2147483647 2147483647 2147483647 2147483647 2147483647 2147483647 2147483647 2147483647 2147483647 2147483647 2147483647 2147483647 2147483647 2147483647 2147483647 2147483647 2147483647 2147483647 2147483647 2147483647 2147483647 2147483647 2147483647 2147483647 2147483647 2147483647 2147483647 2147483647 2147483647 2147483647 2147483647 2147483647 2147483647 2147483647 2147483647 2147483647 2147483647 2147483647 2147483647 2147483647 2147483647 2147483647 2147483647 2147483647 2147483647 2147483647 2147483647 2147483647 2147483647 2147483647 2147483647 2147483647 2147483647 2147483647 2147483647 2147483647 2147483647 2147483647 2147483647 2147483647 2147483647 2147483647 2147483647 2147483647 2147483647 2147483647 2147483647 2147483647 2147483647 2147483647 
Altitude
-128.27183532714844 -127.73809051513672 -126.79743957519531 -125.65597534179688 -123.71654510498047 -121.4441909790039 -119.5734634399414 -117.4015121459961 -115.31940460205078 -113.07875061035156 -111.21858978271484 -109.03079223632812 -106.7531509399414 -104.66046905517578 -102.66819763183594 -100.59664916992188 -98.45641326904297 -96.5328369140625 -94.52999114990234 -92.49015808105469 -90.11210632324219 -88.1039810180664 -86.07471466064453 -84.48406219482422 -83.21577453613281 -82.2751235961914 -81.14423370361328 -80.25642395019531 -79.83366394042969 -79.14138793945312 -78.87187957763672 -79.07268524169922 -78.20602416992188 -78.33285522460938 -78.07919311523438 -77.6511459350586 -77.74626922607422 -77.20724487304688 -77.10155487060547 -76.8848876953125 -76.67878723144531 -75.08814239501953 -73.70886993408203 -71.05074310302734 -70.37960815429688 -69.57107543945312 -67.76904296875 -65.78205108642578 -63.911319732666016 -61.707664489746094 -59.59384536743164 -57.490596771240234 -55.862953186035156 -54.367427825927734 -53.40035629272461 -52.04751205444336 -51.381656646728516 -50.869056701660156 -50.04995346069336 -50.097511291503906 -49.36296081542969 -48.94548034667969 -48.83979034423828 -48.290199279785156 -48.04182434082031 -47.96784210205078 -47.888572692871094 -47.64019775390625 -46.56743621826172 -46.36662292480469 -46.313777923583984 -46.53044509887695 -46.56743621826172 -46.7576789855957 -46.20808410644531 -46.56214904785156 -46.747108459472656 -46.5780029296875 -45.92272186279297 -46.20280075073242 -46.55158233642578 -46.48288345336914 -46.14467239379883 -46.00727462768555 -46.4141845703125 -47.22271728515625 -48.07881546020508 -50.23491287231445 -52.11092758178711 -54.75320053100586 -56.75075912475586 -58.050758361816406 -59.271488189697266 -59.50929260253906 -61.136932373046875 -63.92189025878906 -65.53367614746094 -66.66985321044922 -66.84424591064453 -69.71375274658203 -70.77594757080078 -73.52391052246094 -74.70764923095703 -73.05887603759766 -73.9466781616211 -75.0300064086914 -76.22431945800781 -77.27593994140625 -76.93772888183594 -78.8824462890625 -78.11090087890625 -78.84545135498047 -79.43732452392578 -79.02513122558594 -79.57472229003906 -78.89301300048828 -78.30642700195312 -78.42797088623047 -78.93000793457031 -78.80846405029297 -78.62350463867188 -78.48081970214844 -78.12675476074219 -78.68163299560547 -78.45439910888672 -78.79261016845703 -79.05155181884766 -78.9881362915039 -78.8613052368164 -79.3580551147461 -79.7174072265625 -79.61699676513672 -79.32634735107422 -77.95764923095703 -76.1186294555664 -73.71944427490234 -71.79586791992188 -72.12350463867188 -72.12350463867188 -70.44830322265625 -69.1166000366211 -66.61172485351562 -65.34871673583984 -63.261322021484375 -61.21091842651367 -59.65726089477539 -58.362545013427734 -57.622711181640625 -56.407264709472656 -55.61458206176758 -55.22352600097656 -54.943443298339844 -53.717430114746094 -53.42677688598633 -52.75564193725586 -52.53897476196289 -52.174339294433594 -52.03165817260742 -51.883689880371094 -52.67637252807617 -52.433284759521484 -51.312957763671875 -49.85442352294922 -50.41987228393555 -49.20970916748047 -49.4105224609375 -49.183284759521484 -48.956050872802734 -48.90320587158203 -48.802799224853516 -48.62312316894531 -48.802799224853516 -48.71296310424805 -48.86092758178711 -49.114585876464844 -48.607269287109375 -47.872718811035156 -47.32841110229492 -47.78816604614258 -49.98653793334961 -52.665802001953125 -55.11783218383789 -57.337345123291016 -58.09832000732422 -59.73652648925781 -60.619049072265625 -61.105224609375 -63.14506149291992 -64.45562744140625 -66.03042602539062 -68.12838745117188 -69.56578826904297 -70.4060287475586 -72.07066345214844 -72.99017333984375 -74.92960357666016 -75.5743179321289 -76.50440216064453 -76.74220275878906 -77.46089935302734 -77.67228698730469 -78.2113037109375 -78.51781463623047 -78.95642852783203 -79.18366241455078 -79.69097900390625 -80.30927276611328 -79.21537017822266 -78.4068374633789 -78.35398864746094 -78.68163299560547 -79.25236511230469 -78.83488464355469 -78.14260864257812 -77.90480041503906 -77.87309265136719 -78.20602416992188 -78.12675476074219 -78.02635192871094 -78.17960357666016 -78.2113037109375 -78.28529357910156 -78.38569641113281 -78.58122253417969 -77.97879028320312 -77.51903533935547 -77.4450454711914 -78.05277252197266 -78.58650970458984 -79.2312240600586 -80.82715606689453 -82.63447570800781 -84.27796936035156 -85.54097747802734 -87.40641784667969 -88.45804595947266 -89.69463348388672 -91.3434066772461 -92.45316314697266 -93.8060073852539 -95.32266998291016 -96.73365020751953 -97.986083984375 -99.71941375732422 -100.53852081298828 -101.82794952392578 -103.66168975830078 -104.49665069580078 -106.11900329589844 -107.60924530029297 -109.46412658691406 -110.70599365234375 -111.96371459960938 -113.56493377685547 -115.34053802490234 -116.64054107666016 -118.0726547241211 -119.4677734375 -120.79419708251953 -122.69134521484375 -124.5303726196289 -125.44988250732422 -127.24662780761719 -128.203125 -129.783203125 