LTE(1) or 5G(2)
2 2 2 2 2 2 2 2 2 2 2 2 2 2 2 2 2 2 2 2 2 2 2 2 2 2 2 2 2 2 2 2 2 2 2 2 2 2 2 2 2 2 2 2 2 2 2 2 2 2 2 2 1 1 2 2 2 2 2 2 2 2 2 2 2 2 2 2 2 2 2 2 2 2 2 2 2 2 2 2 2 2 2 2 2 2 2 2 2 2 1 1 2 2 2 2 2 2 2 2 2 2 2 1 1 1 1 1 1 2 2 2 1 1 1 1 1 1 2 1 1 1 1 1 1 2 2 2 2 2 1 1 2 2 2 2 2 2 2 2 2 2 2 2 2 2 2 2 2 2 2 2 2 2 2 2 2 2 2 2 2 2 2 2 2 2 2 2 2 2 2 2 2 2 2 2 2 2 2 2 2 2 2 2 2 2 2 2 2 2 2 2 2 2 2 2 2 2 2 2 2 2 2 2 2 1 1 1 1 1 1 1 2 2 2 2 2 2 2 1 1 1 1 1 1 1 1 1 1 1 2 2 2 2 2 2 2 2 2 2 2 2 2 2 2 2 2 2 2 2 2 2 2 2 2 2 2 2 2 2 2 2 2 2 2 2 2 2 2 2 2 2 2 2 2 2 2 2 2 2 2 2 2 2 2 2 2 2 2 2 2 2 2 2 2 2 
SNR of LTE
2 2 2 2 1 1 1 1 1 1 1 1 1 1 0 0 0 0 0 0 0 0 0 0 0 0 0 0 0 0 -1 -1 -1 -1 -2 -2 -2 -2 -2 -2 -2 -2 -2 -2 -2 -2 -2 -2 -2 -2 -2 -2 -2 -3 -3 -3 -3 -3 -2 -2 -3 -3 -3 -3 -3 -3 -3 -3 -3 -3 -3 -2 -2 -2 -2 -2 -3 -3 -2 -2 -1 -1 -1 -1 -1 -1 -1 0 0 0 0 0 0 0 0 0 0 0 0 0 0 0 0 0 0 0 0 0 -1 -1 -1 -2 -2 -2 -3 -3 -3 -3 -3 -4 -4 -4 -4 -4 -5 -5 -5 -5 -5 -4 -4 -4 -4 -4 -4 -4 -4 -4 -3 -3 -3 -2 -2 -2 -1 -1 -1 -1 0 0 1 1 1 1 1 1 1 1 1 2 2 2 2 3 3 3 3 2 1 1 1 1 1 1 1 1 1 1 1 0 0 0 -1 -1 -1 -1 -2 -2 -2 -2 -2 -2 -2 -2 -2 -2 -3 -3 -3 -3 -3 -3 -3 -4 -4 -4 -4 -4 -4 -5 -5 -4 -4 -4 -4 -4 -4 -4 -4 -5 -5 -5 -5 -5 -5 -5 -5 -5 -5 -5 -5 -5 -5 -5 -5 -5 -5 -5 -5 -5 -5 -5 -5 -5 -5 -5 -5 -5 -5 -5 -5 -5 -4 -4 -4 -4 -4 -4 -4 -4 -4 -4 -4 -3 -3 -3 -3 -3 -3 -3 -3 -3 -2 -2 -2 -2 -2 -2 -2 -2 -2 -2 -2 -2 -2 -2 -2 -2 -2 -2 -1 -1 -1 -1 0 0 
SNR of 5G
5 5 5 5 4 4 7 7 7 7 7 7 7 7 2 2 2 2 3 3 3 3 3 3 3 3 3 3 3 3 3 3 3 3 -1 -1 -2 -2 -1 -1 -1 -1 -1 -1 0 0 0 0 0 0 -2 -2 0 0 2 2 3 3 2 2 1 1 3 3 3 3 3 3 3 3 3 5 3 3 1 1 0 0 -3 -3 -3 -3 -3 -3 0 0 -1 -1 -4 -4 0 0 0 0 -1 -1 -2 -2 1 1 -1 -1 -1 0 0 0 0 0 0 -5 -5 -7 0 0 0 0 0 0 -1 0 0 0 0 0 0 0 0 2 2 4 0 0 1 1 3 3 5 5 3 3 3 3 5 5 4 4 4 4 1 1 -1 -1 -3 -1 7 7 7 7 7 5 6 6 3 3 1 1 0 0 -1 -1 -1 -1 -3 -3 1 1 0 0 1 1 0 0 -2 -2 2 2 3 3 2 2 2 2 2 2 2 2 2 2 1 1 -2 -2 -1 -1 -2 0 0 0 0 0 0 0 2 2 2 2 1 1 1 0 0 0 0 0 0 0 0 0 0 0 0 0 3 3 4 4 6 6 6 8 8 8 8 8 8 8 8 8 8 8 8 8 5 5 4 4 1 1 2 2 1 1 1 1 2 2 1 1 2 2 2 2 0 0 1 1 1 1 1 1 2 2 2 2 2 3 7 7 7 7 7 7 7 7 6 6 
RSSI
-51 -51 -51 -51 -51 -51 -51 -51 -51 -51 -51 -51 -51 -51 -51 -51 -51 -51 -51 -51 -51 -51 -51 -51 -51 -51 -51 -51 -51 -51 -51 -51 -51 -51 -51 -51 -51 -51 -51 -51 -51 -51 -51 -51 -51 -51 -51 -51 -51 -51 -51 -51 -51 -51 -51 -51 -51 -51 -51 -51 -51 -51 -51 -51 -51 -51 -51 -51 -51 -51 -51 -51 -51 -51 -51 -51 -51 -51 -51 -51 -51 -51 -51 -51 -51 -51 -51 -51 -51 -51 -51 -51 -51 -51 -51 -51 -51 -51 -51 -51 -51 -51 -51 -51 -51 -51 -51 -51 -51 -51 -51 -51 -51 -51 -51 -51 -51 -51 -51 -51 -51 -51 -51 -51 -51 -51 -51 -51 -51 -51 -51 -51 -51 -51 -51 -51 -51 -51 -51 -51 -51 -51 -51 -51 -51 -51 -51 -51 -51 -51 -51 -51 -51 -51 -51 -51 -51 -51 -51 -51 -51 -51 -51 -51 -51 -51 -51 -51 -51 -51 -51 -51 -51 -51 -51 -51 -51 -51 -51 -51 -51 -51 -51 -51 -51 -51 -51 -51 -51 -51 -51 -51 -51 -51 -51 -51 -51 -51 -51 -51 -51 -51 -51 -51 -51 -51 -51 -51 -51 -51 -51 -51 -51 -51 -51 -51 -51 -51 -51 -51 -51 -51 -51 -51 -51 -51 -51 -51 -51 -51 -51 -51 -51 -51 -51 -51 -51 -51 -51 -51 -51 -51 -51 -51 -51 -51 -51 -51 -51 -51 -51 -51 -51 -51 -51 -51 -51 -51 -51 -51 -51 -51 -51 -51 -51 -51 -51 -51 -51 -51 -51 -51 -51 -51 -51 -51 -51 -51 -51 -51 -51 -51 -51 -51 -51 -51 -51 -51 -51 -51 -51 -51 -51 -51 -51 -51 
RSRP
-77 -77 -77 -77 -77 -77 -77 -77 -77 -77 -77 -77 -77 -77 -76 -76 -75 -75 -75 -75 -75 -75 -75 -75 -75 -75 -75 -75 -75 -75 -76 -76 -76 -76 -76 -76 -76 -76 -76 -76 -76 -76 -76 -76 -76 -76 -76 -76 -76 -76 -76 -76 -76 -77 -77 -77 -77 -77 -76 -76 -76 -76 -76 -76 -76 -76 -76 -76 -76 -76 -76 -74 -74 -74 -74 -74 -74 -74 -73 -73 -73 -73 -73 -73 -72 -72 -72 -72 -72 -72 -72 -72 -72 -72 -72 -72 -72 -72 -72 -72 -72 -72 -72 -72 -72 -72 -72 -72 -73 -73 -73 -74 -74 -74 -75 -75 -75 -75 -75 -75 -75 -75 -75 -75 -78 -78 -78 -78 -78 -78 -78 -78 -76 -76 -76 -76 -76 -76 -75 -75 -75 -73 -73 -73 -72 -72 -72 -72 -71 -71 -70 -70 -70 -70 -70 -70 -70 -70 -70 -68 -68 -68 -68 -68 -68 -68 -68 -68 -68 -68 -68 -68 -68 -68 -68 -68 -68 -68 -68 -70 -70 -70 -71 -71 -71 -71 -73 -73 -73 -73 -73 -75 -75 -75 -75 -75 -75 -76 -76 -76 -76 -76 -76 -77 -78 -78 -78 -78 -78 -79 -79 -77 -77 -77 -77 -77 -76 -76 -76 -77 -77 -78 -78 -78 -78 -78 -78 -78 -79 -78 -78 -78 -78 -78 -78 -78 -78 -78 -78 -77 -77 -77 -77 -77 -77 -77 -77 -77 -77 -77 -77 -77 -77 -77 -78 -78 -78 -78 -78 -78 -78 -78 -77 -77 -77 -77 -77 -77 -77 -77 -77 -77 -76 -76 -76 -76 -76 -76 -76 -76 -76 -76 -76 -76 -76 -76 -76 -76 -76 -76 -75 -75 -75 -75 -75 -75 
CID
13792258 13792258 13792258 13792258 13792258 13792258 13792258 13792258 13792258 13792258 13792258 13792258 13792258 13792258 13792258 13792258 13792258 13792258 13792258 13792258 13792258 13792258 13792258 13792258 13792258 13792258 13792258 13792258 13792258 13792258 13792258 13792258 13792258 13792258 13792258 13792258 13792258 13792258 13792258 13792258 13792258 13792258 13792258 13792258 13792258 13792258 13792258 13792258 13792258 13792258 13792258 13792258 13792258 13792258 13792258 13792513 13792513 13792513 13792513 13792513 13792513 13792513 13792513 13792513 13792513 13792513 13792513 13792513 13792513 13792513 13792513 13792513 13792513 13792513 13792513 13792513 13792513 13792513 13792513 13792513 13792513 13792513 13792513 13792513 13792513 13792513 13792513 13792513 13792513 13792513 13792513 13792513 13792513 13792513 13792513 13792513 13792513 13792258 13792258 13792258 13792258 13792258 13792258 13792258 13792258 13792258 13792258 13792258 13792258 13792258 13792258 13769739 13769739 13769739 13769739 13769739 13792258 13792258 13792258 13792258 13792258 13792258 13792258 13792258 13792258 13769739 13769739 13769739 13769739 13769739 13769739 13769739 13769739 13769739 13769739 13769739 13769739 13769739 13769739 13769739 13769739 13769739 13769739 13769739 13769739 13769739 13769739 13769739 13769739 13769739 13769739 13769739 13769739 13769739 13769739 13769739 13769739 13769739 13769739 13769739 13769739 13769739 13769739 13769739 13769739 13769739 13769739 13769739 13769739 13769739 13769739 13769739 13769739 13769739 13769739 13769739 13769739 13769739 13769739 13769739 13769739 13769739 13769739 13769739 13769739 13769739 13769739 13769739 13769739 13769739 13769739 13769739 13769739 13769739 13769739 13769739 13769739 13769739 13769739 13769739 13769739 13769739 13769739 13769739 13769739 13769739 13769739 13769739 13769739 13754890 13754890 13754890 13754890 13754890 13754890 13754890 13754890 13754890 13754890 13754890 13754890 13754890 13754890 13754890 13754890 13754890 13754890 13754890 13769739 13769739 13769739 13769739 13792258 13792258 13792258 13792258 13792258 13792258 13792258 13792258 13792258 13792258 13792258 13792258 13792258 13792258 13792258 13792258 13792258 13792258 13792258 13792258 13792258 13792258 13792258 13792258 13792258 13792258 13792258 13792258 13792258 13792258 13792258 13792258 13792258 13792258 13792258 13792258 13792258 13792258 13792258 13792258 13792258 13792258 13792258 13792258 13792258 13792258 13792258 13792258 13792258 13792258 13792258 13792258 13792258 13792258 13792258 13792258 13792258 13792258 13792258 13792258 13792258 13792258 13792258 13792258 
RSRP of 5G
-86 -86 -86 -86 -78 -78 -81 -81 -81 -81 -81 -81 -81 -81 -85 -85 -89 -89 -88 -88 -86 -86 -86 -86 -86 -86 -86 -86 -86 -86 -89 -89 -89 -89 -83 -83 -82 -82 -82 -82 -82 -82 -82 -82 -82 -82 -82 -82 -82 -82 -101 -101 -101 -101 -84 -84 -83 -83 -84 -84 -84 -84 -83 -83 -83 -83 -83 -83 -83 -83 -83 -83 -87 -87 -85 -85 -81 -81 -86 -86 -87 -87 -88 -82 -82 -82 -88 -88 -124 -86 -86 -86 -88 -88 -86 -86 -84 -84 -87 -86 -83 -83 -80 -80 -80 -80 -80 -80 -80 -108 -108 -118 -118 -118 -118 -118 -118 -118 -91 -91 -91 -91 -91 -91 -91 -123 -123 -100 -100 -90 -90 -90 -83 -83 -87 -87 -80 -80 -84 -84 -84 -82 -80 -80 -84 -84 -84 -84 -81 -81 -82 -82 -83 -81 -81 -81 -81 -81 -81 -84 -79 -79 -83 -83 -88 -88 -85 -85 -87 -87 -87 -87 -82 -82 -80 -80 -80 -80 -80 -80 -81 -81 -91 -81 -80 -80 -77 -77 -77 -77 -77 -77 -77 -77 -77 -77 -78 -78 -79 -79 -81 -81 -91 -91 -108 -108 -108 -108 -108 -108 -108 -108 -83 -83 -83 -83 -84 -84 -84 -84 -84 -82 -82 -82 -82 -82 -82 -82 -82 -82 -81 -81 -81 -81 -77 -77 -73 -73 -73 -72 -72 -72 -72 -72 -72 -72 -72 -72 -72 -72 -72 -72 -75 -75 -74 -74 -79 -79 -79 -79 -81 -81 -82 -82 -82 -82 -85 -85 -82 -82 -82 -82 -88 -88 -84 -84 -84 -84 -84 -84 -86 -86 -88 -88 -84 -80 -81 -81 -81 -81 -80 -80 -80 -80 -82 -82 
CQI
2147483647 2147483647 2147483647 2147483647 2147483647 2147483647 2147483647 2147483647 2147483647 2147483647 2147483647 2147483647 2147483647 2147483647 2147483647 2147483647 2147483647 2147483647 2147483647 2147483647 2147483647 2147483647 2147483647 2147483647 2147483647 2147483647 2147483647 2147483647 2147483647 2147483647 2147483647 2147483647 2147483647 2147483647 2147483647 2147483647 2147483647 2147483647 2147483647 2147483647 2147483647 2147483647 2147483647 2147483647 2147483647 2147483647 2147483647 2147483647 2147483647 2147483647 2147483647 2147483647 2147483647 2147483647 2147483647 2147483647 2147483647 2147483647 2147483647 2147483647 2147483647 2147483647 2147483647 2147483647 2147483647 2147483647 2147483647 2147483647 2147483647 2147483647 2147483647 2147483647 2147483647 2147483647 2147483647 2147483647 2147483647 2147483647 2147483647 2147483647 2147483647 2147483647 2147483647 2147483647 2147483647 2147483647 2147483647 2147483647 2147483647 2147483647 2147483647 2147483647 2147483647 2147483647 2147483647 2147483647 2147483647 2147483647 2147483647 2147483647 2147483647 2147483647 2147483647 2147483647 2147483647 2147483647 2147483647 2147483647 2147483647 2147483647 2147483647 2147483647 2147483647 2147483647 2147483647 2147483647 2147483647 2147483647 2147483647 2147483647 2147483647 2147483647 2147483647 2147483647 2147483647 2147483647 2147483647 2147483647 2147483647 2147483647 2147483647 2147483647 2147483647 2147483647 2147483647 2147483647 2147483647 2147483647 2147483647 2147483647 2147483647 2147483647 2147483647 2147483647 2147483647 2147483647 2147483647 2147483647 2147483647 2147483647 2147483647 2147483647 2147483647 2147483647 2147483647 2147483647 2147483647 2147483647 2147483647 2147483647 2147483647 2147483647 2147483647 2147483647 2147483647 2147483647 2147483647 2147483647 2147483647 2147483647 2147483647 2147483647 2147483647 2147483647 2147483647 2147483647 2147483647 2147483647 2147483647 2147483647 2147483647 2147483647 2147483647 2147483647 2147483647 2147483647 2147483647 2147483647 2147483647 2147483647 2147483647 2147483647 2147483647 2147483647 2147483647 2147483647 2147483647 2147483647 2147483647 2147483647 2147483647 2147483647 2147483647 2147483647 2147483647 2147483647 2147483647 2147483647 2147483647 2147483647 2147483647 2147483647 2147483647 2147483647 2147483647 2147483647 2147483647 2147483647 2147483647 2147483647 2147483647 2147483647 2147483647 2147483647 2147483647 2147483647 2147483647 2147483647 2147483647 2147483647 2147483647 2147483647 2147483647 2147483647 2147483647 2147483647 2147483647 2147483647 2147483647 2147483647 2147483647 2147483647 2147483647 2147483647 2147483647 2147483647 2147483647 2147483647 2147483647 2147483647 2147483647 2147483647 2147483647 2147483647 2147483647 2147483647 2147483647 2147483647 2147483647 2147483647 2147483647 2147483647 2147483647 2147483647 2147483647 2147483647 2147483647 2147483647 2147483647 2147483647 2147483647 2147483647 2147483647 2147483647 2147483647 2147483647 2147483647 2147483647 2147483647 2147483647 2147483647 2147483647 2147483647 2147483647 2147483647 2147483647 2147483647 2147483647 2147483647 2147483647 2147483647 2147483647 2147483647 2147483647 2147483647 2147483647 
Altitude
-62.50034713745117 -61.934898376464844 -60.914981842041016 -59.54100036621094 -57.64384841918945 -55.38734436035156 -53.46905517578125 -51.29710388183594 -49.373531341552734 -47.101173400878906 -45.246299743652344 -42.9475212097168 -41.01337432861328 -38.978824615478516 -36.849151611328125 -34.851593017578125 -32.510536193847656 -30.660945892333984 -28.52070426940918 -26.48615264892578 -24.53087043762207 -22.728839874267578 -21.07477569580078 -19.996728897094727 -18.9398193359375 -17.978031158447266 -17.19063377380371 -16.51949691772461 -15.985756874084473 -15.420310974121094 -15.140229225158691 -14.817872047424316 -14.426815032958984 -14.056897163391113 -14.051612854003906 -13.850799560546875 -13.581287384033203 -13.385759353637695 -13.359336853027344 -13.116247177124023 -12.59836196899414 -12.281289100646973 -12.096329689025879 -11.969500541687012 -11.689419746398926 -11.536168098449707 -11.483322143554688 -11.139826774597168 -10.119909286499023 -7.794708251953125 -5.585766792297363 -4.771946907043457 -4.7138166427612305 -2.9646313190460205 -1.072763204574585 0.9908527135848999 2.8615827560424805 5.00710916519165 7.131497383117676 9.04714584350586 11.219095230102539 13.092467308044434 15.285554885864258 17.01624298095703 19.16176986694336 20.99286651611328 23.267864227294922 25.450382232666016 27.02253532409668 29.226192474365234 31.44305992126465 33.45647048950195 35.287567138671875 37.266632080078125 38.52170944213867 39.95117950439453 41.824554443359375 43.23552703857422 44.686134338378906 44.604225158691406 45.9676399230957 46.58064651489258 47.13288116455078 47.57149887084961 47.77495574951172 48.07088851928711 48.18979263305664 48.33247375488281 48.5464973449707 48.652191162109375 48.78694534301758 48.92698669433594 48.82129669189453 48.789588928222656 48.744667053222656 49.14101028442383 48.86885452270508 48.27170181274414 46.64670181274414 45.27008056640625 43.90930938720703 42.85504150390625 41.475772857666016 39.78471755981445 38.54549026489258 36.68532943725586 35.38533020019531 33.70220184326172 33.38777160644531 31.60159683227539 30.750783920288086 28.753225326538086 27.34225082397461 25.302413940429688 23.529449462890625 22.419694900512695 20.88189125061035 19.357297897338867 18.27396583557129 16.437585830688477 14.529864311218262 13.755678176879883 12.323565483093262 10.423770904541016 8.941454887390137 8.479057312011719 5.384954452514648 4.354467391967773 3.2077205181121826 2.2168679237365723 0.837600827217102 -0.44390201568603516 -2.023981809616089 -3.4402406215667725 -4.7508087158203125 -6.457717418670654 -6.478855609893799 -6.832920074462891 -7.731293678283691 -8.508121490478516 -8.708934783935547 -9.422348976135254 -9.644299507141113 -10.035356521606445 -10.389421463012695 -10.690640449523926 -10.569095611572266 -11.007713317871094 -10.991859436035156 -11.150396347045898 -11.36706256866455 -11.250802040100098 -11.266655921936035 -11.234949111938477 -11.203241348266602 -9.993080139160156 -7.081294059753418 -4.925198554992676 -5.50649881362915 -4.560564994812012 -2.7162575721740723 -0.993494987487793 1.2630069255828857 3.3530454635620117 5.4140191078186035 7.464423656463623 9.572957992553711 11.594297409057617 13.681694030761719 15.81136703491211 17.425796508789062 19.46034812927246 21.21481704711914 23.492456436157227 25.37904167175293 27.482290267944336 29.360946655273438 31.353221893310547 33.41947937011719 35.29021072387695 37.02618408203125 38.416019439697266 39.44915008544922 40.685733795166016 42.73613739013672 43.66093444824219 44.34000015258789 45.248939514160156 45.4154052734375 45.69284439086914 45.94121551513672 46.2054443359375 46.522518157958984 46.90300369262695 47.56885528564453 48.031253814697266 47.84893798828125 48.107879638671875 48.18186569213867 47.241214752197266 48.0233268737793 48.324546813964844 47.91763687133789 47.386539459228516 45.111541748046875 44.01763916015625 42.58552932739258 41.412357330322266 39.124149322509766 37.715816497802734 36.80951690673828 34.423545837402344 33.32699966430664 31.74692153930664 30.52618980407715 28.91704559326172 28.240623474121094 26.932697296142578 25.236358642578125 23.534732818603516 21.288801193237305 20.38250160217285 18.75221824645996 17.280471801757812 16.382099151611328 14.654050827026367 12.875801086425781 11.657712936401367 10.064421653747559 8.817268371582031 6.352026462554932 5.509140968322754 4.148369789123535 2.924997329711914 2.235363721847534 0.7873976230621338 -0.9036576747894287 -2.6158511638641357 -4.010972023010254 -4.777231216430664 -5.691457748413086 -6.346741676330566 -8.376008033752441 -8.555683135986328 -8.983731269836426 -9.052430152893066 -9.66015338897705 -9.860965728759766 -10.764623641967773 -11.150396347045898 -11.192672729492188 -11.139826774597168 -11.377631187438965 -11.24551773071289 -11.388200759887695 -11.525598526000977 -11.451615333557129 -11.58901309967041 -11.684135437011719 -11.87437915802002 -12.756898880004883 -13.808523178100586 -14.231287002563477 -16.128440856933594 -18.210552215576172 -19.80648422241211 -20.62558937072754 -21.946727752685547 -23.431684494018555 -24.81623649597168 -26.59184455871582 -27.971111297607422 -28.6739559173584 -30.777206420898438 -32.05078125 -33.62557601928711 -34.47110366821289 -35.73411178588867 -36.96541213989258 -38.5877685546875 -40.035736083984375 -42.51947021484375 -44.258087158203125 -44.9450798034668 -45.35727310180664 -47.70361328125 -48.98775863647461 -50.49385452270508 -52.575965881347656 -54.235313415527344 -56.53409194946289 -56.845882415771484 -57.86579895019531 -59.15522766113281 -60.714168548583984 -63.705223083496094 