LTE(1) or 5G(2)
2 2 2 2 2 2 2 2 2 2 2 2 2 2 2 2 2 2 2 2 2 2 2 2 2 2 2 2 2 2 2 2 2 2 2 2 2 2 2 2 2 2 2 2 2 2 2 2 2 2 2 2 2 2 2 2 2 2 1 2 2 2 2 2 2 2 2 2 2 2 2 2 2 2 2 2 2 2 2 2 2 2 2 2 2 2 2 2 2 2 2 2 2 2 2 2 2 2 2 2 2 2 2 2 2 2 2 2 2 2 2 2 2 2 2 2 2 2 2 2 2 2 2 2 2 2 1 1 1 2 2 2 2 2 2 2 2 2 2 2 2 2 2 2 2 2 2 2 2 2 2 2 2 2 2 2 2 2 2 2 2 2 2 2 2 2 2 2 2 2 2 2 2 2 2 2 2 2 2 2 2 2 2 2 2 2 2 2 2 2 2 2 2 2 2 2 2 2 2 2 2 2 2 2 2 2 2 2 2 2 2 2 2 2 2 2 2 2 2 2 2 2 2 2 2 2 2 2 2 2 2 2 2 2 2 2 2 2 2 2 2 2 2 2 2 2 2 2 2 2 2 2 2 2 2 2 1 1 2 2 2 2 2 2 2 2 2 2 2 2 2 2 2 2 2 2 2 2 2 2 2 2 2 2 2 2 2 2 2 2 2 2 2 2 2 2 2 2 2 2 2 2 2 2 2 2 2 2 2 2 2 2 2 
SNR of LTE
9 9 9 9 10 10 10 10 10 10 10 10 10 10 10 9 8 8 8 8 8 8 8 7 7 7 7 7 5 5 5 5 5 3 1 1 1 0 0 0 0 -1 -1 -1 -1 -1 -1 -2 -2 -2 -2 -2 -2 -2 -2 -2 -2 -2 -2 -1 -1 -1 -1 -1 -1 -1 -1 -1 -1 -1 -1 -1 -1 -2 -2 -2 -2 -2 -2 -2 -2 -2 -2 -2 -2 -2 -2 -2 -2 -2 -2 -2 -2 -2 -2 -3 -3 -3 -3 -3 -3 -2 -2 -2 -2 -2 -2 -2 -2 -2 -2 -2 -2 -3 -3 -3 -3 -3 -3 -2 -2 -2 -2 -2 -2 -2 -2 -2 -2 -2 -2 -1 -1 -1 -1 -1 0 0 0 0 0 1 1 1 1 1 1 1 1 2 2 2 2 3 3 3 3 3 3 3 3 3 2 2 2 2 2 2 2 1 1 0 -1 -1 -1 -2 -2 -2 -2 -4 -4 -4 -4 -4 -4 -4 -4 -4 -4 -4 -4 -4 -4 -5 -5 -5 -5 -5 -5 -5 -5 -5 -5 -5 -5 -5 -5 -4 -4 -4 -4 -4 -4 -3 -3 -3 -3 -3 -3 -3 -1 -1 -1 -1 0 0 0 0 0 0 0 0 0 0 0 0 0 0 0 0 0 0 0 0 -1 -1 -1 -1 -1 -1 -1 -1 -1 -1 -1 -1 -1 -1 -1 -1 -2 -2 -2 -2 -2 -2 -2 -2 -2 -2 -2 -2 -2 -2 -2 -2 -2 -2 -2 -2 -1 -1 -1 -1 -1 0 0 0 0 0 0 0 2 2 2 2 3 3 4 4 5 5 5 6 6 6 6 6 6 6 6 6 7 
SNR of 5G
9 9 9 9 7 7 7 7 7 7 7 7 7 7 7 1 1 3 3 2 2 0 0 -1 -1 0 0 1 1 0 0 1 1 1 1 3 3 3 3 -4 -4 4 4 3 3 3 4 4 4 4 4 4 4 5 5 1 1 -1 0 -1 -1 -1 0 1 1 -1 -1 -1 -1 -1 -1 2 2 5 5 5 5 5 5 2 2 1 0 2 2 0 0 -1 -1 -2 -2 -2 -2 -2 -2 -3 -3 0 0 -2 -2 -4 -4 4 4 4 4 4 4 2 2 -2 -2 -2 -1 5 5 5 5 -2 -2 -3 -3 -4 -4 -4 0 0 0 -2 -2 -1 -1 -1 -1 -1 -1 -1 -1 0 0 0 0 0 0 0 0 -1 -1 -1 -1 -1 -1 -1 -1 -2 -2 0 0 2 2 -2 -2 0 0 0 0 0 0 1 1 0 0 0 0 0 0 -2 -2 -2 -2 -2 -2 -1 -1 1 1 3 3 3 3 3 3 4 4 4 4 4 4 2 2 0 0 -1 -1 -1 -2 0 0 0 0 0 0 -1 -1 1 1 1 1 1 1 1 2 2 2 2 2 2 1 1 1 1 3 3 3 3 3 3 3 3 3 3 3 3 2 2 1 1 1 1 0 0 0 0 -1 -2 0 0 4 4 4 4 4 4 2 2 2 2 3 3 3 3 3 3 3 3 3 3 3 3 4 4 4 4 5 5 3 3 3 3 1 1 2 2 3 3 2 2 3 3 3 3 6 6 6 6 6 6 6 6 6 6 6 
RSSI
-51 -51 -51 -51 -51 -51 -51 -51 -51 -51 -51 -51 -51 -51 -51 -51 -51 -51 -51 -51 -51 -51 -51 -51 -51 -51 -51 -51 -51 -51 -51 -51 -51 -51 -51 -51 -51 -51 -51 -51 -51 -51 -51 -51 -51 -51 -51 -51 -51 -51 -51 -51 -51 -51 -51 -51 -51 -51 -51 -51 -51 -51 -51 -51 -51 -51 -51 -51 -51 -51 -51 -51 -51 -51 -51 -51 -51 -51 -51 -51 -51 -51 -51 -51 -51 -51 -51 -51 -51 -51 -51 -51 -51 -51 -51 -51 -51 -51 -51 -51 -51 -51 -51 -51 -51 -51 -51 -51 -51 -51 -51 -51 -51 -51 -51 -51 -51 -51 -51 -51 -51 -51 -51 -51 -51 -51 -51 -51 -51 -51 -51 -51 -51 -51 -51 -51 -51 -51 -51 -51 -51 -51 -51 -51 -51 -51 -51 -51 -51 -51 -51 -51 -51 -51 -51 -51 -51 -51 -51 -51 -51 -51 -51 -51 -51 -51 -51 -51 -51 -51 -51 -51 -51 -51 -51 -51 -51 -51 -51 -51 -51 -51 -51 -51 -51 -51 -51 -51 -51 -51 -51 -51 -51 -51 -51 -51 -51 -51 -51 -51 -51 -51 -51 -51 -51 -51 -51 -51 -51 -51 -51 -51 -51 -51 -51 -51 -51 -51 -51 -51 -51 -51 -51 -51 -51 -51 -51 -51 -51 -51 -51 -51 -51 -51 -51 -51 -51 -51 -51 -51 -51 -51 -51 -51 -51 -51 -51 -51 -51 -51 -51 -51 -51 -51 -51 -51 -51 -51 -51 -51 -51 -51 -51 -51 -51 -51 -51 -51 -51 -51 -51 -51 -51 -51 -51 -51 -51 -51 -51 -51 -51 -51 -51 -51 -51 -51 -51 -51 -51 -51 -51 -51 -51 -51 -51 -51 -51 -51 -51 -51 -51 -51 -51 -51 -51 -51 -51 -51 -51 -51 -51 -51 -51 
RSRP
-71 -71 -71 -71 -68 -68 -68 -68 -68 -68 -68 -68 -68 -68 -68 -68 -68 -68 -68 -68 -68 -68 -68 -68 -68 -68 -68 -68 -69 -69 -69 -69 -69 -70 -70 -70 -70 -72 -72 -72 -72 -74 -74 -74 -74 -74 -75 -76 -76 -76 -76 -76 -76 -77 -77 -77 -77 -77 -77 -77 -77 -77 -77 -77 -77 -76 -76 -76 -76 -76 -76 -76 -76 -76 -76 -76 -76 -76 -76 -77 -77 -77 -77 -77 -77 -77 -77 -77 -77 -77 -77 -78 -78 -78 -78 -78 -78 -78 -78 -78 -78 -77 -77 -77 -77 -77 -77 -77 -77 -77 -77 -77 -77 -77 -77 -77 -77 -77 -77 -77 -77 -77 -77 -77 -77 -77 -77 -77 -77 -77 -77 -76 -76 -76 -76 -76 -76 -76 -76 -76 -76 -76 -76 -76 -76 -76 -76 -75 -75 -75 -75 -75 -75 -75 -75 -75 -75 -75 -75 -75 -75 -75 -75 -75 -75 -75 -75 -75 -75 -76 -76 -77 -78 -78 -78 -78 -78 -78 -78 -79 -79 -79 -79 -79 -79 -80 -80 -80 -80 -80 -80 -80 -80 -80 -80 -80 -80 -80 -80 -80 -80 -80 -79 -79 -79 -79 -79 -78 -77 -77 -77 -77 -77 -77 -77 -76 -76 -76 -76 -76 -75 -75 -75 -75 -74 -74 -74 -74 -74 -74 -74 -74 -74 -74 -74 -74 -74 -74 -74 -74 -74 -74 -74 -74 -74 -74 -74 -74 -74 -74 -74 -75 -75 -75 -75 -75 -75 -75 -75 -75 -75 -75 -75 -75 -75 -75 -75 -75 -76 -76 -76 -76 -76 -76 -76 -76 -76 -76 -76 -76 -75 -75 -75 -75 -75 -74 -74 -74 -73 -73 -73 -73 -71 -71 -71 -71 -70 -70 -69 -69 -68 -68 -68 -68 -68 -68 -68 -68 -68 -68 -68 -68 -67 
CID
13678086 13678086 13678086 13678086 13678086 13678086 13678086 13678086 13678086 13678086 13678086 13678086 13678086 13678086 13678086 13678086 13678086 13678086 13678086 13678086 13678086 13678086 13678086 13678086 13678086 13678086 13678086 13678086 13678086 13678086 13678086 13678086 13678086 13678086 13678086 13678086 13678086 13769742 13769742 13769742 13769742 13769742 13769742 13769742 13769742 13769742 13769742 13769742 13769742 13769742 13769742 13769742 13769742 13769742 13769742 13769742 13769742 13769742 13769742 13769742 13769742 13769742 13769742 13678086 13678086 13769742 13769742 13769742 13769742 13769742 13769742 13769742 13769742 13769742 13769742 13769742 13769742 13769742 13769742 13769742 13769742 13769742 13769742 13769742 13769742 13769742 13769742 13769742 13769742 13769742 13769742 13769742 13769742 13769742 13769742 13769742 13769742 13678088 13678088 13678088 13678088 13678088 13678088 13678088 13678088 13678088 13678088 13678088 13678088 13678088 13678088 13678088 13678088 13678088 13678088 13678088 13678088 13678088 13678088 13678088 13678088 13678088 13792526 13792526 13792526 13792526 13792526 13792526 13792526 13792526 13792526 13792526 13792526 13792526 13792526 13792526 13792526 13792526 13792526 13792526 13792526 13792526 13792526 13792526 13792526 13792526 13792526 13792526 13792526 13792526 13792526 13792526 13792526 13792526 13792526 13792526 13792526 13792526 13792526 13792526 13678086 13678086 13678086 13678086 13678086 13678086 13678086 13678086 13678086 13678086 13678086 13678086 13678086 13678086 13678086 13678086 13678086 13678086 13678086 13678086 13678086 13678086 13678086 13792526 13792526 13792526 13792526 13792526 13792260 13792260 13792260 13792260 13792260 13792260 13792260 13792260 13792260 13792260 13792260 13792260 13678086 13678086 13678086 13678086 13678086 13678086 13678086 13678086 13678086 13678086 13678086 13678086 13678086 13678086 13678086 13678086 13678086 13678086 13678086 13678086 13678086 13678086 13678086 13678086 13678086 13678086 13678086 13678086 13678086 13678086 13678086 13678086 13678086 13678086 13678086 13678086 13678086 13678086 13678086 13678086 13678086 13678086 13678086 13678086 13678086 13678086 13678086 13678086 13678086 13678086 13678086 13678086 13769742 13769742 13769742 13769742 13769742 13769742 13769742 13769742 13769742 13769742 13769742 13769742 13769742 13769742 13769742 13769742 13769742 13769742 13769742 13769742 13769742 13769742 13769742 13769742 13769742 13769742 13769742 13769742 13678086 13678086 13678086 13678086 13678086 13678086 13678086 13678086 13678086 13678086 13678086 13678086 13678086 13678086 13678086 13678086 13678086 13678086 13678086 13678086 13678086 13678086 13678086 13678086 13678086 13678086 13678086 13678086 13678086 13678086 13678086 13678086 13678086 
RSRP of 5G
-84 -84 -84 -84 -83 -83 -83 -83 -83 -83 -83 -83 -83 -83 -83 -85 -85 -85 -85 -86 -86 -85 -85 -84 -84 -87 -87 -82 -82 -82 -82 -85 -85 -81 -81 -86 -86 -83 -83 -85 -85 -87 -87 -82 -82 -82 -84 -87 -87 -91 -91 -82 -82 -101 -101 -91 -91 -98 -98 -90 -82 -103 -83 -80 -80 -84 -84 -86 -86 -85 -85 -87 -87 -82 -82 -82 -82 -82 -82 -83 -83 -85 -80 -80 -80 -81 -81 -83 -83 -91 -91 -86 -86 -88 -88 -84 -84 -83 -83 -92 -92 -107 -85 -86 -86 -86 -86 -86 -86 -88 -88 -86 -86 -88 -82 -81 -81 -81 -81 -82 -82 -114 -114 -121 -121 -115 -115 -115 -115 -89 -89 -89 -89 -96 -96 -96 -94 -99 -99 -90 -90 -85 -85 -85 -85 -85 -85 -90 -90 -87 -87 -93 -93 -90 -90 -91 -91 -85 -85 -78 -78 -102 -102 -86 -86 -84 -84 -84 -84 -85 -85 -86 -86 -80 -80 -81 -81 -81 -81 -83 -83 -83 -83 -79 -79 -77 -77 -78 -78 -78 -78 -78 -78 -77 -77 -77 -77 -77 -77 -77 -77 -79 -79 -81 -81 -93 -82 -88 -88 -88 -88 -83 -83 -82 -82 -84 -84 -84 -84 -83 -84 -84 -86 -86 -91 -91 -88 -88 -91 -91 -88 -88 -79 -79 -79 -79 -79 -79 -79 -79 -79 -79 -79 -79 -80 -80 -82 -82 -83 -83 -84 -84 -86 -86 -93 -83 -83 -83 -87 -87 -84 -84 -84 -84 -84 -84 -86 -86 -84 -84 -84 -84 -84 -84 -84 -84 -84 -84 -84 -84 -82 -82 -82 -82 -87 -87 -91 -91 -82 -82 -83 -83 -85 -85 -83 -83 -85 -85 -82 -82 -82 -82 -80 -80 -80 -80 -80 -80 -80 -80 -80 -80 -83 
CQI
2147483647 2147483647 2147483647 2147483647 2147483647 2147483647 2147483647 2147483647 2147483647 2147483647 2147483647 2147483647 2147483647 2147483647 2147483647 2147483647 2147483647 2147483647 2147483647 2147483647 2147483647 2147483647 2147483647 2147483647 2147483647 2147483647 2147483647 2147483647 2147483647 2147483647 2147483647 2147483647 2147483647 2147483647 2147483647 2147483647 2147483647 2147483647 2147483647 2147483647 2147483647 2147483647 2147483647 2147483647 2147483647 2147483647 2147483647 2147483647 2147483647 2147483647 2147483647 2147483647 2147483647 2147483647 2147483647 2147483647 2147483647 2147483647 2147483647 2147483647 2147483647 2147483647 2147483647 2147483647 2147483647 2147483647 2147483647 2147483647 2147483647 2147483647 2147483647 2147483647 2147483647 2147483647 2147483647 2147483647 2147483647 2147483647 2147483647 2147483647 2147483647 2147483647 2147483647 2147483647 2147483647 2147483647 2147483647 2147483647 2147483647 2147483647 2147483647 2147483647 2147483647 2147483647 2147483647 2147483647 2147483647 2147483647 2147483647 2147483647 2147483647 2147483647 2147483647 2147483647 2147483647 2147483647 2147483647 2147483647 2147483647 2147483647 2147483647 2147483647 2147483647 2147483647 2147483647 2147483647 2147483647 2147483647 2147483647 2147483647 2147483647 2147483647 2147483647 2147483647 2147483647 2147483647 2147483647 2147483647 2147483647 2147483647 2147483647 2147483647 2147483647 2147483647 2147483647 2147483647 2147483647 2147483647 2147483647 2147483647 2147483647 2147483647 2147483647 2147483647 2147483647 2147483647 2147483647 2147483647 2147483647 2147483647 2147483647 2147483647 2147483647 2147483647 2147483647 2147483647 2147483647 2147483647 2147483647 2147483647 2147483647 2147483647 2147483647 2147483647 2147483647 2147483647 2147483647 2147483647 2147483647 2147483647 2147483647 2147483647 2147483647 2147483647 2147483647 2147483647 2147483647 2147483647 2147483647 2147483647 2147483647 2147483647 2147483647 2147483647 2147483647 2147483647 2147483647 2147483647 2147483647 2147483647 2147483647 2147483647 2147483647 2147483647 2147483647 2147483647 2147483647 2147483647 2147483647 2147483647 2147483647 2147483647 2147483647 2147483647 2147483647 2147483647 2147483647 2147483647 2147483647 2147483647 2147483647 2147483647 2147483647 2147483647 2147483647 2147483647 2147483647 2147483647 2147483647 2147483647 2147483647 2147483647 2147483647 2147483647 2147483647 2147483647 2147483647 2147483647 2147483647 2147483647 2147483647 2147483647 2147483647 2147483647 2147483647 2147483647 2147483647 2147483647 2147483647 2147483647 2147483647 2147483647 2147483647 2147483647 2147483647 2147483647 2147483647 2147483647 2147483647 2147483647 2147483647 2147483647 2147483647 2147483647 2147483647 2147483647 2147483647 2147483647 2147483647 2147483647 2147483647 2147483647 2147483647 2147483647 2147483647 2147483647 2147483647 2147483647 2147483647 2147483647 2147483647 2147483647 2147483647 2147483647 2147483647 2147483647 2147483647 2147483647 2147483647 2147483647 2147483647 2147483647 2147483647 2147483647 2147483647 2147483647 2147483647 2147483647 2147483647 2147483647 2147483647 2147483647 2147483647 2147483647 2147483647 2147483647 2147483647 2147483647 2147483647 2147483647 2147483647 2147483647 2147483647 2147483647 2147483647 2147483647 2147483647 2147483647 2147483647 2147483647 2147483647 2147483647 2147483647 
Altitude
-63.256038665771484 -61.88205337524414 -59.59384536743164 -57.54872512817383 -55.371490478515625 -53.07271194458008 -51.302391052246094 -49.251983642578125 -47.30198669433594 -45.14589309692383 -43.17475509643555 -40.92353820800781 -39.068660736083984 -36.96541213989258 -35.04183578491211 -33.13411331176758 -31.020296096801758 -29.102005004882812 -27.051599502563477 -24.99591064453125 -22.86623764038086 -20.905670166015625 -18.87640380859375 -16.862991333007812 -15.267058372497559 -13.052833557128906 -10.780477523803711 -8.597959518432617 -6.674384117126465 -4.549995422363281 -2.5260138511657715 -0.438617467880249 1.3739824295043945 3.522150993347168 5.244913578033447 6.904261589050293 8.143487930297852 9.583527565002441 10.732916831970215 11.707915306091309 12.513809204101562 13.18494701385498 13.866653442382812 14.141449928283691 14.50344181060791 14.704254150390625 15.082099914550781 15.248562812805176 15.576204299926758 15.777017593383789 15.790228843688965 15.93291187286377 16.02010726928711 16.043888092041016 16.41380500793457 16.281692504882812 16.606691360473633 16.662179946899414 16.556488037109375 16.48514747619629 16.176000595092773 16.09408950805664 16.112586975097656 16.117870330810547 16.146936416625977 16.065025329589844 16.030675888061523 16.427017211914062 17.452219009399414 19.270103454589844 21.426198959350586 23.1436767578125 23.577009201049805 25.091033935546875 27.27883529663086 28.79021644592285 30.690011978149414 32.88309860229492 34.66927719116211 36.42903137207031 37.72903060913086 38.770084381103516 39.782073974609375 40.55097579956055 41.06357955932617 41.93817138671875 42.44284439086914 42.66215515136719 43.30686950683594 43.51032257080078 43.816829681396484 43.896095275878906 44.453617095947266 44.35321044921875 44.21581268310547 43.93308639526367 44.6095085144043 44.812965393066406 44.6782112121582 44.36113739013672 44.247520446777344 44.49060821533203 45.15910339355469 45.43389892578125 45.64263916015625 45.603004455566406 45.473533630371094 45.375770568847656 44.894874572753906 45.40483474731445 45.98613357543945 45.98613357543945 45.83552551269531 44.049346923828125 42.976585388183594 42.08613967895508 40.89183044433594 38.94183349609375 37.65768814086914 35.987770080566406 34.93878936767578 33.32171630859375 31.630661010742188 30.468059539794922 29.017452239990234 27.698957443237305 26.235137939453125 24.803024291992188 23.069692611694336 22.023353576660156 21.28615951538086 20.498760223388672 19.917461395263672 19.423355102539062 18.775999069213867 18.229047775268555 17.859128952026367 17.66360092163086 17.23291015625 16.83921241760254 15.943480491638184 15.887992858886719 16.228845596313477 16.411163330078125 16.535350799560547 16.627830505371094 16.22620391845703 15.790228843688965 15.790228843688965 15.800798416137695 15.959334373474121 16.065025329589844 15.70039176940918 15.621123313903809 15.541854858398438 15.893277168273926 16.91319465637207 16.641040802001953 16.744089126586914 17.050594329833984 18.133926391601562 20.440631866455078 21.761768341064453 22.599369049072266 24.467456817626953 26.303836822509766 28.267045974731445 30.19326400756836 32.10098648071289 33.921512603759766 35.94285202026367 37.45951843261719 38.43980026245117 39.5574836730957 40.50077438354492 41.32780456542969 41.753211975097656 42.32658386230469 42.6119499206543 43.19325256347656 43.43634033203125 43.689998626708984 44.184104919433594 44.26337432861328 44.6544303894043 44.65707015991211 44.329429626464844 44.71255874633789 45.46296310424805 45.61621856689453 46.30320739746094 46.583290100097656 46.58064651489258 46.70747756958008 46.64141845703125 46.50402069091797 46.387760162353516 46.4141845703125 46.38511657714844 46.33755874633789 46.242435455322266 46.514591217041016 46.173736572265625 46.591217041015625 45.79589080810547 44.34528350830078 43.042640686035156 41.705650329589844 40.71479797363281 39.59183120727539 37.771305084228516 36.4924430847168 34.780250549316406 33.295291900634766 32.423343658447266 30.919889450073242 29.24204444885254 28.813997268676758 27.104446411132812 26.428024291992188 24.2322940826416 22.308717727661133 21.20160675048828 20.57538604736328 20.102420806884766 19.262176513671875 18.62010383605957 18.229047775268555 17.972747802734375 17.555267333984375 17.29632568359375 17.12986183166504 16.4058780670166 15.89063549041748 16.292261123657227 16.501001358032227 15.975188255310059 15.853643417358398 16.339820861816406 16.40852165222168 16.65689468383789 16.5247802734375 16.445512771606445 16.308115005493164 16.244699478149414 16.218276977539062 16.0623836517334 16.05445671081543 15.911773681640625 15.798155784606934 15.843074798583984 15.684537887573242 15.869497299194336 15.93291187286377 15.998968124389648 16.006895065307617 15.848359107971191 15.153440475463867 13.753035545349121 13.361979484558105 12.548158645629883 10.39206314086914 7.85019588470459 5.281905651092529 4.4020280838012695 2.491664409637451 2.0451200008392334 0.9591454267501831 -0.4069101810455322 -1.9341444969177246 -3.9686954021453857 -5.791864395141602 -7.070724964141846 -8.756495475769043 -9.422348976135254 -11.414623260498047 -12.978849411010742 -14.125596046447754 -15.541854858398438 -16.794292449951172 -18.020307540893555 -19.505266189575195 -21.196321487426758 -22.718271255493164 -23.870302200317383 -24.472740173339844 -26.200788497924805 -27.56420135498047 -28.732086181640625 -31.273954391479492 -33.04427719116211 -34.7564697265625 -36.01947784423828 -37.710533142089844 -39.126792907714844 -40.87069320678711 -42.13370132446289 -43.79304885864258 -45.14589309692383 -46.393043518066406 -47.41824722290039 -48.406455993652344 -49.91255569458008 -51.52434158325195 -52.02637481689453 -53.1678352355957 -55.11783218383789 -56.53937530517578 -58.36783218383789 -59.17108154296875 -60.52392578125 -62.997093200683594 -63.50969696044922 