LTE(1) or 5G(2)
1 1 1 1 1 1 1 1 1 1 1 1 1 1 1 1 1 1 1 1 1 1 1 1 1 1 1 1 1 1 1 1 1 1 1 1 1 1 1 1 1 1 1 1 1 1 1 1 1 1 1 1 1 1 1 1 1 1 1 1 1 1 1 1 1 1 1 1 1 1 1 1 1 1 1 1 1 1 1 1 1 1 1 1 1 1 1 1 1 1 1 1 1 1 1 1 1 1 1 1 1 1 1 1 1 1 1 1 1 1 1 1 1 1 1 1 1 1 1 1 1 1 1 1 1 1 1 1 1 1 1 1 1 1 1 1 1 1 1 1 1 1 1 1 1 1 1 1 1 1 1 1 1 1 1 2 2 2 2 2 2 2 2 2 2 2 2 2 2 2 2 2 2 2 2 2 2 2 2 2 2 2 2 2 2 2 2 2 2 2 2 2 2 2 2 2 2 2 2 2 2 2 2 2 2 2 2 2 2 2 2 2 2 2 2 2 2 2 2 2 2 2 2 2 2 2 2 2 2 2 2 2 2 2 2 2 2 2 2 2 2 2 2 2 2 2 2 2 2 2 2 2 2 2 2 2 2 2 2 2 2 2 2 2 2 2 2 2 2 2 1 1 1 1 1 1 1 1 1 1 1 1 1 1 1 1 1 1 1 1 1 1 1 1 1 1 1 1 1 1 1 1 1 1 1 1 1 1 1 1 1 1 1 1 1 
SNR of LTE
6 7 7 7 7 7 4 4 4 4 2 2 2 4 4 4 4 4 4 4 4 4 4 4 4 2 2 2 2 2 2 3 3 3 3 3 3 2 2 2 2 2 2 2 2 2 2 2 2 2 2 2 2 2 2 0 0 0 0 0 0 0 0 0 0 0 0 0 0 0 0 0 0 0 0 0 0 0 0 0 0 0 0 0 0 0 0 0 0 0 0 0 0 0 0 0 0 0 0 0 0 0 0 0 0 0 0 0 0 0 0 -3 -3 -3 -3 -3 -3 -3 -3 -3 -3 -3 -3 -3 -3 -3 -3 -3 -3 -3 -3 -3 -3 0 0 0 0 0 0 0 0 0 0 0 0 0 0 0 0 0 0 0 0 0 0 0 0 0 0 0 0 0 0 0 0 0 0 0 -1 -1 -1 -1 -1 -1 -1 -1 -2 -2 -2 -2 -2 -4 -4 -4 -4 -4 -4 -4 -4 -4 -4 -4 -4 -5 -5 -5 -5 -5 -5 -5 -5 -6 -6 -5 -5 -5 -5 -6 -6 -6 -6 -6 -6 -6 -6 -6 -6 -4 -4 -4 -5 -5 -5 -4 -4 -4 -4 -4 -4 -4 -4 -4 -3 -3 -3 -3 -3 -3 -3 -3 -3 -3 -3 -3 -3 -1 -1 0 0 0 -1 -1 -1 -1 -1 -1 -1 0 0 0 0 0 0 0 0 -1 -1 -1 -1 -1 -1 0 0 0 0 0 0 0 0 0 0 0 0 0 0 0 0 0 0 0 0 0 0 0 0 0 0 0 0 0 0 0 0 0 0 3 3 3 3 3 3 3 3 3 3 
SNR of 5G
0 0 0 0 0 0 0 0 0 0 0 0 0 0 0 0 0 0 0 0 0 0 0 0 0 0 0 0 0 0 0 0 0 0 0 0 0 0 0 0 0 0 0 0 0 0 0 0 0 0 0 0 0 0 0 0 0 0 0 0 0 0 0 0 0 0 0 0 0 0 0 0 0 0 0 0 0 0 0 0 0 0 0 0 0 0 0 0 0 0 0 0 0 0 0 0 0 0 0 0 0 0 0 0 0 0 0 0 0 0 0 0 0 0 0 0 0 0 0 0 0 0 0 0 0 0 0 0 0 0 0 0 0 0 0 0 0 0 0 0 0 0 0 0 0 0 0 0 0 0 0 0 0 0 0 2 -3 -3 -3 -3 -2 -2 -2 -2 -3 -3 -3 -3 -3 -3 -3 -3 -4 -4 -3 -3 0 0 0 0 2 2 0 0 -3 -3 0 0 0 0 4 4 4 3 2 2 1 1 1 1 1 -1 -1 -3 -3 -3 -3 -2 -2 5 5 5 5 5 5 5 5 6 6 7 7 7 7 4 4 4 4 5 5 5 5 5 7 7 7 7 7 7 7 7 7 7 7 7 7 3 3 3 3 3 3 0 0 -3 -3 -1 -1 -1 -1 -2 -2 -2 -2 -2 -2 -1 -1 -1 -1 -2 0 0 0 0 0 0 0 0 0 0 0 0 0 0 0 0 0 0 0 0 0 0 0 0 0 0 0 0 0 0 0 0 0 0 0 0 0 0 0 0 0 0 0 0 0 
RSSI
-53 -53 -53 -53 -53 -53 -51 -51 -51 -51 -51 -51 -51 -51 -51 -51 -51 -51 -51 -51 -51 -51 -51 -51 -51 -51 -51 -51 -51 -51 -51 -51 -51 -51 -51 -51 -51 -51 -51 -51 -51 -51 -51 -51 -51 -51 -51 -51 -51 -51 -51 -51 -51 -51 -51 -51 -51 -51 -51 -51 -51 -51 -51 -51 -51 -51 -51 -51 -51 -51 -51 -51 -51 -51 -51 -51 -51 -51 -51 -51 -51 -51 -51 -51 -51 -51 -51 -51 -51 -51 -51 -51 -51 -51 -51 -51 -51 -51 -51 -51 -51 -51 -51 -51 -51 -51 -51 -51 -51 -51 -51 -51 -51 -51 -51 -51 -51 -51 -51 -51 -51 -51 -51 -51 -51 -51 -51 -51 -51 -51 -51 -51 -51 -51 -51 -51 -51 -51 -51 -51 -51 -51 -51 -51 -51 -51 -51 -51 -51 -51 -51 -51 -51 -51 -51 -51 -51 -51 -51 -51 -51 -51 -51 -51 -51 -51 -51 -51 -51 -51 -51 -51 -51 -51 -51 -51 -51 -51 -51 -51 -51 -51 -51 -51 -51 -51 -51 -51 -51 -51 -51 -51 -51 -51 -51 -51 -51 -51 -51 -51 -51 -51 -51 -51 -51 -51 -51 -51 -51 -51 -51 -51 -51 -51 -51 -51 -51 -51 -51 -51 -51 -51 -51 -51 -51 -51 -51 -51 -51 -51 -51 -51 -51 -51 -51 -51 -51 -51 -51 -51 -51 -51 -51 -51 -51 -51 -51 -51 -51 -51 -51 -51 -51 -51 -51 -51 -51 -51 -51 -51 -51 -51 -51 -51 -51 -51 -51 -51 -51 -51 -51 -51 -51 -51 -51 -51 -51 -51 -51 -51 -51 -51 -51 -51 -51 -51 -51 -51 -51 -51 -51 -51 -51 -51 -51 -51 -51 -51 -51 -51 -51 -51 -51 -51 -51 -51 -51 -51 -51 -51 -51 -51 -51 -51 -51 
RSRP
-78 -80 -80 -80 -80 -80 -75 -75 -75 -75 -76 -76 -76 -76 -76 -76 -76 -76 -76 -73 -73 -73 -73 -73 -73 -72 -72 -72 -72 -72 -72 -72 -72 -72 -72 -72 -72 -72 -72 -72 -72 -72 -72 -72 -72 -72 -72 -72 -72 -72 -72 -72 -72 -72 -72 -74 -74 -74 -74 -75 -75 -75 -75 -75 -75 -75 -75 -75 -75 -75 -75 -75 -75 -75 -75 -75 -75 -75 -75 -75 -75 -75 -75 -75 -75 -75 -75 -75 -75 -75 -75 -75 -75 -75 -75 -75 -75 -75 -75 -75 -75 -75 -75 -75 -75 -75 -75 -75 -75 -75 -75 -77 -77 -77 -77 -77 -77 -77 -77 -77 -77 -77 -77 -77 -77 -77 -77 -77 -77 -77 -77 -77 -77 -76 -76 -76 -76 -76 -76 -76 -76 -76 -76 -76 -76 -76 -76 -76 -76 -76 -76 -76 -76 -76 -76 -75 -75 -75 -76 -76 -76 -76 -76 -76 -77 -77 -77 -77 -78 -78 -79 -79 -79 -79 -79 -79 -80 -80 -80 -80 -80 -81 -81 -80 -80 -80 -80 -81 -81 -81 -81 -81 -81 -81 -82 -82 -82 -82 -82 -82 -82 -82 -82 -82 -82 -82 -82 -82 -82 -82 -82 -82 -82 -82 -82 -82 -82 -81 -81 -81 -81 -81 -81 -81 -81 -80 -80 -80 -80 -80 -80 -80 -80 -80 -80 -80 -80 -80 -80 -80 -80 -80 -80 -80 -80 -78 -78 -78 -78 -78 -78 -78 -78 -77 -77 -77 -77 -77 -77 -76 -76 -76 -76 -76 -76 -76 -76 -76 -76 -75 -75 -74 -74 -74 -74 -74 -74 -73 -73 -73 -73 -73 -73 -73 -73 -73 -73 -73 -73 -73 -73 -73 -73 -73 -73 -73 -73 -73 -73 -73 -73 -73 -73 -73 -73 -71 -71 -71 -71 -71 -71 -71 -71 -71 -71 
CID
13678086 13754896 13754896 13754896 13754896 13754896 13769745 13769745 13769745 13769745 13769745 13769745 13769745 13769745 13769745 13769745 13769745 13769745 13769745 13769745 13769745 13769745 13769745 13769745 13769745 13769745 13769745 13769745 13769745 13769745 13769745 13769745 13769745 13769745 13769745 13769745 13769745 13769745 13769745 13769745 13769745 13769745 13769745 13769745 13769745 13769745 13769745 13769745 13769745 13769745 13769745 13769745 13769745 13769745 13769745 13769745 13769745 13769745 13769745 13769745 13769745 13769745 13769745 13769745 13769745 13769745 13769745 13769745 13769745 13769745 13769745 13769745 13769745 13769745 13769745 13769745 13769745 13769745 13769745 13769745 13769745 13769745 13769745 13769745 13769745 13769745 13769745 13769745 13769745 13769745 13769745 13769745 13769745 13769745 13769745 13769745 13769745 13769745 13769745 13769745 13769745 13769745 13769745 13769745 13769745 13769745 13769745 13769745 13769745 13769745 13769745 13754896 13754896 13754896 13754896 13754896 13754896 13754896 13754896 13754896 13754896 13754896 13754896 13754896 13754896 13754896 13754896 13754896 13754896 13754896 13754896 13754896 13754896 13754896 13754896 13754896 13754896 13754896 13754896 13754896 13754896 13754896 13754896 13754896 13754896 13754896 13754896 13754896 13754896 13754896 13754896 13754896 13754896 13754896 13754896 13769745 13769745 13769745 13769745 13769745 13769745 13769745 13769745 13769745 13769745 13769745 13769745 13769745 13769745 13769745 13769745 13769745 13769745 13769745 13769745 13769745 13769745 13769745 13769745 13769745 13769745 13769745 13769745 13792278 13792278 13792278 13792278 13792278 13792278 13792278 13792278 13792278 13792278 13792278 13792278 13754896 13754896 13769745 13769745 13769745 13769745 13769745 13769745 13769745 13769745 13769745 13769745 13769745 13769745 13769745 13769745 13769745 13769745 13769745 13769745 13769745 13769745 13769745 13769745 13769745 13769745 13792279 13792279 13792279 13792279 13792279 13769745 13769745 13769745 13769745 13769745 13769745 13792279 13792279 13792279 13792279 13792279 13792279 13792279 13792279 13792279 13792279 13792279 13792279 13792279 13792279 13792279 13792279 13792279 13792279 13769745 13769745 13769745 13769745 13769745 13769745 13769745 13769745 13769745 13769745 13769745 13769745 13769745 13769745 13769745 13769745 13769745 13769745 13769745 13769745 13769745 13769745 13769745 13769745 13769745 13769745 13769745 13769745 13769745 13769745 13769745 13769745 13769745 13769745 13769745 13769745 13769745 13769745 13769745 13769745 13769745 13769745 13769745 13769745 13769745 13769745 13769745 13769745 13769745 13769745 13769745 13769745 13769745 13769745 13769745 13769745 13769745 13769745 13769745 13769745 13769745 13769745 13754896 13754896 13754896 
RSRP of 5G
-82 -82 -82 -82 -82 -82 -82 -82 -82 -82 -82 -82 -82 -82 -82 -82 -82 -82 -82 -82 -82 -82 -82 -82 -82 -82 -82 -82 -82 -82 -82 -82 -82 -82 -82 -82 -82 -82 -82 -82 -82 -82 -82 -82 -82 -82 -82 -82 -82 -82 -82 -82 -82 -82 -82 -82 -82 -82 -82 -82 -82 -82 -82 -82 -82 -82 -82 -82 -82 -82 -82 -82 -82 -82 -82 -82 -82 -82 -82 -82 -82 -82 -82 -82 -82 -82 -82 -82 -82 -82 -82 -82 -82 -82 -82 -82 -82 -82 -82 -82 -82 -82 -82 -82 -82 -82 -82 -82 -82 -82 -82 -82 -82 -82 -82 -82 -82 -82 -82 -82 -82 -82 -82 -82 -82 -82 -82 -82 -82 -82 -82 -82 -82 -82 -82 -82 -82 -82 -82 -82 -82 -82 -82 -82 -82 -82 -82 -82 -82 -82 -82 -82 -82 -82 -82 -81 -86 -86 -96 -96 -80 -80 -80 -80 -84 -84 -82 -82 -82 -82 -89 -89 -86 -86 -84 -84 -83 -83 -81 -81 -85 -85 -77 -77 -83 -83 -79 -79 -76 -76 -76 -76 -76 -76 -76 -76 -79 -79 -82 -82 -82 -87 -87 -87 -87 -84 -84 -84 -84 -81 -81 -81 -81 -81 -81 -81 -81 -83 -83 -80 -80 -80 -80 -82 -82 -82 -83 -77 -77 -77 -77 -77 -75 -75 -75 -75 -75 -75 -75 -75 -75 -75 -75 -75 -75 -81 -81 -84 -84 -81 -81 -88 -88 -83 -83 -84 -84 -82 -82 -86 -86 -92 -92 -82 -82 -83 -83 -83 -83 -84 -84 -84 -84 -84 -84 -84 -84 -84 -84 -84 -84 -84 -84 -84 -84 -84 -84 -84 -84 -84 -84 -84 -84 -84 -84 -84 -84 -84 -84 -84 -84 -84 -84 -84 -84 -84 -84 -84 -84 -84 -84 -84 -84 -84 -84 
CQI
2147483647 2147483647 2147483647 2147483647 2147483647 2147483647 2147483647 2147483647 2147483647 2147483647 2147483647 2147483647 2147483647 2147483647 2147483647 2147483647 2147483647 2147483647 2147483647 2147483647 2147483647 2147483647 2147483647 2147483647 2147483647 2147483647 2147483647 2147483647 2147483647 2147483647 2147483647 2147483647 2147483647 2147483647 2147483647 2147483647 2147483647 2147483647 2147483647 2147483647 2147483647 2147483647 2147483647 2147483647 2147483647 2147483647 2147483647 2147483647 2147483647 2147483647 2147483647 2147483647 2147483647 2147483647 2147483647 2147483647 2147483647 2147483647 2147483647 2147483647 2147483647 2147483647 2147483647 2147483647 2147483647 2147483647 2147483647 2147483647 2147483647 2147483647 2147483647 2147483647 2147483647 2147483647 2147483647 2147483647 2147483647 2147483647 2147483647 2147483647 2147483647 2147483647 2147483647 2147483647 2147483647 2147483647 2147483647 2147483647 2147483647 2147483647 2147483647 2147483647 2147483647 2147483647 2147483647 2147483647 2147483647 2147483647 2147483647 2147483647 2147483647 2147483647 2147483647 2147483647 2147483647 2147483647 2147483647 2147483647 2147483647 2147483647 2147483647 2147483647 2147483647 2147483647 2147483647 2147483647 2147483647 2147483647 2147483647 2147483647 2147483647 2147483647 2147483647 2147483647 2147483647 2147483647 2147483647 2147483647 2147483647 2147483647 2147483647 2147483647 2147483647 2147483647 2147483647 2147483647 2147483647 2147483647 2147483647 2147483647 2147483647 2147483647 2147483647 2147483647 2147483647 2147483647 2147483647 2147483647 2147483647 2147483647 2147483647 2147483647 2147483647 2147483647 2147483647 2147483647 2147483647 2147483647 2147483647 2147483647 2147483647 2147483647 2147483647 2147483647 2147483647 2147483647 2147483647 2147483647 2147483647 2147483647 2147483647 2147483647 2147483647 2147483647 2147483647 2147483647 2147483647 2147483647 2147483647 2147483647 2147483647 2147483647 2147483647 2147483647 2147483647 2147483647 2147483647 2147483647 2147483647 2147483647 2147483647 2147483647 2147483647 2147483647 2147483647 2147483647 2147483647 2147483647 2147483647 2147483647 2147483647 2147483647 2147483647 2147483647 2147483647 2147483647 2147483647 2147483647 2147483647 2147483647 2147483647 2147483647 2147483647 2147483647 2147483647 2147483647 2147483647 2147483647 2147483647 2147483647 2147483647 2147483647 2147483647 2147483647 2147483647 2147483647 2147483647 2147483647 2147483647 2147483647 2147483647 2147483647 2147483647 2147483647 2147483647 2147483647 2147483647 2147483647 2147483647 2147483647 2147483647 2147483647 2147483647 2147483647 2147483647 2147483647 2147483647 2147483647 2147483647 2147483647 2147483647 2147483647 2147483647 2147483647 2147483647 2147483647 2147483647 2147483647 2147483647 2147483647 2147483647 2147483647 2147483647 2147483647 2147483647 2147483647 2147483647 2147483647 2147483647 2147483647 2147483647 2147483647 2147483647 2147483647 2147483647 2147483647 2147483647 2147483647 2147483647 2147483647 2147483647 2147483647 2147483647 2147483647 2147483647 2147483647 2147483647 2147483647 2147483647 2147483647 2147483647 2147483647 2147483647 2147483647 2147483647 2147483647 2147483647 2147483647 2147483647 2147483647 2147483647 2147483647 2147483647 2147483647 2147483647 2147483647 2147483647 2147483647 2147483647 2147483647 2147483647 2147483647 2147483647 2147483647 2147483647 
Altitude
-92.84422302246094 -92.2840576171875 -91.49137878417969 -90.9259262084961 -90.23365020751953 -89.35113525390625 -88.42105102539062 -86.06942749023438 -83.82349395751953 -81.61455535888672 -79.73326110839844 -77.3974838256836 -75.53204345703125 -73.4710693359375 -71.50521850585938 -69.65033721923828 -67.67920684814453 -65.72392272949219 -63.525550842285156 -61.66010284423828 -59.54100036621094 -57.4747428894043 -55.588157653808594 -53.62759017944336 -51.445072174072266 -49.532066345214844 -47.48166275024414 -45.4682502746582 -43.59223556518555 -41.49427032470703 -39.554840087890625 -37.39345932006836 -35.47517013549805 -33.47232437133789 -31.199970245361328 -29.33980941772461 -27.30525779724121 -25.519081115722656 -23.458106994628906 -21.481687545776367 -19.632095336914062 -18.083723068237305 -17.14307403564453 -16.022748947143555 -15.319904327392578 -14.379254341125488 -13.7186861038208 -13.047548294067383 -12.571939468383789 -12.032915115356445 -11.647143363952637 -11.382915496826172 -11.229663848876953 -10.917875289916992 -10.685356140136719 -10.780477523803711 -10.553241729736328 -10.415843963623047 -10.347145080566406 -10.188608169555664 -10.0142183303833 -9.29023551940918 -7.731293678283691 -4.904060363769531 -3.8841426372528076 -4.380889892578125 -3.376826047897339 -1.4004051685333252 0.5099588632583618 2.1587376594543457 4.59227180480957 6.241050720214844 8.119708061218262 9.829258918762207 11.219095230102539 12.352630615234375 13.240434646606445 13.998766899108887 14.722749710083008 14.928847312927246 15.401814460754395 15.819293975830078 16.109943389892578 16.508926391601562 16.564414978027344 16.931690216064453 16.952829360961914 17.12986183166504 17.325389862060547 17.668886184692383 18.355876922607422 19.15384292602539 19.341445922851562 19.352014541625977 19.666444778442383 19.77213478088379 19.692867279052734 19.624168395996094 19.677013397216797 19.745712280273438 19.774778366088867 19.64002227783203 19.07193374633789 20.546321868896484 20.46705436706543 20.46441078186035 19.57925033569336 17.653032302856445 16.263195037841797 14.894497871398926 13.18494701385498 10.664216995239258 9.398568153381348 8.447349548339844 6.513205051422119 5.493287563323975 4.547353267669678 3.2024359703063965 1.4506083726882935 0.06605684757232666 -1.4162588119506836 -2.578859329223633 -4.682109355926514 -5.0731658935546875 -6.124791145324707 -6.88576602935791 -7.588610649108887 -7.958528995513916 -8.576821327209473 -8.872756004333496 -9.29023551940918 -9.549178123474121 -9.6337308883667 -10.204462051391602 -10.331291198730469 -10.405274391174316 -9.686575889587402 -9.728852272033691 -10.024786949157715 -9.506901741027832 -9.321942329406738 -9.18454360961914 -9.327226638793945 -9.628446578979492 -9.792266845703125 -9.81340503692627 -9.760560035705566 -9.81340503692627 -9.792266845703125 -9.808120727539062 -9.744706153869629 -9.70242977142334 -9.797552108764648 -9.617877006530762 -9.084137916564941 -7.842268943786621 -4.988613128662109 -3.218289613723755 -3.5565006732940674 -2.7691030502319336 -1.310567855834961 0.597153902053833 2.467883825302124 4.705889701843262 6.515847206115723 8.415642738342285 9.850397109985352 10.936371803283691 12.1306791305542 13.076613426208496 13.840230941772461 14.387181282043457 14.80466079711914 15.348969459533691 15.586773872375488 16.252626419067383 16.429658889770508 16.881488800048828 17.111366271972656 17.217056274414062 17.320104598999023 17.01888656616211 18.26075553894043 18.522340774536133 18.28717803955078 18.361162185668945 18.778640747070312 19.270103454589844 19.41278648376465 19.597745895385742 19.700794219970703 19.914817810058594 19.851404190063477 19.48148536682129 19.275388717651367 19.449777603149414 19.563396453857422 19.951810836791992 19.875185012817383 19.700794219970703 18.379657745361328 16.363601684570312 15.560351371765137 14.255067825317383 12.49531364440918 10.62458324432373 9.298161506652832 7.422147274017334 7.015237331390381 4.8723530769348145 3.442883014678955 2.5815014839172363 0.6711375713348389 -0.08983731269836426 -2.066258192062378 -3.6410534381866455 -4.18007755279541 -4.798369407653809 -6.573977470397949 -7.255683898925781 -8.270317077636719 -8.40243148803711 -9.00486946105957 -9.353649139404297 -9.670722961425781 -10.209746360778809 -10.098771095275879 -10.362998008728027 -11.52031421661377 -11.06584358215332 -10.104055404663086 -9.707714080810547 -9.496332168579102 -10.378851890563965 -10.923160552978516 -11.229663848876953 -11.282509803771973 -10.997143745422363 -9.982510566711426 -9.559746742248535 -9.860965728759766 -9.728852272033691 -9.64958381652832 -9.6337308883667 -9.776412963867188 -9.681291580200195 -9.966657638549805 -9.961372375488281 -10.199176788330078 -10.500396728515625 -10.489827156066895 -10.389421463012695 -11.203241348266602 -12.001208305358887 -13.591856956481934 -14.796733856201172 -16.265838623046875 -17.042667388916016 -17.618682861328125 -18.69144630432129 -19.727216720581055 -22.274368286132812 -23.405261993408203 -24.303634643554688 -25.159732818603516 -26.602413177490234 -27.474363327026367 -30.02680015563965 -31.71257209777832 -33.48817825317383 -35.25850296020508 -37.54142761230469 -38.92597961425781 -40.52191162109375 -41.79020309448242 -43.454837799072266 -44.91865539550781 -46.37718963623047 -47.77759552001953 -48.62312316894531 -49.94425964355469 -51.529624938964844 -52.48612976074219 -53.80198287963867 -56.51823806762695 -58.90685272216797 -59.493438720703125 -60.465797424316406 -62.970672607421875 -64.09099578857422 -65.42798614501953 -66.75968933105469 -67.88529968261719 -69.5340805053711 -70.68082427978516 -71.36253356933594 -72.84748840332031 -74.51212310791016 -76.3035888671875 -78.02635192871094 -79.95520782470703 -81.08610534667969 -83.3531723022461 -84.61618041992188 -85.8950424194336 -87.83447265625 -89.40926361083984 -91.07917785644531 -91.81373596191406 -92.86007690429688 -94.00682067871094 -94.29218292236328 -94.44015502929688 -94.24990844726562 -94.03852844238281 