LTE(1) or 5G(2)
2 2 2 2 2 2 2 2 2 2 2 2 2 2 2 2 2 2 2 2 2 2 2 2 2 2 2 2 2 2 2 2 2 2 2 2 2 2 2 2 2 1 1 2 2 2 2 2 2 2 2 2 2 2 2 2 2 2 2 2 2 2 2 2 2 2 2 2 2 2 2 2 2 2 2 2 2 2 2 2 2 2 2 2 2 2 2 2 2 2 2 2 2 2 2 2 2 1 1 2 2 2 2 2 1 1 2 2 2 2 2 1 1 1 1 2 2 2 2 2 2 2 2 2 2 2 2 2 2 2 2 2 2 2 2 2 2 2 2 2 2 2 2 2 2 2 2 2 2 2 2 2 2 2 2 2 2 2 2 2 2 2 2 2 2 2 2 2 2 2 2 2 2 2 2 2 2 1 1 2 2 2 2 2 2 2 2 2 2 2 2 2 2 2 2 2 2 2 2 2 2 2 2 2 2 2 1 1 1 1 1 1 2 2 2 2 2 2 2 2 2 2 2 2 2 2 2 2 2 2 2 2 2 2 2 2 2 2 2 2 2 2 2 2 2 2 2 2 2 2 2 2 2 2 2 2 2 2 2 2 2 1 1 1 2 2 2 2 2 2 2 2 2 2 2 2 2 2 2 2 2 2 2 2 2 2 2 2 2 2 2 2 2 2 2 2 2 2 2 2 2 2 2 
SNR of LTE
5 5 5 5 5 5 4 4 4 2 2 2 2 2 2 2 1 1 1 1 1 1 0 0 0 0 0 0 0 0 0 0 0 0 0 0 -1 -1 -1 -1 -1 -1 -1 -1 -1 -1 -1 -1 -1 -1 -1 -2 -2 -2 -2 -2 -2 -2 -2 -3 -3 -4 -4 -4 -4 -4 -4 -4 -4 -4 -5 -5 -5 -5 -5 -4 -4 -4 -4 -4 -4 -3 -3 -2 -2 -2 -2 -1 -1 -1 -1 -1 -1 0 0 0 0 0 0 -1 -1 -1 -1 -1 -1 -1 -1 -1 -1 -1 -1 -1 -1 -1 -1 -1 -1 -2 -2 -2 -2 -2 -2 -1 -1 -1 -1 -1 -1 -2 -2 -2 -2 -2 -2 -2 -2 -2 -2 -2 -2 -2 -2 -1 -1 -1 -1 -1 -1 -1 -1 0 0 0 0 1 1 1 1 3 3 3 3 3 2 2 2 2 2 2 2 2 2 2 2 2 2 0 0 0 0 0 0 -1 -1 -1 -1 -1 -1 -3 -4 -4 -4 -4 -4 -4 -4 -4 -4 -4 -4 -4 -4 -4 -6 -6 -6 -6 -6 -6 -6 -6 -6 -6 -6 -6 -6 -6 -6 -6 -6 -6 -6 -6 -5 -5 -5 -5 -4 -4 -4 -4 -5 -5 -5 -5 -5 -5 -5 -5 -5 -5 -5 -5 -5 -5 -4 -4 -3 -3 -3 -3 -3 -3 -3 -3 -2 -2 -2 -2 -2 -1 -1 -1 -1 -1 -1 -1 -1 -1 -1 -1 -1 -1 -1 -1 0 0 0 0 0 0 0 0 0 0 0 0 0 0 0 0 0 0 0 0 0 0 0 0 0 0 0 
SNR of 5G
9 9 6 6 6 6 6 6 6 7 7 7 7 7 3 3 1 1 0 0 0 0 1 1 2 2 3 3 2 2 3 3 1 1 1 1 1 1 1 1 1 0 0 1 1 1 1 3 3 1 1 0 0 1 1 3 3 3 3 1 1 3 3 3 3 5 5 5 5 5 5 4 4 2 2 0 0 -2 -2 -3 -3 -3 -3 -1 -1 -3 -3 -4 -4 -4 -4 1 1 -1 -1 -2 -2 0 0 0 0 0 0 -2 0 0 0 0 -5 -5 -6 0 0 0 0 0 0 0 0 0 0 0 0 -1 -1 -3 -3 -3 -3 -1 -1 0 0 2 2 5 5 5 5 5 5 5 5 7 7 7 7 7 7 7 7 -2 -1 5 5 5 5 5 5 3 3 2 0 3 3 2 2 0 0 -3 -3 -3 -3 -4 -4 -3 -3 0 0 0 0 -4 -4 2 2 3 3 3 3 2 2 3 3 2 2 2 2 0 0 -1 -1 -2 -2 -3 -3 -4 0 0 0 0 0 0 -4 -4 1 1 1 1 1 1 1 1 2 2 0 0 0 0 -1 -1 1 1 3 3 6 6 6 6 6 6 6 6 6 6 6 6 5 5 5 5 5 5 5 5 2 2 0 0 0 0 -2 0 0 0 2 2 3 3 3 3 1 1 1 1 -1 -1 2 2 4 4 4 4 3 3 3 3 3 3 4 4 4 4 8 8 3 3 0 0 7 7 7 7 8 
RSSI
-51 -51 -51 -51 -51 -51 -51 -51 -51 -51 -51 -51 -51 -51 -51 -51 -51 -51 -51 -51 -51 -51 -51 -51 -51 -51 -51 -51 -51 -51 -51 -51 -51 -51 -51 -51 -51 -51 -51 -51 -51 -51 -51 -51 -51 -51 -51 -51 -51 -51 -51 -51 -51 -51 -51 -51 -51 -51 -51 -51 -51 -51 -51 -51 -51 -51 -51 -51 -51 -51 -51 -51 -51 -51 -51 -51 -51 -51 -51 -51 -51 -51 -51 -51 -51 -51 -51 -51 -51 -51 -51 -51 -51 -51 -51 -51 -51 -51 -51 -51 -51 -51 -51 -51 -51 -51 -53 -53 -53 -53 -51 -51 -51 -51 -51 -51 -51 -51 -51 -51 -51 -51 -51 -51 -51 -51 -51 -51 -51 -51 -51 -51 -51 -51 -51 -51 -51 -51 -51 -51 -51 -51 -51 -51 -51 -51 -51 -51 -51 -51 -51 -51 -51 -51 -51 -51 -51 -51 -51 -51 -51 -51 -51 -51 -51 -51 -51 -51 -51 -51 -51 -51 -51 -51 -51 -51 -51 -51 -51 -51 -51 -51 -51 -51 -51 -51 -51 -51 -51 -51 -51 -51 -51 -51 -51 -51 -51 -51 -51 -51 -51 -51 -51 -51 -51 -51 -51 -51 -51 -51 -51 -51 -51 -51 -51 -51 -51 -51 -51 -51 -51 -51 -51 -51 -51 -51 -51 -51 -51 -51 -51 -51 -51 -51 -51 -51 -51 -51 -51 -51 -51 -51 -51 -51 -51 -51 -51 -51 -51 -51 -51 -51 -51 -51 -51 -51 -51 -51 -51 -51 -51 -51 -51 -51 -51 -51 -51 -51 -51 -51 -51 -51 -51 -51 -51 -51 -51 -51 -51 -51 -51 -51 -51 -51 -51 -51 -51 -51 -51 -51 -51 -51 -51 -51 -51 -51 -51 -51 -51 -51 -51 -51 -51 
RSRP
-76 -76 -76 -76 -76 -76 -76 -76 -76 -75 -75 -75 -75 -75 -75 -75 -75 -75 -75 -75 -75 -75 -75 -75 -75 -75 -75 -75 -75 -75 -75 -75 -75 -75 -75 -75 -76 -76 -76 -76 -76 -76 -76 -76 -76 -76 -76 -76 -76 -76 -76 -76 -76 -76 -76 -76 -76 -76 -76 -76 -76 -76 -76 -76 -76 -77 -77 -77 -77 -77 -76 -76 -76 -76 -76 -76 -76 -76 -76 -76 -76 -75 -75 -74 -74 -74 -74 -74 -74 -73 -73 -73 -73 -73 -73 -73 -73 -73 -73 -73 -73 -73 -73 -73 -73 -73 -73 -73 -73 -73 -73 -74 -74 -74 -74 -74 -74 -74 -74 -74 -74 -74 -74 -74 -74 -74 -74 -74 -74 -74 -74 -74 -74 -74 -74 -74 -74 -74 -74 -74 -74 -74 -74 -72 -72 -72 -72 -72 -72 -72 -72 -71 -71 -71 -71 -70 -70 -70 -70 -68 -68 -68 -68 -68 -68 -68 -68 -68 -68 -68 -68 -68 -68 -68 -68 -68 -68 -69 -69 -69 -69 -70 -70 -71 -71 -71 -71 -71 -71 -74 -75 -75 -75 -75 -75 -75 -75 -75 -75 -76 -76 -77 -77 -77 -77 -77 -77 -77 -77 -78 -78 -78 -78 -78 -79 -79 -79 -79 -81 -81 -81 -81 -81 -81 -80 -80 -80 -80 -80 -80 -81 -81 -81 -81 -81 -80 -80 -80 -80 -80 -80 -80 -80 -80 -80 -80 -79 -79 -79 -79 -79 -79 -79 -79 -78 -78 -78 -78 -78 -78 -78 -77 -77 -77 -77 -77 -77 -77 -77 -77 -77 -77 -76 -76 -76 -76 -76 -76 -75 -75 -75 -75 -75 -75 -75 -75 -75 -75 -75 -75 -74 -74 -74 -74 -74 -74 -74 -75 -75 -75 -75 -75 -75 
CID
13792258 13792258 13792258 13792258 13792258 13792258 13792258 13792258 13792258 13792258 13792258 13792258 13792258 13792258 13792258 13792258 13792258 13792258 13792258 13792258 13792258 13792258 13792258 13792258 13792258 13792258 13792258 13792258 13792258 13792258 13792258 13792258 13792258 13792258 13792258 13792258 13792258 13792258 13792258 13792258 13792258 13792258 13792258 13792258 13792258 13792258 13792258 13792258 13792258 13792258 13792258 13792258 13792258 13792258 13792513 13792513 13792513 13792513 13792513 13792513 13792513 13792513 13792513 13792513 13792513 13792513 13792513 13792513 13792513 13792513 13792513 13792513 13792513 13792513 13792513 13792513 13792513 13792513 13792513 13792513 13792513 13792513 13792513 13792513 13792513 13792513 13792513 13792513 13792513 13792513 13792513 13792513 13792513 13792513 13792513 13792513 13792513 13792258 13792258 13792258 13792258 13792258 13792258 13792258 13792258 13792258 13769739 13769739 13769739 13769739 13769739 13769739 13769739 13769739 13769739 13769739 13769739 13769739 13769739 13769739 13769739 13769739 13769739 13769739 13769739 13769739 13769739 13769739 13769739 13769739 13769739 13769739 13769739 13769739 13769739 13769739 13769739 13769739 13769739 13769739 13769739 13769739 13769739 13769739 13769739 13769739 13769739 13769739 13769739 13769739 13769739 13769739 13769739 13769739 13769739 13769739 13769739 13769739 13769739 13769739 13769739 13769739 13769739 13769739 13769739 13769739 13769739 13769739 13769739 13769739 13769739 13769739 13769739 13769739 13769739 13769739 13769739 13769739 13769739 13769739 13769739 13769739 13769739 13769739 13769739 13769739 13769739 13769739 13769739 13769739 13769739 13769739 13769739 13769739 13769739 13769739 13769739 13769739 13769739 13769739 13769739 13769739 13769739 13769739 13769739 13769739 13769739 13769739 13769739 13754890 13754890 13754890 13754890 13754890 13792522 13792522 13792522 13792522 13792522 13792522 13769739 13769739 13792257 13792258 13792258 13792258 13792258 13792258 13792258 13792258 13792258 13792258 13792258 13792258 13792258 13792258 13792258 13792258 13792258 13792258 13792258 13792258 13792258 13792258 13792258 13792258 13792258 13792258 13792258 13792258 13792258 13792258 13792258 13792258 13792258 13792258 13792258 13792258 13792258 13792258 13792258 13792258 13792258 13792258 13792258 13792258 13792258 13792258 13792258 13792258 13792258 13792258 13792258 13792258 13792258 13792258 13792258 13792258 13792258 13792258 13792258 13792258 13792258 13792258 13792258 13792258 13792258 13792258 13792258 13792258 13792258 13792258 13792258 13792258 13792258 13792258 13792258 13792258 13792258 13792258 13792258 13792258 13792258 
RSRP of 5G
-84 -84 -87 -87 -87 -87 -85 -76 -76 -78 -78 -78 -78 -78 -83 -83 -85 -85 -85 -85 -82 -82 -88 -88 -95 -95 -83 -83 -87 -87 -82 -82 -83 -83 -83 -83 -105 -105 -83 -83 -91 -91 -91 -83 -83 -83 -83 -86 -86 -99 -99 -88 -88 -85 -85 -85 -85 -85 -85 -83 -83 -85 -85 -85 -85 -83 -83 -83 -83 -83 -83 -91 -91 -88 -88 -81 -81 -85 -85 -86 -86 -93 -84 -86 -86 -88 -88 -81 -81 -85 -85 -84 -84 -83 -83 -101 -101 -101 -101 -84 -84 -83 -83 -125 -125 -125 -115 -115 -132 -132 2147483647 2147483647 2147483647 2147483647 2147483647 -88 -88 -95 -95 -94 -94 -86 -86 -87 -87 -91 -91 -102 -83 -96 -81 -82 -82 -85 -85 -78 -78 -78 -78 -86 -86 -86 -86 -79 -79 -79 -79 -81 -81 -81 -81 -92 -79 -76 -76 -84 -84 -84 -84 -80 -80 -89 -78 -79 -79 -80 -80 -82 -82 -83 -83 -83 -83 -97 -97 -89 -89 -89 -89 -80 -80 -98 -80 -79 -79 -78 -78 -78 -78 -77 -77 -77 -77 -77 -77 -78 -78 -78 -78 -82 -82 -93 -93 -97 -97 -101 -101 -101 -101 -101 -101 -101 -83 -83 -85 -85 -85 -85 -83 -83 -82 -82 -83 -83 -82 -82 -82 -82 -83 -83 -82 -82 -78 -78 -74 -74 -74 -74 -74 -74 -74 -74 -74 -74 -74 -74 -75 -75 -76 -76 -76 -76 -76 -76 -77 -77 -82 -82 -80 -80 -87 -87 -87 -87 -88 -88 -83 -83 -91 -91 -85 -85 -86 -86 -84 -84 -88 -88 -83 -83 -83 -83 -88 -88 -88 -88 -89 -89 -81 -81 -81 -81 -76 -76 -83 -83 -90 -82 -85 -85 -87 -87 -85 
CQI
2147483647 2147483647 2147483647 2147483647 2147483647 2147483647 2147483647 2147483647 2147483647 2147483647 2147483647 2147483647 2147483647 2147483647 2147483647 2147483647 2147483647 2147483647 2147483647 2147483647 2147483647 2147483647 2147483647 2147483647 2147483647 2147483647 2147483647 2147483647 2147483647 2147483647 2147483647 2147483647 2147483647 2147483647 2147483647 2147483647 2147483647 2147483647 2147483647 2147483647 2147483647 2147483647 2147483647 2147483647 2147483647 2147483647 2147483647 2147483647 2147483647 2147483647 2147483647 2147483647 2147483647 2147483647 2147483647 2147483647 2147483647 2147483647 2147483647 2147483647 2147483647 2147483647 2147483647 2147483647 2147483647 2147483647 2147483647 2147483647 2147483647 2147483647 2147483647 2147483647 2147483647 2147483647 2147483647 2147483647 2147483647 2147483647 2147483647 2147483647 2147483647 2147483647 2147483647 2147483647 2147483647 2147483647 2147483647 2147483647 2147483647 2147483647 2147483647 2147483647 2147483647 2147483647 2147483647 2147483647 2147483647 2147483647 2147483647 2147483647 2147483647 2147483647 2147483647 2147483647 2147483647 2147483647 2147483647 2147483647 2147483647 2147483647 2147483647 2147483647 2147483647 2147483647 2147483647 2147483647 2147483647 2147483647 2147483647 2147483647 2147483647 2147483647 2147483647 2147483647 2147483647 2147483647 2147483647 2147483647 2147483647 2147483647 2147483647 2147483647 2147483647 2147483647 2147483647 2147483647 2147483647 2147483647 2147483647 2147483647 2147483647 2147483647 2147483647 2147483647 2147483647 2147483647 2147483647 2147483647 2147483647 2147483647 2147483647 2147483647 2147483647 2147483647 2147483647 2147483647 2147483647 2147483647 2147483647 2147483647 2147483647 2147483647 2147483647 2147483647 2147483647 2147483647 2147483647 2147483647 2147483647 2147483647 2147483647 2147483647 2147483647 2147483647 2147483647 2147483647 2147483647 2147483647 2147483647 2147483647 2147483647 2147483647 2147483647 2147483647 2147483647 2147483647 2147483647 2147483647 2147483647 2147483647 2147483647 2147483647 2147483647 2147483647 2147483647 2147483647 2147483647 2147483647 2147483647 2147483647 2147483647 2147483647 2147483647 2147483647 2147483647 2147483647 2147483647 2147483647 2147483647 2147483647 2147483647 2147483647 2147483647 2147483647 2147483647 2147483647 2147483647 2147483647 2147483647 2147483647 2147483647 2147483647 2147483647 2147483647 2147483647 2147483647 2147483647 2147483647 2147483647 2147483647 2147483647 2147483647 2147483647 2147483647 2147483647 2147483647 2147483647 2147483647 2147483647 2147483647 2147483647 2147483647 2147483647 2147483647 2147483647 2147483647 2147483647 2147483647 2147483647 2147483647 2147483647 2147483647 2147483647 2147483647 2147483647 2147483647 2147483647 2147483647 2147483647 2147483647 2147483647 2147483647 2147483647 2147483647 2147483647 2147483647 2147483647 2147483647 2147483647 2147483647 2147483647 2147483647 2147483647 2147483647 2147483647 2147483647 2147483647 2147483647 2147483647 2147483647 2147483647 2147483647 2147483647 2147483647 2147483647 2147483647 2147483647 2147483647 2147483647 2147483647 2147483647 2147483647 2147483647 2147483647 2147483647 2147483647 2147483647 2147483647 2147483647 2147483647 2147483647 2147483647 2147483647 
Altitude
-62.685306549072266 -61.96660614013672 -61.07880401611328 -60.40766525268555 -59.7629508972168 -58.7641716003418 -57.51701736450195 -56.02677536010742 -53.90238952636719 -51.730438232421875 -49.864994049072266 -47.58735275268555 -45.600364685058594 -43.27516174316406 -41.07150650024414 -39.28532791137695 -37.139801025390625 -35.068260192871094 -33.017852783203125 -31.015010833740234 -28.996313095092773 -26.930055618286133 -24.805667877197266 -22.760547637939453 -20.884532928466797 -19.00323486328125 -17.512990951538086 -16.212993621826172 -15.087384223937988 -14.241856575012207 -13.449173927307129 -12.772751808166504 -12.265435218811035 -11.647143363952637 -11.16624927520752 -10.71177864074707 -10.426412582397461 -10.05649471282959 -9.897957801818848 -9.596738815307617 -9.332511901855469 -9.27966594696045 -9.16869068145752 -9.089422225952148 -8.788203239440918 -8.941454887390137 -8.444707870483398 -8.132919311523438 -6.632107734680176 -4.52357292175293 -3.255281448364258 -2.991054058074951 -1.4532506465911865 0.6420725584030151 2.4044692516326904 4.185361862182617 6.172351837158203 8.183122634887695 10.283729553222656 12.46096420288086 14.215433120727539 16.313398361206055 18.2686824798584 20.45912742614746 22.43026351928711 24.264001846313477 26.388389587402344 28.206274032592773 30.50505256652832 32.48147201538086 34.32049560546875 36.476593017578125 38.352603912353516 40.38979721069336 41.66865921020508 42.79690933227539 45.13003921508789 46.58064651489258 47.11967086791992 48.13166046142578 48.887351989746094 49.3576774597168 49.6721076965332 50.023529052734375 50.578407287597656 50.55990982055664 50.869056701660156 51.13064193725586 51.12271499633789 51.32881164550781 51.42921829223633 51.725154876708984 51.590396881103516 51.593040466308594 51.71986770629883 51.17820358276367 50.34588623046875 47.8832893371582 45.8170280456543 44.125972747802734 43.72698974609375 42.178619384765625 39.95646667480469 39.69752502441406 38.001182556152344 36.22293472290039 35.78431701660156 34.17252731323242 33.290008544921875 31.384929656982422 30.209117889404297 28.6739559173584 27.070096969604492 25.442455291748047 24.771318435668945 23.080263137817383 21.3178653717041 20.538394927978516 15.063603401184082 16.313398361206055 13.404255867004395 12.445110321044922 15.127017974853516 10.238811492919922 7.805276870727539 7.411578178405762 6.394302845001221 5.305685997009277 3.6278419494628906 2.7928833961486816 0.9300804138183594 0.05813002586364746 -1.389836072921753 -3.4402406215667725 -5.52235221862793 -6.029668807983398 -5.939831733703613 -5.770726203918457 -6.145929336547852 -6.558123588562012 -6.917472839355469 -7.255683898925781 -8.090642929077148 -8.587389945983887 -8.708934783935547 -9.020723342895508 -8.973161697387695 -9.026007652282715 -8.740642547607422 -9.078853607177734 -9.269096374511719 -9.200397491455078 -8.999585151672363 -8.888608932495117 -6.896334648132324 -4.4020280838012695 -4.111378192901611 -3.7520289421081543 -1.8495917320251465 -0.17967462539672852 1.4215433597564697 3.7625980377197266 6.040238380432129 8.02987003326416 10.082917213439941 12.172955513000488 14.141449928283691 15.742668151855469 17.59490203857422 19.951810836791992 22.36156463623047 24.314205169677734 26.081886291503906 28.02131462097168 30.037368774414062 32.33879089355469 34.624359130859375 36.045902252197266 38.76215744018555 39.75300979614258 39.99610137939453 42.101993560791016 43.94101333618164 44.78654098510742 45.79324722290039 46.535728454589844 47.035118103027344 47.167232513427734 47.50544357299805 48.04975128173828 48.19771957397461 48.08409881591797 48.54121398925781 48.95869445800781 49.164791107177734 49.08552169799805 49.016822814941406 49.86235046386719 49.27576446533203 49.48979187011719 50.76865005493164 50.52556228637695 48.26905822753906 47.18836975097656 45.41804504394531 43.71906280517578 42.316017150878906 41.56296920776367 40.07801055908203 37.87435531616211 37.044681549072266 35.45403289794922 34.53980255126953 32.56074142456055 32.291229248046875 29.95017433166504 27.508712768554688 25.651195526123047 24.28249740600586 23.60079002380371 21.698352813720703 20.311159133911133 18.464210510253906 17.845918655395508 16.29754638671875 15.684537887573242 13.676409721374512 11.633932113647461 10.574379920959473 8.690439224243164 7.371944427490234 6.093083381652832 5.3717427253723145 3.5934925079345703 2.5445098876953125 0.15853643417358398 -1.632925271987915 -2.9223549365997314 -3.1548750400543213 -3.693898916244507 -4.021540641784668 -4.682109355926514 -5.480075836181641 -5.680889129638672 -6.632107734680176 -7.514626979827881 -8.391861915588379 -8.587389945983887 -8.878040313720703 -9.374788284301758 -9.491047859191895 -8.677227020263672 -8.719503402709961 -8.645520210266113 -8.592674255371094 -8.846332550048828 -8.978446960449219 -9.147552490234375 -9.062999725341797 -9.12641429901123 -10.35771369934082 -11.900801658630371 -13.570718765258789 -14.025190353393555 -14.352831840515137 -16.746732711791992 -18.665023803710938 -19.669086456298828 -20.657297134399414 -21.587377548217773 -22.839815139770508 -25.783308029174805 -25.365829467773438 -27.035747528076172 -29.286964416503906 -31.147125244140625 -33.139400482177734 -34.73533248901367 -35.33248519897461 -36.495086669921875 -38.339393615722656 -39.692237854003906 -40.484920501708984 -42.191829681396484 -44.33735656738281 -46.535728454589844 -48.184505462646484 -49.727596282958984 -51.1702766418457 -51.312957763671875 -54.41498947143555 -55.561737060546875 -55.783687591552734 -58.02962112426758 -60.89384460449219 -61.755226135253906 -61.8661994934082 -63.287742614746094 -63.56782531738281 -63.2296142578125 -63.620670318603516 -63.80562973022461 -63.974735260009766 