LTE(1) or 5G(2)
2 2 2 2 2 2 2 2 2 2 2 2 2 2 2 2 2 2 2 2 2 2 2 2 2 2 2 2 2 2 2 2 2 2 2 2 2 2 2 2 2 2 2 2 2 2 2 2 2 2 2 2 2 2 2 2 2 2 2 2 2 2 2 2 2 2 2 2 2 2 2 2 2 2 2 2 2 2 2 2 2 2 2 2 2 2 2 2 2 2 2 2 2 2 2 2 2 2 2 2 2 2 2 2 2 2 2 2 2 2 2 2 2 2 2 2 2 2 2 2 2 2 2 2 2 2 2 2 2 2 2 2 2 2 2 2 2 2 2 2 2 2 2 2 2 2 2 2 2 2 2 2 2 2 2 2 1 1 2 2 2 2 2 2 2 2 2 2 2 2 2 2 2 2 2 2 2 1 1 2 1 1 1 2 2 2 2 2 2 2 2 2 2 2 2 2 2 2 2 2 2 2 2 2 2 2 2 2 2 2 2 2 2 2 2 2 2 2 2 2 2 2 2 2 2 2 2 2 2 2 2 2 2 2 2 2 2 2 2 2 2 2 2 2 2 2 2 1 1 1 1 1 2 2 2 2 2 2 2 2 2 2 2 2 2 2 2 2 2 2 2 2 2 2 2 2 2 2 2 2 2 2 2 2 2 2 2 2 1 1 1 1 1 1 1 1 1 2 2 2 2 2 2 2 2 2 2 2 2 2 2 2 2 2 2 2 2 2 2 2 2 2 2 2 2 2 2 2 2 2 2 2 2 2 2 2 2 2 2 2 2 2 2 2 2 2 2 2 2 2 2 2 2 2 2 2 2 2 2 2 2 2 2 2 2 2 2 2 2 2 2 2 2 2 2 2 
SNR of LTE
2 1 1 1 1 1 1 0 0 0 0 0 0 0 0 0 0 0 0 0 0 0 0 0 0 0 0 0 0 0 0 0 0 0 0 0 0 0 0 0 -1 -1 -1 -1 -1 -1 -1 -1 -1 -1 -1 -1 -1 -1 -1 -1 -1 -1 -1 -1 -1 -1 -1 -1 -1 -1 -1 -1 -1 -1 -1 -1 -1 -1 -4 -4 -4 -4 -4 -4 -4 -4 -4 -4 -4 -4 -4 -4 -4 -4 -4 -4 -4 -5 -5 -5 -5 -5 -5 -4 -4 -4 -4 -3 -3 -3 -3 -3 -3 -3 -2 -2 -2 -2 -2 -2 -2 -2 0 0 0 0 0 0 0 0 1 1 1 1 1 1 1 1 1 1 0 0 1 1 1 1 1 1 1 1 0 0 0 0 0 0 0 0 0 0 -1 -1 -1 -1 -1 -2 -2 -2 -3 -3 -3 -3 -3 -3 -3 -3 -3 -4 -4 -4 -4 -4 -4 -4 -4 -4 -3 -3 -3 -3 -3 -2 -2 -2 -2 -2 -2 -1 -1 -1 -1 -1 -1 0 0 0 0 0 0 1 1 1 1 1 1 1 1 1 1 1 1 2 2 2 2 2 2 1 1 1 1 1 1 1 1 0 0 0 0 0 0 0 0 0 0 0 0 -1 -1 -2 -2 -3 -4 -4 -4 -3 -3 -3 -2 -2 -2 0 0 0 0 0 0 0 0 0 0 0 0 0 0 0 0 0 0 0 -1 -1 -1 -1 -2 -2 -2 -2 -2 -2 -2 -2 -3 -3 -3 -3 -3 -5 -5 -5 -6 -6 -6 -6 -6 -6 -6 -6 -6 -6 -6 -6 -6 -6 -6 -5 -5 -5 -5 -4 -4 -4 -4 -4 -4 -3 -3 -3 -3 -2 -2 -2 -2 -3 -3 -3 -3 -3 -3 -3 -3 -3 -3 -3 -3 -3 -3 -3 -3 -3 -3 -2 -2 -2 -2 -2 -2 -1 -1 -1 -1 0 0 0 0 0 0 0 0 2 2 2 2 2 2 2 2 2 1 1 
SNR of 5G
11 10 10 8 8 8 8 5 5 5 5 5 5 5 5 8 8 8 8 8 2 2 2 0 0 0 -1 6 6 6 6 6 6 6 6 5 5 4 4 4 3 0 0 0 0 1 1 -1 -3 5 5 5 5 5 5 5 5 5 5 5 5 5 5 5 5 5 5 5 5 5 5 5 5 5 5 5 5 2 2 0 0 0 0 0 0 0 0 0 0 -3 -3 6 6 6 6 6 6 6 6 7 7 8 8 8 8 7 7 7 7 7 4 4 4 4 4 4 4 4 4 3 3 3 2 2 2 2 2 2 2 2 -1 -1 0 0 2 2 4 4 -1 -1 -2 -2 -2 -2 -2 -2 -2 -2 -3 -3 -1 -1 -2 -2 -2 -2 0 0 -1 -1 0 0 3 3 3 3 4 4 4 4 4 4 1 1 -1 -1 -1 0 0 -3 0 0 0 -2 -2 -3 -3 -2 -2 0 0 1 1 1 1 0 0 0 0 0 -1 2 2 0 0 2 2 3 3 3 3 3 3 3 3 1 1 -1 -1 0 0 0 0 0 0 1 1 0 0 1 1 1 1 1 1 2 2 2 2 3 3 3 3 -2 -2 -6 -6 0 0 0 0 0 2 2 2 2 3 3 3 3 3 3 3 3 3 3 3 3 3 3 3 3 2 2 1 1 1 1 1 1 2 2 2 2 -1 -5 4 4 0 0 0 0 0 0 0 0 0 -1 -1 4 4 4 4 4 4 4 4 4 4 4 4 4 4 4 4 2 2 2 2 1 1 2 2 3 3 3 3 3 3 5 5 4 4 4 4 4 4 4 4 -1 -1 1 1 3 3 2 2 1 1 2 2 2 2 6 6 6 6 8 8 8 8 9 9 9 9 8 8 4 4 2 2 3 3 2 2 12 
RSSI
-51 -51 -51 -51 -51 -51 -51 -51 -51 -51 -51 -51 -51 -51 -51 -51 -51 -51 -51 -51 -51 -51 -51 -51 -51 -51 -51 -51 -51 -51 -51 -51 -51 -51 -51 -51 -51 -51 -51 -51 -51 -51 -51 -51 -51 -51 -51 -51 -51 -51 -51 -51 -51 -51 -51 -51 -51 -51 -51 -51 -51 -51 -51 -51 -51 -51 -51 -51 -51 -51 -51 -51 -51 -51 -51 -51 -51 -51 -51 -51 -51 -51 -51 -51 -51 -51 -51 -51 -51 -51 -51 -51 -51 -51 -51 -51 -51 -51 -51 -51 -51 -51 -51 -51 -51 -51 -51 -51 -51 -51 -51 -51 -51 -51 -51 -51 -51 -51 -51 -51 -51 -51 -51 -51 -51 -51 -51 -51 -51 -51 -51 -51 -51 -51 -51 -51 -51 -51 -51 -51 -51 -51 -51 -51 -51 -51 -51 -51 -51 -51 -51 -51 -51 -51 -51 -51 -51 -51 -51 -51 -51 -51 -51 -51 -51 -51 -51 -51 -51 -51 -51 -51 -51 -51 -51 -51 -51 -51 -51 -51 -51 -51 -51 -51 -51 -51 -51 -51 -51 -51 -51 -51 -51 -51 -51 -51 -51 -51 -51 -51 -51 -51 -51 -51 -51 -51 -51 -51 -51 -51 -51 -51 -51 -51 -51 -51 -51 -51 -51 -51 -51 -51 -51 -51 -51 -51 -51 -51 -51 -51 -51 -51 -51 -51 -51 -51 -51 -51 -51 -51 -51 -51 -51 -51 -51 -51 -51 -51 -51 -51 -51 -51 -51 -51 -51 -51 -51 -51 -51 -51 -51 -51 -51 -51 -51 -51 -51 -51 -51 -51 -51 -51 -51 -51 -51 -51 -51 -51 -51 -51 -51 -51 -51 -51 -51 -51 -51 -51 -51 -51 -51 -51 -51 -51 -51 -51 -51 -51 -51 -51 -51 -51 -51 -51 -51 -51 -51 -51 -51 -51 -51 -51 -51 -51 -51 -51 -51 -51 -51 -51 -51 -51 -51 -51 -51 -51 -51 -51 -51 -51 -51 -51 -51 -51 -51 -51 -51 -51 -51 -51 -51 -51 -51 -51 -51 -51 -51 -51 -51 -51 -51 -51 -51 -51 -51 -51 -51 -51 -51 -51 -51 -51 -51 -51 -51 -51 -51 -51 -51 -51 -51 -51 -51 -51 -51 -51 
RSRP
-79 -78 -78 -78 -78 -78 -78 -78 -78 -78 -78 -78 -78 -78 -78 -77 -77 -77 -77 -77 -76 -76 -76 -76 -76 -76 -76 -76 -76 -76 -76 -76 -76 -76 -76 -76 -76 -76 -76 -76 -77 -77 -77 -77 -77 -77 -77 -77 -78 -78 -78 -78 -78 -78 -78 -78 -78 -78 -78 -78 -78 -78 -78 -78 -78 -78 -78 -78 -78 -78 -78 -78 -78 -78 -79 -79 -79 -79 -79 -79 -79 -79 -79 -79 -79 -79 -79 -79 -79 -79 -79 -79 -79 -79 -79 -79 -79 -79 -79 -80 -79 -79 -79 -79 -79 -78 -78 -78 -78 -78 -76 -76 -76 -76 -76 -76 -76 -76 -74 -74 -74 -74 -74 -74 -74 -74 -74 -74 -73 -73 -73 -73 -73 -73 -73 -73 -73 -73 -73 -73 -73 -73 -73 -73 -73 -73 -73 -73 -73 -73 -73 -73 -73 -73 -73 -73 -74 -74 -74 -74 -74 -75 -75 -75 -76 -76 -76 -76 -76 -76 -76 -76 -77 -77 -77 -77 -77 -77 -77 -76 -76 -76 -75 -75 -75 -75 -75 -76 -76 -76 -76 -75 -75 -75 -74 -74 -74 -74 -74 -72 -72 -72 -72 -72 -72 -70 -70 -70 -70 -70 -70 -70 -70 -70 -70 -71 -71 -72 -72 -72 -72 -72 -72 -74 -74 -74 -74 -75 -75 -75 -75 -76 -76 -76 -76 -78 -78 -78 -78 -78 -78 -78 -78 -77 -77 -76 -76 -77 -77 -77 -76 -73 -73 -73 -71 -71 -71 -69 -69 -69 -69 -69 -69 -69 -69 -69 -69 -69 -69 -69 -69 -69 -70 -70 -70 -71 -71 -71 -71 -71 -73 -73 -73 -73 -74 -74 -74 -74 -74 -74 -74 -74 -74 -77 -77 -77 -78 -78 -79 -79 -79 -79 -79 -79 -79 -79 -79 -79 -79 -80 -80 -79 -79 -79 -79 -79 -79 -79 -79 -79 -79 -79 -79 -79 -79 -79 -79 -79 -79 -79 -79 -79 -79 -79 -79 -79 -79 -79 -79 -79 -79 -78 -78 -78 -78 -78 -78 -77 -77 -77 -77 -77 -77 -76 -76 -76 -76 -76 -76 -75 -75 -75 -75 -75 -75 -75 -75 -75 -75 -75 -75 -76 -76 -76 -76 -76 
CID
13792258 13792258 13792258 13792258 13792258 13792258 13792258 13792258 13792258 13792258 13792258 13792258 13792258 13792258 13792258 13792258 13792258 13792258 13792258 13792258 13792258 13792258 13792258 13792258 13792258 13792258 13792258 13792258 13792258 13792258 13792258 13792258 13792258 13792258 13792258 13792258 13792258 13792258 13792258 13792258 13769739 13769739 13769739 13769739 13769739 13769739 13769739 13769739 13769739 13769739 13769739 13769739 13769739 13769739 13769739 13769739 13769739 13769739 13769739 13769739 13769739 13769739 13769739 13769739 13769739 13769739 13769739 13769739 13769739 13769739 13769739 13769739 13769739 13769739 13769739 13769739 13769739 13769739 13769739 13769739 13769739 13769739 13769739 13769739 13769739 13769739 13769739 13769739 13769739 13769739 13769739 13769739 13769739 13769739 13769739 13769739 13769739 13769739 13769739 13769739 13769739 13769739 13769739 13769739 13769739 13769739 13769739 13769739 13769739 13769739 13769739 13769739 13769739 13769739 13769739 13769739 13769739 13769739 13769739 13769739 13769739 13769739 13769739 13769739 13769739 13769739 13769739 13769739 13769739 13769739 13769739 13769739 13769739 13769739 13769739 13769739 13769739 13769739 13769739 13769739 13769739 13769739 13769739 13769739 13769739 13769739 13769739 13769739 13769739 13769739 13769739 13769739 13769739 13769739 13769739 13769739 13769739 13769739 13769739 13769739 13769739 13769739 13769739 13769739 13754890 13754890 13754890 13754890 13754890 13754890 13754890 13754890 13754890 13754890 13754890 13754890 13754890 13754890 13754890 13754890 13754890 13754890 13754890 13754890 13754890 13754890 13754890 13754890 13754890 13769739 13769739 13769739 13769739 13769739 13769739 13769739 13769739 13769739 13769739 13769739 13769739 13769739 13769739 13769739 13769739 13769739 13769739 13792513 13792513 13792513 13792513 13792513 13792513 13792513 13792513 13792513 13792513 13792513 13792513 13792513 13792513 13792513 13792513 13792513 13792513 13792513 13792513 13792513 13792513 13792513 13792513 13792513 13792513 13792513 13792513 13792513 13792513 13792513 13792513 13792513 13792513 13792513 13792513 13792513 13792513 13792513 13792513 13792513 13792513 13792513 13678086 13678086 13678086 13678086 13678086 13678086 13678086 13678086 13678086 13678086 13678086 13678086 13678086 13678086 13678086 13678086 13678086 13678086 13678086 13678086 13678086 13678086 13678086 13678086 13678086 13678086 13678086 13678086 13678086 13678086 13678086 13678086 13678086 13678086 13678086 13678086 13678086 13792261 13792261 13792261 13792261 13792261 13792261 13792257 13792257 13792257 13792257 13792258 13769739 13769739 13769739 13769739 13769739 13769739 13769739 13769739 13769739 13769739 13769739 13769739 13769739 13769739 13769739 13769739 13769739 13769739 13769739 13769739 13769739 13769739 13769739 13769739 13769739 13769739 13769739 13769739 13769739 13769739 13769739 13769739 13769739 13769739 13769739 13769739 13769739 13769739 13769739 13769739 13769739 13792258 13792258 13792258 13792258 13792258 13792258 13792258 13792258 13792258 13792258 13792258 13792258 13792258 13792258 13792258 13792258 13792258 13792258 13792258 13792258 13792258 13792258 13792258 13792258 13792258 13792258 13792258 13792258 13792258 13792258 13792258 13792258 13792258 13792258 13792258 13792258 13792258 
RSRP of 5G
-79 -82 -82 -90 -90 -90 -90 -89 -79 -79 -79 -79 -79 -79 -79 -83 -83 -83 -83 -83 -81 -81 -81 -85 -85 -88 -83 -83 -83 -83 -83 -83 -83 -83 -83 -91 -91 -85 -85 -85 -84 -86 -86 -84 -84 -90 -90 -85 -84 -86 -86 -86 -86 -86 -86 -86 -86 -86 -86 -86 -86 -86 -86 -86 -86 -86 -86 -86 -86 -86 -86 -86 -86 -86 -82 -82 -82 -79 -79 -81 -81 -81 -81 -81 -81 -81 -81 -83 -83 -79 -79 -80 -80 -81 -81 -81 -81 -81 -81 -78 -78 -81 -81 -80 -80 -79 -79 -79 -79 -79 -82 -82 -82 -82 -82 -82 -82 -82 -83 -84 -84 -84 -85 -85 -85 -85 -81 -81 -87 -87 -117 -85 -89 -89 -80 -80 -79 -79 -87 -87 -88 -88 -86 -86 -91 -91 -85 -85 -112 -86 -94 -94 -86 -86 -99 -99 -99 -99 -96 -96 -84 -84 -85 -85 -85 -85 -77 -77 -77 -77 -77 -77 -88 -88 -91 -91 -85 -85 -85 -84 -84 -84 -84 -87 -87 -88 -88 -80 -80 -80 -80 -81 -81 -89 -89 -81 -81 -85 -85 -81 -80 -80 -80 -80 -80 -78 -78 -76 -76 -76 -76 -76 -76 -76 -76 -78 -78 -83 -83 -81 -81 -80 -80 -82 -82 -79 -79 -78 -78 -80 -80 -82 -82 -78 -78 -76 -76 -83 -83 -85 -85 -85 -85 -80 -80 -101 -101 -101 -101 -101 -101 -101 -84 -84 -82 -82 -83 -83 -83 -83 -80 -80 -80 -80 -80 -80 -80 -80 -80 -80 -80 -80 -79 -79 -80 -80 -81 -81 -81 -81 -80 -80 -80 -80 -97 -81 -79 -79 -79 -79 -79 -79 -79 -79 -79 -79 -79 -102 -82 -81 -81 -81 -81 -81 -81 -81 -81 -81 -81 -92 -92 -86 -86 -86 -86 -84 -84 -85 -85 -88 -88 -85 -85 -86 -86 -91 -91 -91 -91 -87 -87 -86 -86 -86 -86 -86 -86 -86 -86 -90 -90 -87 -87 -87 -87 -82 -82 -85 -85 -85 -85 -82 -82 -82 -82 -82 -82 -79 -79 -81 -81 -79 -79 -79 -79 -83 -83 -88 -88 -89 -89 -90 -90 -91 -81 -80 
CQI
2147483647 2147483647 2147483647 2147483647 2147483647 2147483647 2147483647 2147483647 2147483647 2147483647 2147483647 2147483647 2147483647 2147483647 2147483647 2147483647 2147483647 2147483647 2147483647 2147483647 2147483647 2147483647 2147483647 2147483647 2147483647 2147483647 2147483647 2147483647 2147483647 2147483647 2147483647 2147483647 2147483647 2147483647 2147483647 2147483647 2147483647 2147483647 2147483647 2147483647 2147483647 2147483647 2147483647 2147483647 2147483647 2147483647 2147483647 2147483647 2147483647 2147483647 2147483647 2147483647 2147483647 2147483647 2147483647 2147483647 2147483647 2147483647 2147483647 2147483647 2147483647 2147483647 2147483647 2147483647 2147483647 2147483647 2147483647 2147483647 2147483647 2147483647 2147483647 2147483647 2147483647 2147483647 2147483647 2147483647 2147483647 2147483647 2147483647 2147483647 2147483647 2147483647 2147483647 2147483647 2147483647 2147483647 2147483647 2147483647 2147483647 2147483647 2147483647 2147483647 2147483647 2147483647 2147483647 2147483647 2147483647 2147483647 2147483647 2147483647 2147483647 2147483647 2147483647 2147483647 2147483647 2147483647 2147483647 2147483647 2147483647 2147483647 2147483647 2147483647 2147483647 2147483647 2147483647 2147483647 2147483647 2147483647 2147483647 2147483647 2147483647 2147483647 2147483647 2147483647 2147483647 2147483647 2147483647 2147483647 2147483647 2147483647 2147483647 2147483647 2147483647 2147483647 2147483647 2147483647 2147483647 2147483647 2147483647 2147483647 2147483647 2147483647 2147483647 2147483647 2147483647 2147483647 2147483647 2147483647 2147483647 2147483647 2147483647 2147483647 2147483647 2147483647 2147483647 2147483647 2147483647 2147483647 2147483647 2147483647 2147483647 2147483647 2147483647 2147483647 2147483647 2147483647 2147483647 2147483647 2147483647 2147483647 2147483647 2147483647 2147483647 2147483647 2147483647 2147483647 2147483647 2147483647 2147483647 2147483647 2147483647 2147483647 2147483647 2147483647 2147483647 2147483647 2147483647 2147483647 2147483647 2147483647 2147483647 2147483647 2147483647 2147483647 2147483647 2147483647 2147483647 2147483647 2147483647 2147483647 2147483647 2147483647 2147483647 2147483647 2147483647 2147483647 2147483647 2147483647 2147483647 2147483647 2147483647 2147483647 2147483647 2147483647 2147483647 2147483647 2147483647 2147483647 2147483647 2147483647 2147483647 2147483647 2147483647 2147483647 2147483647 2147483647 2147483647 2147483647 2147483647 2147483647 2147483647 2147483647 2147483647 2147483647 2147483647 2147483647 2147483647 2147483647 2147483647 2147483647 2147483647 2147483647 2147483647 2147483647 2147483647 2147483647 2147483647 2147483647 2147483647 2147483647 2147483647 2147483647 2147483647 2147483647 2147483647 2147483647 2147483647 2147483647 2147483647 2147483647 2147483647 2147483647 2147483647 2147483647 2147483647 2147483647 2147483647 2147483647 2147483647 2147483647 2147483647 2147483647 2147483647 2147483647 2147483647 2147483647 2147483647 2147483647 2147483647 2147483647 2147483647 2147483647 2147483647 2147483647 2147483647 2147483647 2147483647 2147483647 2147483647 2147483647 2147483647 2147483647 2147483647 2147483647 2147483647 2147483647 2147483647 2147483647 2147483647 2147483647 2147483647 2147483647 2147483647 2147483647 2147483647 2147483647 2147483647 2147483647 2147483647 2147483647 2147483647 2147483647 2147483647 2147483647 2147483647 2147483647 2147483647 2147483647 2147483647 2147483647 2147483647 2147483647 2147483647 2147483647 2147483647 2147483647 2147483647 2147483647 2147483647 2147483647 2147483647 2147483647 2147483647 2147483647 2147483647 2147483647 2147483647 2147483647 2147483647 2147483647 2147483647 2147483647 2147483647 2147483647 2147483647 2147483647 2147483647 2147483647 2147483647 2147483647 2147483647 2147483647 2147483647 2147483647 2147483647 2147483647 2147483647 2147483647 2147483647 2147483647 2147483647 2147483647 2147483647 2147483647 2147483647 2147483647 2147483647 2147483647 2147483647 2147483647 2147483647 2147483647 2147483647 2147483647 2147483647 2147483647 
Altitude
-62.479209899902344 -61.72880172729492 -60.98896789550781 -60.25969696044922 -59.646690368652344 -58.67433547973633 -57.939781188964844 -56.919864654541016 -55.4771842956543 -53.33165740966797 -51.23369216918945 -49.25727081298828 -47.22271728515625 -45.27272033691406 -43.13248062133789 -41.066219329833984 -38.88898849487305 -37.113380432128906 -34.89915466308594 -32.91216278076172 -30.856473922729492 -28.642250061035156 -26.850788116455078 -24.77396011352539 -22.570302963256836 -20.58331298828125 -18.69672966003418 -16.419090270996094 -14.558929443359375 -12.28657341003418 -10.304868698120117 -8.148773193359375 -6.29918098449707 -4.29105281829834 -2.4097537994384766 -0.24837374687194824 1.4928847551345825 3.601419448852539 5.561986446380615 7.604464530944824 9.5148286819458 11.567874908447266 13.583930015563965 15.489009857177734 17.452219009399414 19.468273162841797 21.605873107910156 23.466033935546875 25.598350524902344 27.474363327026367 29.487777709960938 31.575172424316406 33.652000427246094 35.51480484008789 37.66825866699219 39.56541061401367 41.5841064453125 43.16682815551758 44.670284271240234 45.91743469238281 47.082679748535156 47.98369598388672 48.92169952392578 49.592838287353516 49.954830169677734 50.578407287597656 50.948326110839844 51.34730911254883 51.640602111816406 51.875762939453125 51.98674011230469 52.166412353515625 52.38043975830078 52.52312088012695 52.6446647644043 52.570682525634766 53.30787658691406 50.40665817260742 48.451377868652344 46.667842864990234 45.618858337402344 43.7375602722168 42.260528564453125 41.3463020324707 40.89183044433594 38.73837661743164 36.81216049194336 36.3286247253418 33.379844665527344 33.23716354370117 31.5883846282959 29.559118270874023 27.669891357421875 26.290624618530273 24.750179290771484 22.469898223876953 22.68656349182129 20.62030601501465 19.167055130004883 18.34266471862793 15.008115768432617 14.907709121704102 12.68555736541748 11.884947776794434 10.94429874420166 9.8054780960083 9.459341049194336 8.127634048461914 5.826213836669922 3.918492317199707 1.6963398456573486 0.15060961246490479 -1.0939013957977295 -2.0821118354797363 -3.059753179550171 -4.0373945236206055 -4.7560930252075195 -5.210564136505127 -5.638612747192383 -6.193490028381348 -6.341457366943359 -6.758936882019043 -6.954464912414551 -7.0971479415893555 -7.292675971984863 -7.678447723388672 -7.799992561340332 -7.699585914611816 -7.720724105834961 -7.905683517456055 -7.609748840332031 -7.35080623626709 -7.09186315536499 -6.23048210144043 -4.793085098266602 -3.0333304405212402 -1.9764208793640137 -1.595933437347412 -0.09512186050415039 1.7835348844528198 3.7123947143554688 5.694100379943848 7.736577987670898 9.676007270812988 11.882306098937988 13.787384986877441 16.160146713256836 18.231689453125 20.004655838012695 21.917661666870117 24.166236877441406 26.29326820373535 28.253835678100586 29.981882095336914 32.02436065673828 34.04833984375 35.646915435791016 37.438377380371094 38.910125732421875 40.64874267578125 41.44670867919922 43.21438980102539 45.56336975097656 45.605648040771484 46.06804656982422 46.80788040161133 48.90584945678711 49.788368225097656 50.13978958129883 50.303611755371094 50.536128997802734 50.787147521972656 50.948326110839844 50.98003387451172 51.1702766418457 51.4371452331543 51.34466552734375 51.19141387939453 50.49385452270508 50.805641174316406 50.459503173828125 50.504425048828125 49.70909881591797 48.29283905029297 46.908287048339844 45.03227233886719 43.3729248046875 41.22475814819336 40.1150016784668 39.060733795166016 38.24163055419922 36.17537307739258 37.07902908325195 34.006065368652344 32.7879753112793 30.967449188232422 29.337167739868164 27.878631591796875 25.553430557250977 25.484731674194336 23.756685256958008 21.994287490844727 20.58331298828125 19.439208984375 18.04408836364746 16.305471420288086 14.479660987854004 13.01848316192627 10.825396537780762 9.189828872680664 8.695723533630371 7.364017486572266 6.1274333000183105 5.147149562835693 3.839223861694336 1.712193489074707 0.6499993801116943 -0.36463379859924316 -1.74918532371521 -3.0808913707733154 -4.18007755279541 -4.882922172546387 -5.353246688842773 -6.198774337768555 -6.854058265686035 -7.1394243240356445 -7.683732509613037 -7.5780415534973145 -7.826415061950684 -7.963813781738281 -8.201618194580078 -8.23861026763916 -8.323163032531738 -8.344301223754883 -7.926821708679199 -7.794708251953125 -7.799992561340332 -7.208123207092285 -5.865848064422607 -3.7995898723602295 -1.675201654434204 -0.9406495094299316 -0.5495929718017578 0.8666658401489258 2.174591541290283 4.026825428009033 5.9081244468688965 7.747147083282471 9.715641021728516 12.109540939331055 14.170515060424805 16.326610565185547 18.37173080444336 20.387784957885742 21.81989860534668 23.67741584777832 25.511154174804688 27.455867767333984 29.376800537109375 31.32415771484375 33.45647048950195 35.72882843017578 37.50971984863281 39.549556732177734 41.07678985595703 42.1125602722168 43.55524444580078 45.14589309692383 45.978206634521484 47.407676696777344 48.4408073425293 49.04324722290039 49.50300216674805 49.83592987060547 50.31153869628906 50.446292877197266 50.655033111572266 50.98267364501953 51.18613052368164 51.389583587646484 51.503204345703125 51.76478958129883 51.849342346191406 51.83084487915039 51.9893798828125 51.952388763427734 51.8784065246582 51.68552017211914 51.867835998535156 51.89954376220703 51.73308181762695 50.940399169921875 49.69852828979492 47.93877410888672 46.41946792602539 45.600364685058594 43.763980865478516 43.62922668457031 41.71886444091797 40.21540832519531 38.80707550048828 37.773948669433594 36.87028884887695 34.198951721191406 33.11825942993164 32.259521484375 29.29753303527832 28.317249298095703 27.963184356689453 25.611560821533203 24.13452911376953 22.863595962524414 21.127622604370117 19.909534454345703 18.514413833618164 16.51156997680664 14.395108222961426 13.33027172088623 11.46746826171875 10.291656494140625 8.130276679992676 6.817066669464111 5.482718467712402 4.140443325042725 3.4455251693725586 0.478251576423645 -0.877234935760498 -1.4162588119506836 -3.942272663116455 -5.126011371612549 -6.003246307373047 -7.768285274505615 -10.220315933227539 -10.389421463012695 -11.921939849853516 -13.470312118530273 -15.906488418579102 -16.730878829956055 -19.130062103271484 -20.208110809326172 -21.57680892944336 -23.7329044342041 -24.493879318237305 -24.74753761291504 -27.442657470703125 -29.619890213012695 -31.136554718017578 -31.36379051208496 -32.53696060180664 -33.926795959472656 -35.61256790161133 -37.44102096557617 -39.22719955444336 -40.56947326660156 -41.684513092041016 -43.539390563964844 -44.64385986328125 -46.091827392578125 -48.01539993286133 -49.27312469482422 -50.26133346557617 -51.89426040649414 -53.88653564453125 -54.77433776855469 -55.503604888916016 -57.569862365722656 -59.47758483886719 -61.16864013671875 -62.273109436035156 -62.775142669677734 -62.89140319824219 -62.91782760620117 -63.08164596557617 -63.29302978515625 -63.557254791259766 -63.625953674316406 