LTE(1) or 5G(2)
1 1 1 1 1 1 1 1 1 1 1 1 1 1 1 2 2 2 2 2 2 2 2 2 2 2 2 2 2 2 2 2 2 2 2 2 2 2 2 2 2 2 1 1 1 1 1 1 1 1 1 1 1 1 1 1 1 1 1 1 1 1 1 1 1 1 1 1 1 1 1 1 1 1 1 1 1 1 1 1 1 1 1 1 1 1 1 1 1 1 1 1 1 1 1 1 1 1 1 1 1 1 1 1 1 1 1 1 1 1 1 1 1 1 1 1 1 1 1 1 1 1 1 1 1 1 1 1 1 1 1 1 1 1 1 1 1 1 1 1 1 1 1 1 1 1 1 1 1 1 1 1 1 1 1 1 1 1 1 1 1 1 1 1 1 1 1 1 1 1 1 1 1 1 1 1 1 1 1 1 1 1 1 1 1 1 1 1 1 1 1 1 1 1 1 1 1 1 1 1 1 1 1 1 1 1 1 1 1 1 1 1 1 1 1 1 1 1 1 1 1 1 1 1 1 1 1 1 1 1 1 1 1 1 1 1 1 1 1 1 1 1 1 1 1 1 1 1 1 2 2 1 1 2 2 2 2 2 2 2 2 2 2 2 2 2 2 2 2 2 2 2 2 1 1 1 2 2 2 2 2 2 2 2 2 2 2 2 2 2 2 2 2 2 2 2 2 2 2 2 2 1 1 1 1 1 1 1 1 1 1 1 1 1 1 1 1 1 1 1 1 1 1 1 1 1 1 1 1 1 1 1 1 1 1 1 1 1 1 1 1 1 1 1 1 1 1 1 1 1 1 1 1 1 1 1 1 1 1 1 1 1 1 1 1 1 1 1 1 1 1 1 1 1 
SNR of LTE
4 4 4 4 4 4 4 4 4 4 4 4 4 4 2 2 2 1 1 1 1 0 0 -1 -1 -1 -1 -1 -1 -1 -1 -1 -1 -1 -1 -1 -1 -1 -1 -1 -1 -1 -1 -1 -1 -1 -1 -1 -1 -1 -1 -1 -1 -1 -2 -2 -2 -2 -2 -2 -2 -2 -2 -2 -2 -2 -2 -2 -2 -2 -2 -2 -2 -2 -2 -2 -2 -2 -2 -2 -2 -2 -2 -2 -2 -2 -2 -2 -2 -2 -2 -2 -2 -2 -2 -2 -2 -2 -2 -2 -2 -2 -2 -2 -2 -2 -2 -2 -2 -2 -2 -2 -2 -2 -2 -2 -2 -2 -2 -2 -2 -2 -2 -2 -2 -2 -2 -2 -2 -2 -2 -2 -2 -2 -2 -2 -2 -2 -4 -4 -4 -4 -4 -4 -4 -4 -4 -5 -5 -5 -5 -5 -5 -5 -5 -4 -3 -3 -3 -3 -3 -3 -3 -3 -3 -3 -3 -3 -3 -3 -3 -3 -3 -3 -3 -3 -3 -3 -3 -3 -3 -3 -3 -3 -3 -3 -3 -3 -3 -3 -2 -2 -2 -2 -2 -2 -2 -2 -2 -2 -2 -2 -2 -2 -2 -2 -2 -2 -2 -2 -2 -2 -2 -2 -2 -2 -2 -2 -2 -4 -4 -4 -4 -4 -4 -4 -4 -4 -4 -4 -4 -4 -4 -4 -4 -4 -4 -4 -4 -4 -4 -4 -4 -4 -4 -4 -4 -4 -5 -5 -5 -5 -6 -6 -6 -5 -5 -5 -5 -5 -5 -5 -5 -5 -5 -5 -5 -5 -5 -4 -4 -4 -4 -4 -4 -4 -4 -4 -4 -4 -4 -4 -3 -3 -3 -3 -3 -3 -3 -3 -3 -3 -3 -3 -3 -3 -3 -3 -3 -3 -2 -2 -2 -2 -2 -2 -2 -2 -2 -2 -2 -2 -2 -2 -2 -2 -2 -2 -2 -2 -2 -2 -1 -1 -1 -1 -1 -1 -1 -1 -1 -1 -1 -1 0 0 0 0 0 0 0 0 0 0 0 0 0 0 0 0 0 0 0 0 1 1 1 1 1 1 1 1 1 1 0 0 0 0 0 0 0 0 0 0 
SNR of 5G
0 0 0 0 0 0 0 0 0 0 0 0 0 0 0 4 4 7 7 7 7 1 1 1 1 2 2 2 2 2 2 3 3 3 3 3 3 3 3 1 1 0 0 0 0 0 0 0 0 0 0 0 0 0 0 0 0 0 0 0 0 0 0 0 0 0 0 0 0 0 0 0 0 0 0 0 0 0 0 0 0 0 0 0 0 0 0 0 0 0 0 0 0 0 0 0 0 0 0 0 0 0 0 0 0 0 0 0 0 0 0 0 0 0 0 0 0 0 0 0 0 0 0 0 0 0 0 0 0 0 0 0 0 0 0 0 0 0 0 0 0 0 0 0 0 0 0 0 0 0 0 0 0 0 0 0 0 0 0 0 0 0 0 0 0 0 0 0 0 0 0 0 0 0 0 0 0 0 0 0 0 0 0 0 0 0 0 0 0 0 0 0 0 0 0 0 0 0 0 0 0 0 0 0 0 0 0 0 0 0 0 0 0 0 0 0 0 0 0 0 0 0 0 0 0 0 0 0 0 0 0 0 0 0 0 0 0 0 0 0 0 0 0 0 0 0 0 0 0 -2 -2 0 0 0 0 0 0 0 0 0 0 0 0 0 0 0 0 0 0 -7 -7 1 1 0 0 0 2 2 2 2 2 2 2 2 2 2 2 2 1 1 1 1 2 2 2 2 0 0 -1 -1 -1 0 0 0 0 0 0 0 0 0 0 0 0 0 0 0 0 0 0 0 0 0 0 0 0 0 0 0 0 0 0 0 0 0 0 0 0 0 0 0 0 0 0 0 0 0 0 0 0 0 0 0 0 0 0 0 0 0 0 0 0 0 0 0 0 0 0 0 0 0 0 0 0 0 
RSSI
-51 -51 -51 -51 -51 -51 -51 -51 -51 -51 -51 -51 -51 -51 -51 -51 -51 -51 -51 -51 -51 -51 -51 -51 -51 -51 -51 -51 -51 -51 -51 -51 -51 -51 -51 -51 -51 -51 -51 -51 -51 -51 -51 -51 -51 -51 -51 -51 -51 -51 -51 -51 -51 -51 -51 -51 -51 -51 -51 -51 -51 -51 -51 -51 -51 -51 -51 -51 -51 -51 -51 -51 -51 -51 -51 -51 -51 -51 -51 -51 -51 -51 -51 -51 -51 -51 -51 -51 -51 -51 -51 -51 -51 -51 -51 -51 -51 -51 -51 -51 -51 -51 -51 -51 -51 -51 -51 -51 -51 -51 -51 -51 -51 -51 -51 -51 -51 -51 -51 -51 -51 -51 -51 -51 -51 -51 -51 -51 -51 -51 -51 -51 -51 -51 -51 -51 -51 -51 -51 -51 -51 -51 -51 -51 -51 -51 -51 -51 -51 -51 -51 -51 -51 -51 -51 -51 -51 -51 -51 -51 -51 -51 -51 -51 -51 -51 -51 -51 -51 -51 -51 -51 -51 -51 -51 -51 -51 -51 -51 -51 -51 -51 -51 -51 -51 -51 -51 -51 -51 -51 -51 -51 -51 -51 -51 -51 -51 -51 -51 -51 -51 -51 -51 -51 -51 -51 -51 -51 -51 -51 -51 -51 -51 -51 -51 -51 -51 -51 -51 -51 -51 -51 -51 -51 -51 -51 -51 -51 -51 -51 -51 -51 -51 -51 -51 -51 -51 -51 -51 -51 -51 -51 -51 -51 -51 -51 -51 -51 -51 -51 -51 -51 -51 -51 -51 -51 -51 -51 -51 -51 -51 -51 -51 -51 -51 -51 -51 -51 -51 -51 -51 -51 -51 -51 -51 -51 -51 -51 -51 -51 -51 -51 -51 -51 -51 -51 -51 -51 -51 -51 -51 -51 -51 -51 -51 -51 -51 -51 -51 -51 -51 -51 -51 -51 -51 -51 -51 -51 -51 -51 -51 -51 -51 -51 -51 -51 -51 -51 -51 -51 -51 -51 -51 -51 -51 -51 -51 -51 -51 -51 -51 -51 -51 -51 -51 -51 -51 -51 -51 -51 -51 -51 -51 -51 -51 -51 -51 -51 -51 -51 -51 -51 -51 -51 -51 -51 -51 -51 -51 -51 -51 -51 -51 -51 -51 -51 -51 -51 -51 -51 -51 -51 -51 -51 
RSRP
-74 -74 -74 -74 -74 -74 -74 -74 -74 -74 -74 -74 -74 -74 -73 -73 -73 -73 -73 -73 -73 -73 -74 -74 -74 -74 -74 -74 -74 -73 -73 -73 -73 -73 -73 -73 -73 -73 -73 -73 -73 -73 -73 -73 -73 -73 -73 -73 -73 -73 -73 -73 -73 -73 -75 -75 -75 -75 -75 -75 -75 -75 -75 -76 -76 -76 -76 -76 -76 -76 -76 -76 -76 -76 -76 -76 -76 -76 -76 -76 -76 -76 -76 -76 -76 -76 -76 -76 -76 -76 -76 -76 -76 -76 -76 -76 -76 -76 -76 -76 -76 -76 -76 -76 -76 -76 -76 -76 -76 -76 -76 -76 -76 -76 -76 -76 -76 -76 -76 -76 -76 -76 -76 -76 -76 -76 -76 -76 -76 -76 -76 -76 -76 -76 -76 -76 -76 -76 -78 -78 -78 -78 -78 -78 -78 -78 -78 -80 -80 -81 -81 -81 -81 -81 -81 -79 -79 -79 -79 -79 -79 -79 -79 -79 -79 -79 -79 -79 -79 -79 -79 -79 -79 -79 -79 -79 -79 -79 -79 -79 -79 -79 -79 -79 -79 -79 -79 -79 -79 -79 -78 -78 -78 -78 -78 -78 -78 -78 -78 -78 -78 -78 -78 -78 -78 -78 -78 -78 -78 -80 -80 -80 -80 -80 -80 -80 -80 -80 -80 -81 -81 -81 -81 -81 -81 -81 -81 -81 -81 -81 -81 -81 -81 -81 -81 -81 -81 -81 -81 -81 -81 -81 -81 -81 -81 -81 -81 -81 -81 -81 -81 -81 -81 -81 -81 -80 -80 -80 -80 -80 -80 -80 -80 -80 -80 -80 -80 -79 -79 -78 -78 -78 -78 -78 -78 -77 -77 -77 -77 -77 -77 -77 -77 -77 -77 -77 -77 -77 -77 -77 -77 -77 -77 -77 -77 -77 -76 -76 -76 -76 -75 -75 -75 -75 -75 -75 -75 -75 -75 -75 -75 -75 -75 -75 -75 -75 -75 -75 -75 -75 -75 -75 -74 -74 -74 -74 -74 -74 -74 -74 -74 -74 -74 -74 -73 -73 -73 -73 -73 -73 -73 -73 -73 -73 -73 -73 -73 -73 -73 -73 -73 -73 -73 -73 -73 -73 -73 -73 -73 -73 -73 -73 -73 -73 -75 -75 -75 -75 -75 -75 -77 -77 -77 -77 
CID
13678086 13678086 13754896 13754896 13754896 13754896 13754896 13754896 13754896 13754896 13754896 13754896 13754896 13754896 13754896 13769745 13769745 13769745 13769745 13769745 13769745 13769745 13769745 13769745 13769745 13769745 13769745 13769745 13769745 13769745 13769745 13769745 13769745 13769745 13769745 13769745 13769745 13769745 13769745 13769745 13769745 13769745 13769745 13769745 13769745 13769745 13769745 13769745 13769745 13769745 13769745 13769745 13769745 13769745 13769745 13769745 13769745 13769745 13769745 13769745 13769745 13769745 13769745 13754896 13754896 13754896 13754896 13754896 13754896 13754896 13754896 13754896 13754896 13754896 13754896 13754896 13754896 13754896 13754896 13754896 13754896 13754896 13754896 13754896 13754896 13754896 13754896 13754896 13754896 13754896 13754896 13769745 13769745 13769745 13769745 13769745 13769745 13769745 13769745 13769745 13769745 13769745 13769745 13769745 13769745 13769745 13769745 13769745 13769745 13769745 13769745 13769745 13769745 13769745 13769745 13769745 13769745 13769745 13769745 13769745 13769745 13769745 13769745 13769745 13769745 13769745 13769745 13769745 13769745 13769745 13769745 13769745 13769745 13769745 13769745 13769745 13769745 13769745 13769745 13769745 13769745 13769745 13769745 13769745 13769745 13769745 13769745 13754896 13754896 13754896 13754896 13754896 13754896 13754896 13754896 13754896 13754896 13754896 13754896 13754896 13754896 13754896 13754896 13754896 13754896 13754896 13754896 13754896 13754896 13754896 13754896 13754896 13754896 13754896 13754896 13754896 13754896 13754896 13754896 13754896 13754896 13754896 13754896 13754896 13754896 13754896 13754896 13754896 13754896 13754896 13769745 13769745 13769745 13769745 13769745 13769745 13769745 13769745 13769745 13769745 13769745 13769745 13769745 13769745 13769745 13769745 13769745 13769745 13769745 13769745 13769745 13769745 13769745 13769745 13769745 13769745 13769745 13769745 13769745 13769745 13769745 13769745 13769745 13769745 13769745 13769745 13769745 13769745 13769745 13769745 13769745 13769745 13769745 13769745 13769745 13769745 13769745 13769745 13769745 13769745 13769745 13769745 13769745 13769745 13769745 13769745 13769745 13769745 13769745 13769745 13769745 13769745 13792279 13792279 13792279 13792279 13792279 13792279 13792279 13792279 13792279 13792279 13792279 13792279 13792279 13792279 13792279 13792279 13792279 13792279 13792279 13792279 13792279 13792279 13769745 13769745 13754896 13754896 13754896 13754896 13754896 13769745 13769745 13769745 13769745 13769745 13769745 13769745 13769745 13769745 13769745 13769745 13769745 13769745 13769745 13769745 13769745 13769745 13769745 13769745 13769745 13769745 13769745 13769745 13769745 13769745 13769745 13769745 13769745 13769745 13769745 13769745 13769745 13769745 13769745 13769745 13769745 13769745 13769745 13769745 13769745 13769745 13769745 13769745 13769745 13769745 13769745 13769745 13769745 13769745 13769745 13769745 13769745 13769745 13769745 13769745 13769745 13769745 13769745 13769745 13769745 13769745 13769745 13769745 13769745 13769745 13769745 13769745 13769745 13769745 13769745 13769745 13769745 13769745 13754896 13754896 13754896 13754896 13754896 13754896 13754896 13754896 13754896 13754896 13754896 13754896 13754896 13754896 13754896 13754896 13754896 13754896 13754896 13754896 
RSRP of 5G
-85 -85 -85 -85 -85 -85 -85 -85 -85 -85 -85 -85 -85 -85 -85 -76 -76 -85 -85 -85 -85 -86 -86 -83 -83 -84 -84 -84 -84 -84 -84 -84 -84 -84 -84 -87 -87 -87 -87 -91 -91 -87 -87 -87 -87 -87 -87 -87 -87 -87 -87 -87 -87 -87 -87 -87 -87 -87 -87 -87 -87 -87 -87 -87 -87 -87 -87 -87 -87 -87 -87 -87 -87 -87 -87 -87 -87 -87 -87 -87 -87 -87 -87 -87 -87 -87 -87 -87 -87 -87 -87 -87 -87 -87 -87 -87 -87 -87 -87 -87 -87 -87 -87 -87 -87 -87 -87 -87 -87 -87 -87 -87 -87 -87 -87 -87 -87 -87 -87 -87 -87 -87 -87 -87 -87 -87 -87 -87 -87 -87 -87 -87 -87 -87 -87 -87 -87 -87 -87 -87 -87 -87 -87 -87 -87 -87 -87 -87 -87 -87 -87 -87 -87 -87 -87 -87 -87 -87 -87 -87 -87 -87 -87 -87 -87 -87 -87 -87 -87 -87 -87 -87 -87 -87 -87 -87 -87 -87 -87 -87 -87 -87 -87 -87 -87 -87 -87 -87 -87 -87 -87 -87 -87 -87 -87 -87 -87 -87 -87 -87 -87 -87 -87 -87 -87 -87 -87 -87 -87 -87 -87 -87 -87 -87 -87 -87 -87 -87 -87 -87 -87 -87 -87 -87 -87 -87 -87 -87 -87 -87 -87 -87 -87 -87 -87 -87 -87 -87 -87 -87 -87 -87 -87 -87 -87 -87 -87 -87 -87 -82 -82 -81 -81 -81 -81 -82 -82 -82 -82 -82 -82 -82 -82 -82 -82 -82 -82 -81 -81 -87 -87 -82 -82 -82 -82 -82 -82 -82 -82 -82 -82 -85 -83 -83 -82 -82 -82 -82 -84 -84 -84 -84 -84 -84 -87 -87 -86 -86 -84 -84 -85 -85 -85 -85 -85 -85 -85 -85 -85 -85 -85 -85 -85 -85 -85 -85 -85 -85 -85 -85 -85 -85 -85 -85 -85 -85 -85 -85 -85 -85 -85 -85 -85 -85 -85 -85 -85 -85 -85 -85 -85 -85 -85 -85 -85 -85 -85 -85 -85 -85 -85 -85 -85 -85 -85 -85 -85 -85 -85 -85 -85 -85 -85 -85 -85 -85 -85 -85 -85 -85 -85 -85 -85 -85 
CQI
2147483647 2147483647 2147483647 2147483647 2147483647 2147483647 2147483647 2147483647 2147483647 2147483647 2147483647 2147483647 2147483647 2147483647 2147483647 2147483647 2147483647 2147483647 2147483647 2147483647 2147483647 2147483647 2147483647 2147483647 2147483647 2147483647 2147483647 2147483647 2147483647 2147483647 2147483647 2147483647 2147483647 2147483647 2147483647 2147483647 2147483647 2147483647 2147483647 2147483647 2147483647 2147483647 2147483647 2147483647 2147483647 2147483647 2147483647 2147483647 2147483647 2147483647 2147483647 2147483647 2147483647 2147483647 2147483647 2147483647 2147483647 2147483647 2147483647 2147483647 2147483647 2147483647 2147483647 2147483647 2147483647 2147483647 2147483647 2147483647 2147483647 2147483647 2147483647 2147483647 2147483647 2147483647 2147483647 2147483647 2147483647 2147483647 2147483647 2147483647 2147483647 2147483647 2147483647 2147483647 2147483647 2147483647 2147483647 2147483647 2147483647 2147483647 2147483647 2147483647 2147483647 2147483647 2147483647 2147483647 2147483647 2147483647 2147483647 2147483647 2147483647 2147483647 2147483647 2147483647 2147483647 2147483647 2147483647 2147483647 2147483647 2147483647 2147483647 2147483647 2147483647 2147483647 2147483647 2147483647 2147483647 2147483647 2147483647 2147483647 2147483647 2147483647 2147483647 2147483647 2147483647 2147483647 2147483647 2147483647 2147483647 2147483647 2147483647 2147483647 2147483647 2147483647 2147483647 2147483647 2147483647 2147483647 2147483647 2147483647 2147483647 2147483647 2147483647 2147483647 2147483647 2147483647 2147483647 2147483647 2147483647 2147483647 2147483647 2147483647 2147483647 2147483647 2147483647 2147483647 2147483647 2147483647 2147483647 2147483647 2147483647 2147483647 2147483647 2147483647 2147483647 2147483647 2147483647 2147483647 2147483647 2147483647 2147483647 2147483647 2147483647 2147483647 2147483647 2147483647 2147483647 2147483647 2147483647 2147483647 2147483647 2147483647 2147483647 2147483647 2147483647 2147483647 2147483647 2147483647 2147483647 2147483647 2147483647 2147483647 2147483647 2147483647 2147483647 2147483647 2147483647 2147483647 2147483647 2147483647 2147483647 2147483647 2147483647 2147483647 2147483647 2147483647 2147483647 2147483647 2147483647 2147483647 2147483647 2147483647 2147483647 2147483647 2147483647 2147483647 2147483647 2147483647 2147483647 2147483647 2147483647 2147483647 2147483647 2147483647 2147483647 2147483647 2147483647 2147483647 2147483647 2147483647 2147483647 2147483647 2147483647 2147483647 2147483647 2147483647 2147483647 2147483647 2147483647 2147483647 2147483647 2147483647 2147483647 2147483647 2147483647 2147483647 2147483647 2147483647 2147483647 2147483647 2147483647 2147483647 2147483647 2147483647 2147483647 2147483647 2147483647 2147483647 2147483647 2147483647 2147483647 2147483647 2147483647 2147483647 2147483647 2147483647 2147483647 2147483647 2147483647 2147483647 2147483647 2147483647 2147483647 2147483647 2147483647 2147483647 2147483647 2147483647 2147483647 2147483647 2147483647 2147483647 2147483647 2147483647 2147483647 2147483647 2147483647 2147483647 2147483647 2147483647 2147483647 2147483647 2147483647 2147483647 2147483647 2147483647 2147483647 2147483647 2147483647 2147483647 2147483647 2147483647 2147483647 2147483647 2147483647 2147483647 2147483647 2147483647 2147483647 2147483647 2147483647 2147483647 2147483647 2147483647 2147483647 2147483647 2147483647 2147483647 2147483647 2147483647 2147483647 2147483647 2147483647 2147483647 2147483647 2147483647 2147483647 2147483647 2147483647 2147483647 2147483647 2147483647 2147483647 2147483647 2147483647 2147483647 2147483647 2147483647 2147483647 2147483647 2147483647 2147483647 2147483647 2147483647 2147483647 2147483647 2147483647 2147483647 2147483647 2147483647 2147483647 2147483647 2147483647 2147483647 2147483647 2147483647 2147483647 2147483647 2147483647 2147483647 2147483647 2147483647 2147483647 2147483647 2147483647 2147483647 2147483647 2147483647 2147483647 2147483647 2147483647 2147483647 2147483647 2147483647 
Altitude
-62.23611831665039 -61.644248962402344 -60.89912796020508 -60.11701583862305 -59.075958251953125 -58.3466911315918 -57.55400848388672 -56.68206024169922 -55.91051483154297 -54.652793884277344 -52.60239028930664 -50.54141616821289 -48.35361099243164 -46.28207015991211 -44.2369499206543 -42.37678909301758 -40.32109832763672 -38.487361907958984 -36.36825942993164 -34.23858642578125 -32.26744842529297 -30.211759567260742 -28.16663932800293 -26.073959350585938 -24.092252731323242 -21.962581634521484 -19.991443634033203 -17.951608657836914 -16.006895065307617 -13.702832221984863 -11.567874908447266 -9.565031051635742 -7.514626979827881 -5.4325151443481445 -3.588207960128784 -1.5642261505126953 0.5073165893554688 2.5445098876953125 4.734954833984375 6.684952735900879 8.833121299743652 10.60080337524414 12.637995719909668 14.577425003051758 16.730878829956055 18.61482048034668 20.86867904663086 22.99835205078125 24.879650115966797 27.12558364868164 28.932899475097656 30.8511905670166 32.89895248413086 34.83309555053711 36.67476272583008 38.94183349609375 40.80992126464844 42.94487762451172 44.56723403930664 46.083900451660156 47.3151969909668 48.456661224365234 49.39466857910156 49.809505462646484 51.12007141113281 51.41600799560547 51.76214599609375 52.097713470458984 52.21397399902344 53.03836441040039 52.89303970336914 53.26824188232422 53.56681823730469 53.4584846496582 53.796695709228516 53.80198287963867 53.88389205932617 54.25116729736328 54.47576141357422 54.67657470703125 54.734703063964844 54.53653335571289 53.63023376464844 51.947105407714844 50.871700286865234 48.242637634277344 47.11438751220703 45.188167572021484 44.78390121459961 43.20646286010742 41.66337585449219 39.3487434387207 39.2430534362793 36.95220184326172 35.39590072631836 34.925575256347656 31.72578239440918 32.2304573059082 30.029443740844727 29.862979888916016 28.364810943603516 27.65932273864746 27.30525779724121 25.936561584472656 25.4398136138916 24.28249740600586 24.063188552856445 23.508310317993164 23.35770034790039 23.458106994628906 23.933717727661133 23.756685256958008 24.79509735107422 25.143878936767578 25.075180053710938 25.299772262573242 25.191438674926758 24.958919525146484 24.985342025756836 24.898147583007812 25.001195907592773 24.977415084838867 24.68412208557129 24.784528732299805 24.480667114257812 24.810951232910156 24.80830955505371 24.80830955505371 25.61420249938965 26.171722412109375 28.20891571044922 29.42964744567871 31.7601318359375 29.432289123535156 31.89224624633789 32.581878662109375 34.79874801635742 36.67740249633789 38.482078552246094 41.116424560546875 42.67536544799805 44.15239715576172 45.10890197753906 45.87251663208008 46.72597122192383 47.3601188659668 48.21357345581055 49.024749755859375 49.455440521240234 49.55849075317383 49.78044128417969 50.19263458251953 50.47271728515625 50.69730758666992 51.20198440551758 51.875762939453125 50.82413864135742 51.12271499633789 52.45706558227539 51.91275405883789 51.55604934692383 51.368446350097656 51.579830169677734 51.5639762878418 51.71458435058594 52.665802001953125 53.297306060791016 53.19161605834961 53.722713470458984 53.73064041137695 53.52190017700195 52.70808029174805 52.665802001953125 53.556251525878906 53.88389205932617 54.06620788574219 53.49547576904297 51.426578521728516 49.91519546508789 49.455440521240234 47.33633804321289 45.28593063354492 43.1113395690918 43.42048645019531 41.24589538574219 38.63533020019531 38.28919219970703 37.07902908325195 34.56358337402344 31.955659866333008 31.258100509643555 31.334726333618164 30.37293815612793 29.183916091918945 28.29875373840332 26.5574951171875 25.714609146118164 24.818878173828125 24.932497024536133 24.34326934814453 24.221725463867188 23.98392105102539 22.94286346435547 22.266441345214844 20.876605987548828 22.911157608032227 23.730262756347656 22.197742462158203 23.82538414001465 23.85973358154297 23.968067169189453 23.751399993896484 23.57436752319336 23.439611434936523 23.13046646118164 23.392051696777344 23.510953903198242 23.46339225769043 23.10932731628418 23.957496643066406 24.908716201782227 25.207292556762695 26.079242706298828 26.956478118896484 29.355663299560547 30.6424503326416 31.25281524658203 31.910741806030273 33.56480407714844 34.983707427978516 37.15301513671875 39.79792785644531 42.14162826538086 43.77455139160156 44.9979248046875 46.18430709838867 47.14345169067383 47.82780075073242 48.81865310668945 49.096092224121094 49.661537170410156 50.142433166503906 49.77515411376953 50.04202651977539 50.26661682128906 50.073734283447266 50.04202651977539 50.13186264038086 50.91397476196289 50.88755416870117 51.7515754699707 52.356658935546875 52.63145446777344 52.69486999511719 53.33165740966797 53.84954071044922 54.132266998291016 54.30929946899414 54.54446029663086 54.61051559448242 54.55238723754883 54.54181671142578 54.73206329345703 54.718849182128906 54.499542236328125 54.47047805786133 54.21153259277344 54.219459533691406 54.38856506347656 53.284095764160156 53.33429718017578 54.42027282714844 54.18246841430664 53.61173629760742 52.945884704589844 51.28125 48.734100341796875 47.323123931884766 45.174957275390625 45.07190704345703 43.58959197998047 40.8759765625 40.46113967895508 38.910125732421875 37.68410873413086 36.571712493896484 35.16602325439453 33.76033401489258 31.340011596679688 30.655662536621094 29.19976806640625 28.04245376586914 25.812374114990234 24.758106231689453 23.402620315551758 21.143476486206055 19.84876251220703 19.33616065979004 17.793071746826172 16.26848030090332 14.257709503173828 12.770110130310059 11.290436744689941 10.027429580688477 8.513406753540039 7.163204669952393 5.680889129638672 4.211784362792969 2.4573147296905518 1.0939013957977295 -0.597153902053833 -1.9658517837524414 -3.4719479084014893 -4.898776054382324 -6.526416778564453 -7.974382400512695 -9.644299507141113 -11.24551773071289 -12.545516967773438 -14.395108222961426 -15.58941650390625 -17.148357391357422 -18.437788009643555 -20.408924102783203 -21.68778419494629 -23.267864227294922 -25.011764526367188 -26.184934616088867 -27.87598991394043 -29.22883415222168 -31.131271362304688 -32.425987243652344 -34.011348724365234 -35.31134796142578 -36.97069549560547 -38.112159729003906 -39.56541061401367 -41.20890426635742 -42.59345626831055 -44.0519905090332 -45.43125915527344 -46.13938522338867 -48.221500396728516 -50.27718734741211 -51.42393493652344 -52.23247146606445 -54.071495056152344 -55.16011047363281 -56.914581298828125 -56.30685806274414 -58.26213836669922 -59.31376647949219 -59.562137603759766 -59.467018127441406 -59.53571701049805 -59.78937530517578 -60.006038665771484 -60.49750518798828 -60.44994354248047 -60.56620407104492 -61.16335678100586 -60.89384460449219 -61.14750289916992 -61.72880172729492 -61.79750061035156 -62.130428314208984 -62.51620101928711 -62.45806884765625 -62.65888214111328 -62.82270431518555 -63.02351760864258 -63.02880096435547 -63.53083419799805 -63.85319137573242 