LTE(1) or 5G(2)
2 2 2 2 2 2 2 2 2 2 2 2 2 2 2 2 2 2 2 2 2 2 2 2 2 2 2 2 2 2 2 2 2 2 2 2 2 2 2 2 2 2 2 2 2 2 2 2 2 2 2 2 2 2 2 2 2 2 2 2 2 2 2 2 2 2 2 2 2 2 2 2 2 2 2 2 2 2 2 2 2 2 2 2 2 2 2 2 2 2 2 1 1 1 1 1 1 1 1 1 2 2 2 2 2 2 2 2 2 2 2 2 2 1 1 1 1 2 2 1 1 1 1 1 1 1 2 2 2 2 2 2 2 2 2 2 2 2 2 2 2 2 2 2 2 2 2 2 2 2 2 2 2 2 2 2 2 2 2 2 2 2 2 2 2 2 2 2 2 2 2 2 2 2 2 2 2 2 2 2 2 2 2 2 2 2 2 2 2 2 2 2 2 2 2 2 2 2 2 2 2 2 2 2 2 2 2 2 2 2 2 2 2 2 2 2 2 2 2 2 2 2 2 2 2 2 2 2 2 2 2 2 2 2 2 2 2 2 2 2 2 2 2 2 2 2 2 2 2 2 2 2 2 2 2 2 2 2 2 2 2 2 2 2 2 2 2 2 2 2 2 2 2 2 2 2 2 2 2 2 2 2 2 2 2 2 2 2 2 2 2 2 2 2 2 2 2 2 2 2 2 2 2 2 2 
SNR of LTE
4 4 4 4 4 4 4 4 4 4 4 4 4 5 5 5 5 5 5 5 5 4 4 4 4 4 4 4 4 3 3 3 3 3 3 3 3 3 2 2 2 2 2 2 2 2 2 2 2 2 2 2 2 2 2 2 2 2 2 2 2 2 2 2 1 1 1 1 2 2 2 2 2 2 2 2 2 2 1 1 1 1 1 1 1 1 0 0 0 0 0 0 0 0 0 0 0 0 0 0 0 0 0 0 0 -1 -1 -1 -1 -1 -1 -1 -1 -2 -2 -2 -2 -3 -3 -3 -3 -3 -4 -4 -4 -4 -4 -4 -5 -5 -5 -5 -5 -5 -5 -5 -4 -4 -4 -3 -3 -3 -3 -3 -3 -3 -1 -1 -1 -1 0 0 0 0 0 0 0 0 0 0 0 0 0 0 0 0 0 0 0 0 1 1 1 1 1 1 1 1 1 1 1 1 1 1 1 1 1 1 1 1 0 0 0 0 -2 -2 -2 -2 -3 -3 -4 -4 -4 -4 -4 -4 -4 -5 -5 -5 -5 -5 -6 -6 -6 -6 -6 -6 -5 -5 -5 -4 -4 -4 -4 -4 -4 -4 -4 -5 -5 -5 -5 -5 -4 -4 -4 -4 -4 -4 -4 -4 -3 -3 -3 -3 -3 -3 -3 -3 -3 -3 -3 -3 -1 -1 -1 -1 -1 -1 -1 -1 -1 -1 -1 -1 -1 -1 -1 -1 -1 -1 0 0 0 0 0 0 0 0 0 0 0 0 0 0 0 0 0 0 0 3 3 3 3 3 3 3 3 3 3 3 3 3 5 
SNR of 5G
9 9 8 8 8 8 7 7 7 7 7 7 7 6 6 6 6 6 6 3 3 4 4 4 4 4 4 4 4 6 6 7 7 7 7 7 7 6 6 6 6 6 6 6 6 1 1 2 3 3 3 3 3 3 3 3 0 0 0 0 2 2 -1 -3 4 4 4 4 5 5 5 5 5 5 5 5 7 7 8 8 8 8 8 8 8 8 6 6 2 2 2 0 0 0 0 0 0 0 0 0 2 2 2 2 2 -1 -1 -1 -1 0 1 1 1 0 0 0 0 -3 -3 0 0 0 0 0 0 0 0 0 0 0 0 0 -1 -1 -4 -4 -3 -3 4 4 1 1 1 1 0 0 1 1 1 1 1 1 5 5 5 5 5 5 5 5 5 5 6 6 5 5 5 5 5 5 3 3 1 1 2 2 2 2 0 0 -1 -1 -3 -3 -3 -3 -3 -3 -4 -4 -1 -1 -2 -1 -1 -1 0 0 0 0 0 0 0 0 0 0 0 0 -1 -1 -2 -2 -2 -2 0 0 0 0 0 0 0 0 2 2 2 2 3 3 3 3 3 3 3 3 2 2 1 1 -1 -1 -1 -1 3 3 8 8 8 8 8 8 8 8 8 8 7 7 7 7 7 7 7 7 7 7 7 7 3 3 4 4 4 4 6 6 6 6 6 6 4 4 4 4 4 4 4 4 4 4 4 4 4 5 5 5 5 5 5 5 5 5 5 5 5 5 6 
RSSI
-51 -51 -51 -51 -51 -51 -51 -51 -51 -51 -51 -51 -51 -51 -51 -51 -51 -51 -51 -51 -51 -51 -51 -51 -51 -51 -51 -51 -51 -51 -51 -51 -51 -51 -51 -51 -51 -51 -51 -51 -51 -51 -51 -51 -51 -51 -51 -51 -51 -51 -51 -51 -51 -51 -51 -51 -51 -51 -51 -51 -51 -51 -51 -51 -51 -51 -51 -51 -51 -51 -51 -51 -51 -51 -51 -51 -51 -51 -51 -51 -51 -51 -51 -51 -51 -51 -51 -51 -51 -51 -51 -51 -51 -51 -51 -51 -51 -51 -51 -51 -51 -51 -51 -51 -51 -51 -51 -51 -51 -51 -51 -51 -51 -51 -51 -51 -51 -51 -51 -51 -51 -51 -51 -51 -51 -51 -51 -51 -51 -51 -51 -51 -51 -51 -51 -51 -51 -51 -51 -51 -51 -51 -51 -51 -51 -51 -51 -51 -51 -51 -51 -51 -51 -51 -51 -51 -51 -51 -51 -51 -51 -51 -51 -51 -51 -51 -51 -51 -51 -51 -51 -51 -51 -51 -51 -51 -51 -51 -51 -51 -51 -51 -51 -51 -51 -51 -51 -51 -51 -51 -51 -51 -51 -51 -51 -51 -51 -51 -51 -51 -51 -51 -51 -51 -51 -51 -51 -51 -51 -51 -51 -51 -51 -51 -51 -51 -51 -51 -51 -51 -51 -51 -51 -51 -51 -51 -51 -51 -51 -51 -51 -51 -51 -51 -51 -51 -51 -51 -51 -51 -51 -51 -51 -51 -51 -51 -51 -51 -51 -51 -51 -51 -51 -51 -51 -51 -51 -51 -51 -51 -51 -51 -51 -51 -51 -51 -51 -51 -51 -51 -51 -51 -51 -51 -51 -51 -51 -51 -51 -51 -51 -51 -51 -51 -51 -51 -51 -51 -51 -51 -51 -51 -51 -51 -51 -51 -51 -51 -51 -51 -51 -51 -51 -51 -51 
RSRP
-83 -83 -80 -80 -80 -80 -79 -79 -79 -79 -79 -79 -79 -75 -74 -74 -74 -74 -74 -74 -74 -73 -73 -73 -73 -73 -73 -73 -73 -73 -73 -73 -73 -73 -73 -72 -72 -72 -73 -73 -73 -73 -73 -73 -73 -72 -72 -73 -73 -73 -73 -73 -73 -73 -73 -73 -74 -74 -74 -74 -74 -74 -75 -75 -76 -76 -76 -76 -75 -75 -75 -75 -75 -75 -75 -75 -75 -75 -75 -75 -75 -74 -74 -74 -74 -74 -74 -74 -74 -74 -74 -74 -75 -75 -75 -75 -75 -75 -75 -75 -75 -75 -75 -75 -75 -75 -75 -75 -75 -75 -75 -76 -76 -76 -76 -76 -76 -76 -76 -77 -77 -77 -78 -78 -78 -78 -78 -78 -78 -78 -78 -78 -78 -78 -78 -78 -77 -77 -77 -76 -76 -76 -76 -76 -75 -75 -74 -74 -74 -74 -73 -73 -73 -73 -73 -73 -73 -73 -72 -72 -72 -72 -72 -72 -72 -72 -72 -72 -72 -72 -72 -73 -73 -73 -73 -73 -73 -74 -74 -74 -74 -74 -75 -75 -75 -75 -75 -75 -77 -77 -77 -77 -77 -78 -79 -79 -79 -79 -80 -80 -81 -81 -81 -81 -81 -81 -81 -81 -81 -81 -81 -81 -82 -82 -82 -82 -82 -82 -81 -81 -81 -81 -81 -81 -81 -81 -82 -82 -82 -82 -82 -82 -82 -82 -82 -82 -82 -82 -82 -82 -82 -82 -81 -81 -81 -81 -81 -80 -80 -80 -80 -80 -80 -80 -79 -79 -79 -79 -79 -79 -79 -79 -79 -79 -79 -79 -79 -79 -78 -78 -77 -77 -76 -76 -76 -76 -76 -76 -74 -74 -74 -74 -74 -74 -74 -74 -74 -74 -74 -74 -74 -72 -72 -72 -72 -72 -72 -72 -72 -72 -72 -72 -72 -72 -71 
CID
13754896 13754896 13754896 13769745 13769745 13769745 13769745 13769745 13769745 13769745 13769745 13769745 13769745 13769745 13769745 13769745 13769745 13769745 13769745 13769745 13769745 13769745 13769745 13769745 13769745 13769745 13769745 13769745 13769745 13769745 13769745 13769745 13769745 13769745 13769745 13769745 13769745 13769745 13769745 13754888 13754888 13754888 13754888 13754888 13754888 13769745 13769745 13769745 13769745 13769745 13769745 13769745 13769745 13769745 13769745 13769745 13769745 13769745 13769745 13769745 13769745 13769745 13769745 13769745 13769745 13769745 13769745 13769745 13769745 13769745 13769745 13769745 13769745 13769745 13769745 13769745 13769745 13769745 13769745 13769745 13769745 13769745 13769745 13769745 13769745 13769745 13769745 13769745 13769745 13769745 13769745 13769745 13769745 13769745 13769745 13769745 13769745 13769745 13769745 13769745 13769745 13769745 13769745 13769745 13769745 13769745 13754896 13754896 13754896 13754896 13754896 13754896 13754896 13769745 13754896 13754896 13754896 13754896 13754896 13754896 13754896 13754896 13754896 13754896 13754896 13754896 13754896 13754896 13754896 13754896 13754896 13754896 13754896 13754896 13754896 13754896 13754896 13754896 13754896 13754896 13754896 13754896 13754896 13754896 13754896 13754896 13754896 13754896 13754896 13754896 13754896 13754896 13754896 13754896 13754896 13754896 13754896 13754896 13754896 13754896 13754896 13754896 13754896 13769745 13769745 13769745 13769745 13769745 13769745 13769745 13769745 13769745 13769745 13769745 13769745 13769745 13769745 13754896 13754896 13754896 13754896 13754896 13754896 13754896 13754896 13754896 13754896 13754896 13754896 13754896 13754896 13769745 13769745 13769745 13769745 13769745 13769745 13769745 13769745 13769745 13754896 13754896 13754896 13754896 13754896 13754896 13754896 13754896 13754896 13769745 13769745 13769745 13769745 13769745 13754896 13754896 13754896 13754896 13754896 13754896 13754896 13792279 13792279 13792279 13792279 13792279 13754896 13754896 13754896 13769745 13769745 13769745 13769745 13769745 13769745 13769745 13769745 13769745 13769745 13769745 13769745 13769745 13769745 13769745 13792279 13792279 13792279 13792279 13792279 13792279 13792279 13792279 13792279 13792279 13792279 13792279 13792279 13792279 13792279 13792279 13792279 13792279 13792279 13792279 13792279 13792279 13792279 13792279 13769745 13769745 13769745 13769745 13769745 13769745 13769745 13769745 13769745 13769745 13769745 13769745 13769745 13769745 13769745 13769745 13769745 13769745 13769745 13769745 13769745 13769745 13769745 13769745 13769745 13769745 13769745 13769745 13769745 13769745 13769745 13769745 13769745 13769745 13769745 13769745 13769745 
RSRP of 5G
-83 -83 -82 -82 -82 -82 -75 -75 -75 -75 -75 -75 -75 -81 -81 -81 -81 -81 -81 -88 -88 -83 -83 -83 -83 -83 -83 -83 -83 -87 -87 -85 -85 -85 -85 -80 -80 -87 -87 -81 -81 -81 -81 -81 -81 -82 -82 -79 -81 -81 -79 -79 -79 -79 -79 -79 -83 -83 -83 -83 -86 -86 -104 -84 -83 -83 -87 -87 -84 -84 -84 -84 -84 -84 -84 -84 -80 -80 -82 -82 -79 -79 -85 -85 -85 -85 -84 -84 -91 -91 -83 -83 -83 -83 -83 -83 -83 -83 -83 -83 -86 -86 -86 -88 -88 -92 -92 -92 -92 -81 -80 -81 -81 -81 -81 -81 -81 -100 -100 -140 -140 -140 -140 -140 -140 -140 -88 -88 -91 -91 -84 -84 -89 -89 -95 -95 -97 -97 -86 -86 -85 -85 -82 -82 -83 -83 -82 -82 -84 -84 -90 -76 -77 -77 -77 -77 -81 -81 -78 -78 -78 -78 -74 -74 -79 -79 -79 -79 -79 -79 -85 -78 -77 -77 -78 -78 -78 -79 -80 -80 -81 -81 -83 -83 -83 -83 -83 -83 -79 -79 -79 -79 -88 -84 -81 -81 -79 -79 -79 -79 -79 -79 -80 -80 -80 -80 -79 -79 -80 -80 -82 -82 -116 -77 -82 -82 -95 -95 -83 -83 -93 -83 -83 -83 -83 -83 -85 -85 -85 -84 -84 -84 -84 -84 -87 -87 -87 -87 -89 -89 -82 -82 -77 -77 -72 -72 -72 -70 -70 -70 -70 -70 -70 -70 -75 -75 -75 -75 -75 -75 -75 -75 -75 -75 -75 -75 -82 -82 -78 -78 -87 -87 -84 -84 -84 -84 -84 -84 -84 -84 -84 -84 -84 -84 -84 -84 -84 -84 -84 -84 -84 -82 -80 -80 -80 -80 -80 -80 -80 -80 -80 -80 -80 -80 -84 
CQI
2147483647 2147483647 2147483647 2147483647 2147483647 2147483647 2147483647 2147483647 2147483647 2147483647 2147483647 2147483647 2147483647 2147483647 2147483647 2147483647 2147483647 2147483647 2147483647 2147483647 2147483647 2147483647 2147483647 2147483647 2147483647 2147483647 2147483647 2147483647 2147483647 2147483647 2147483647 2147483647 2147483647 2147483647 2147483647 2147483647 2147483647 2147483647 2147483647 2147483647 2147483647 2147483647 2147483647 2147483647 2147483647 2147483647 2147483647 2147483647 2147483647 2147483647 2147483647 2147483647 2147483647 2147483647 2147483647 2147483647 2147483647 2147483647 2147483647 2147483647 2147483647 2147483647 2147483647 2147483647 2147483647 2147483647 2147483647 2147483647 2147483647 2147483647 2147483647 2147483647 2147483647 2147483647 2147483647 2147483647 2147483647 2147483647 2147483647 2147483647 2147483647 2147483647 2147483647 2147483647 2147483647 2147483647 2147483647 2147483647 2147483647 2147483647 2147483647 2147483647 2147483647 2147483647 2147483647 2147483647 2147483647 2147483647 2147483647 2147483647 2147483647 2147483647 2147483647 2147483647 2147483647 2147483647 2147483647 2147483647 2147483647 2147483647 2147483647 2147483647 2147483647 2147483647 2147483647 2147483647 2147483647 2147483647 2147483647 2147483647 2147483647 2147483647 2147483647 2147483647 2147483647 2147483647 2147483647 2147483647 2147483647 2147483647 2147483647 2147483647 2147483647 2147483647 2147483647 2147483647 2147483647 2147483647 2147483647 2147483647 2147483647 2147483647 2147483647 2147483647 2147483647 2147483647 2147483647 2147483647 2147483647 2147483647 2147483647 2147483647 2147483647 2147483647 2147483647 2147483647 2147483647 2147483647 2147483647 2147483647 2147483647 2147483647 2147483647 2147483647 2147483647 2147483647 2147483647 2147483647 2147483647 2147483647 2147483647 2147483647 2147483647 2147483647 2147483647 2147483647 2147483647 2147483647 2147483647 2147483647 2147483647 2147483647 2147483647 2147483647 2147483647 2147483647 2147483647 2147483647 2147483647 2147483647 2147483647 2147483647 2147483647 2147483647 2147483647 2147483647 2147483647 2147483647 2147483647 2147483647 2147483647 2147483647 2147483647 2147483647 2147483647 2147483647 2147483647 2147483647 2147483647 2147483647 2147483647 2147483647 2147483647 2147483647 2147483647 2147483647 2147483647 2147483647 2147483647 2147483647 2147483647 2147483647 2147483647 2147483647 2147483647 2147483647 2147483647 2147483647 2147483647 2147483647 2147483647 2147483647 2147483647 2147483647 2147483647 2147483647 2147483647 2147483647 2147483647 2147483647 2147483647 2147483647 2147483647 2147483647 2147483647 2147483647 2147483647 2147483647 2147483647 2147483647 2147483647 2147483647 2147483647 2147483647 2147483647 2147483647 2147483647 2147483647 2147483647 2147483647 2147483647 2147483647 2147483647 2147483647 2147483647 2147483647 2147483647 2147483647 2147483647 2147483647 2147483647 2147483647 2147483647 2147483647 2147483647 2147483647 2147483647 2147483647 2147483647 2147483647 2147483647 2147483647 2147483647 2147483647 2147483647 2147483647 2147483647 2147483647 2147483647 2147483647 2147483647 2147483647 2147483647 2147483647 2147483647 2147483647 2147483647 2147483647 2147483647 2147483647 2147483647 2147483647 2147483647 2147483647 2147483647 
Altitude
-118.00923919677734 -117.41736602783203 -116.70923614501953 -116.17549896240234 -114.97061920166016 -113.77631378173828 -111.46696472167969 -109.5381088256836 -107.53526306152344 -105.4531478881836 -103.49258422851562 -101.56900787353516 -99.5291748046875 -97.56332397460938 -95.3015365600586 -93.45722961425781 -91.412109375 -89.7052001953125 -87.6865005493164 -85.78406524658203 -83.78650665283203 -81.47187042236328 -79.65399169921875 -77.53488159179688 -75.89138793945312 -74.39586639404297 -73.19098663330078 -71.81700134277344 -70.8235092163086 -70.1629409790039 -69.30155944824219 -68.38733673095703 -67.80075073242188 -68.27635955810547 -67.96456909179688 -67.8271713256836 -67.40440368652344 -67.187744140625 -66.77554321289062 -66.5377426147461 -66.46903991699219 -66.25765991210938 -66.0040054321289 -66.72798156738281 -66.56945037841797 -67.03449249267578 -67.6633529663086 -68.10725402832031 -67.9909896850586 -68.60928344726562 -68.79424285888672 -68.41903686523438 -68.46659851074219 -68.41903686523438 -68.14424133300781 -66.32107543945312 -65.9564437866211 -65.85075378417969 -66.13611602783203 -65.98815155029297 -65.02107238769531 -63.18205261230469 -61.205631256103516 -59.852787017822266 -59.3454704284668 -57.717830657958984 -56.24344253540039 -53.89181900024414 -52.07393264770508 -49.96540069580078 -47.81459045410156 -45.71133804321289 -43.36499786376953 -41.7109375 -38.47150802612305 -35.32191848754883 -32.84346389770508 -31.036149978637695 -30.49712562561035 -28.72151756286621 -28.821924209594727 -26.121519088745117 -22.74997901916504 -21.00079345703125 -19.753639221191406 -18.5593318939209 -18.379657745361328 -16.6146183013916 -13.634133338928223 -11.594297409057617 -10.28901481628418 -9.586170196533203 -8.81462574005127 -8.555683135986328 -8.18576431274414 -7.731293678283691 -7.551618576049805 -7.271537780761719 -7.0971479415893555 -6.869912147521973 -6.674384117126465 -6.558123588562012 -6.399587631225586 -6.320319175720215 -6.415441036224365 -6.4630022048950195 -6.473570823669434 -6.801213264465332 -7.525196075439453 -9.765844345092773 -12.101613998413086 -14.025190353393555 -15.029253959655762 -16.17071533203125 -17.106081008911133 -18.490633010864258 -20.667865753173828 -21.09062957763672 -23.193880081176758 -23.722335815429688 -25.714609146118164 -27.59062385559082 -28.747940063476562 -30.127206802368164 -31.591026306152344 -33.19752883911133 -34.53451919555664 -36.3524055480957 -38.45037078857422 -40.05158615112305 -41.56296920776367 -43.0532112121582 -44.585731506347656 -45.28857421875 -47.49222946166992 -48.12109375 -50.62068176269531 -51.376373291015625 -52.58124923706055 -53.84954071044922 -55.4771842956543 -56.777183532714844 -58.198726654052734 -59.403602600097656 -60.63490295410156 -62.59018325805664 -63.620670318603516 -64.682861328125 -65.2271728515625 -66.21538543701172 -66.70684814453125 -66.88124084472656 -67.18245697021484 -66.53245544433594 -66.83895874023438 -66.52188873291016 -66.18896484375 -66.40034484863281 -66.35807037353516 -66.65399932861328 -66.78083038330078 -68.22879791259766 -68.71497344970703 -68.18123626708984 -66.81782531738281 -66.03042602539062 -64.52433013916016 -62.84912872314453 -62.02473831176758 -61.01010513305664 -59.21864318847656 -57.427181243896484 -55.03327941894531 -53.114990234375 -51.159706115722656 -49.45808410644531 -47.317840576171875 -45.0507698059082 -43.31215286254883 -41.541831970214844 -39.7662239074707 -37.47272872924805 -35.3536262512207 -33.340213775634766 -31.564603805541992 -29.308101654052734 -27.72273826599121 -25.59306526184082 -23.66420555114746 -21.71420669555664 -19.67437171936035 -18.62803077697754 -17.153642654418945 -15.319904327392578 -13.22722339630127 -12.608930587768555 -12.143890380859375 -11.604866981506348 -11.028851509094238 -10.880884170532227 -10.775193214416504 -9.337796211242676 -9.253243446350098 -8.53982925415039 -8.074789047241211 -7.916252613067627 -7.641456127166748 -7.604464530944824 -7.408936023712158 -7.7418622970581055 -8.302024841308594 -8.275602340698242 -8.080073356628418 -8.391861915588379 -9.728852272033691 -11.404054641723633 -13.052833557128906 -15.092668533325195 -17.16421127319336 -18.44835662841797 -20.408924102783203 -21.830467224121094 -23.769895553588867 -24.203227996826172 -25.645910263061523 -27.691030502319336 -28.85363006591797 -30.232898712158203 -30.856473922729492 -33.054847717285156 -35.59671401977539 -36.89671325683594 -38.85728073120117 -39.982887268066406 -41.610530853271484 -42.619876861572266 -44.13654327392578 -45.251583099365234 -47.4129638671875 -48.10523986816406 -50.26661682128906 -51.87312316894531 -52.639381408691406 -52.99872970581055 -54.61580276489258 -55.371490478515625 -56.75604248046875 -57.96092224121094 -59.31376647949219 -60.57148742675781 -62.08286666870117 -63.330020904541016 -63.92717361450195 -64.6458740234375 -64.98937225341797 -65.7027816772461 -66.37920379638672 -67.20887756347656 -67.53123474121094 -67.79017639160156 -67.92229461669922 -68.2816390991211 -68.5828628540039 -68.65155792236328 -68.8946533203125 -68.4771728515625 -67.1666030883789 -66.18896484375 -65.935302734375 -66.06741333007812 -67.46781921386719 -69.00562286376953 -70.75481414794922 -72.36131286621094 -73.89911651611328 -75.26781463623047 -76.72106170654297 -78.42797088623047 -79.72268676757812 -81.49829864501953 -83.14179229736328 -84.26740264892578 -85.97431182861328 -86.95723724365234 -88.85967254638672 -90.4503173828125 -91.95113372802734 -93.72673797607422 -95.29624938964844 -96.73365020751953 -97.50518798828125 -98.90031433105469 -101.11454010009766 -102.18201446533203 -103.59298706054688 -105.18892669677734 -106.3356704711914 -107.4612808227539 -109.0625 -110.54216766357422 -112.27021789550781 -113.35883331298828 -115.08688354492188 -116.4027328491211 -118.11492919921875 