LTE(1) or 5G(2)
2 2 2 2 2 2 2 2 2 2 2 2 2 2 2 2 2 2 2 2 2 2 2 2 2 2 2 2 2 2 2 2 2 2 2 2 2 2 2 2 2 2 2 2 1 1 2 2 2 2 1 2 2 2 2 2 2 2 2 2 2 2 2 2 2 2 2 2 2 2 2 2 2 2 2 2 2 2 2 2 2 2 2 2 2 2 2 2 2 2 2 1 1 1 2 2 2 2 2 2 2 2 2 2 2 2 2 2 2 2 2 2 2 2 2 2 2 2 2 2 2 2 2 2 2 2 2 2 2 2 2 2 2 2 2 2 2 2 2 2 2 2 2 2 2 2 2 2 2 2 2 2 2 2 2 2 2 2 2 2 2 2 2 2 2 2 2 2 2 2 2 2 2 2 2 2 2 2 2 2 2 2 2 2 2 2 2 2 2 2 2 2 2 2 2 2 2 2 2 2 2 2 2 2 2 2 2 2 2 2 2 2 2 2 2 2 2 2 2 2 2 2 2 2 2 2 2 2 2 2 2 2 2 2 2 2 2 2 2 2 2 2 2 2 2 2 2 2 2 2 2 2 2 2 2 2 2 2 2 2 2 2 2 2 2 2 2 2 2 2 2 2 2 2 2 2 2 2 2 2 
SNR of LTE
2 2 2 2 1 1 1 1 1 1 1 1 1 1 1 1 1 1 0 0 0 0 1 1 1 1 1 1 1 1 1 1 0 0 0 0 0 0 0 0 0 0 -1 -1 -1 -1 -1 -1 -1 -1 -1 -1 -1 -1 -1 -1 -1 -1 -1 -3 -3 -3 -3 -3 -3 -3 -3 -3 -3 -3 -3 -3 -3 -3 -3 -3 -3 -3 -3 -3 -3 -1 -1 -1 -1 -1 -1 0 0 0 1 1 1 1 1 1 1 1 1 1 2 2 2 2 2 2 2 2 2 2 2 2 2 2 1 1 1 2 2 2 2 2 2 2 2 2 2 2 2 2 2 2 2 2 2 3 3 3 2 2 2 2 2 2 2 2 2 2 2 2 2 2 2 3 3 3 3 3 3 2 2 3 3 3 3 1 1 1 1 1 0 0 0 0 0 0 0 -1 -1 -2 -2 -2 -2 -2 -3 -3 -3 -5 -5 -6 -6 -6 -6 -6 -6 -6 -6 -6 -6 -6 -6 -8 -8 -8 -8 -7 -7 -7 -7 -7 -7 -7 -7 -6 -6 -6 -6 -6 -6 -4 -4 -4 -4 -3 -3 -3 -3 -3 -3 -3 -3 -3 -3 -3 -3 0 0 0 0 0 0 0 0 0 0 0 0 0 0 0 0 0 0 0 0 0 0 0 0 0 0 0 0 0 0 0 0 0 0 0 0 0 0 0 0 0 0 0 0 0 
SNR of 5G
3 3 0 0 -1 -1 11 11 11 11 6 6 6 6 6 6 1 1 -1 -1 -1 -1 0 0 2 2 1 1 1 1 2 2 1 1 2 2 2 2 1 1 1 1 1 1 0 0 -2 -2 -4 -4 0 -4 3 3 3 3 3 3 3 5 5 5 5 5 5 5 5 5 5 5 5 5 5 5 3 3 3 3 3 3 3 4 4 4 4 4 4 3 3 3 3 0 0 0 3 3 3 3 3 3 1 1 0 0 -1 -1 -3 -3 -3 -3 -3 -3 -3 -3 -1 -1 -2 0 0 -1 -1 -4 -5 0 0 3 3 3 3 3 3 2 2 3 3 5 5 1 1 7 7 6 6 6 6 2 2 3 3 4 4 4 4 3 3 4 4 4 4 3 3 3 3 3 3 0 0 -2 -2 2 2 0 0 -1 -1 0 0 -1 -1 0 0 1 1 1 0 -1 -1 -1 -1 -1 -1 -1 -1 -2 -2 -3 -3 -7 -8 -8 3 3 3 3 3 6 6 6 6 6 6 6 6 9 9 9 9 9 9 9 9 9 9 8 8 8 8 8 8 8 8 8 8 8 8 0 0 0 0 -2 -3 4 4 1 1 2 2 2 2 2 2 2 2 1 1 0 0 0 0 0 0 -1 -1 -1 -1 0 0 1 1 2 2 1 2 6 6 6 6 5 5 3 
RSSI
-51 -51 -51 -51 -51 -51 -51 -51 -51 -51 -51 -51 -51 -51 -51 -51 -51 -51 -51 -51 -51 -51 -51 -51 -51 -51 -51 -51 -51 -51 -51 -51 -51 -51 -51 -51 -51 -51 -51 -51 -51 -51 -51 -51 -51 -51 -51 -51 -51 -51 -51 -51 -51 -51 -51 -51 -51 -51 -51 -51 -51 -51 -51 -51 -51 -51 -51 -51 -51 -51 -51 -51 -51 -51 -51 -51 -51 -51 -51 -51 -51 -51 -51 -51 -51 -51 -51 -51 -51 -51 -51 -51 -51 -51 -51 -51 -51 -51 -51 -51 -51 -51 -51 -51 -51 -51 -51 -51 -51 -51 -51 -51 -51 -51 -51 -51 -51 -51 -51 -51 -51 -51 -51 -51 -51 -51 -51 -51 -51 -51 -51 -51 -51 -51 -51 -51 -51 -51 -51 -51 -51 -51 -51 -51 -51 -51 -51 -51 -51 -51 -51 -51 -51 -51 -51 -51 -51 -51 -51 -51 -51 -51 -51 -51 -51 -51 -51 -51 -51 -51 -51 -51 -51 -51 -51 -51 -51 -51 -51 -51 -51 -51 -51 -51 -51 -51 -51 -51 -51 -51 -51 -51 -51 -51 -51 -51 -51 -51 -51 -51 -51 -51 -51 -51 -51 -51 -51 -51 -51 -51 -51 -51 -51 -51 -51 -51 -51 -51 -51 -51 -51 -51 -51 -51 -51 -51 -51 -51 -51 -51 -51 -51 -51 -51 -51 -51 -51 -51 -51 -51 -51 -51 -51 -51 -51 -51 -51 -51 -51 -51 -51 -51 -51 -51 -51 -51 -51 -51 -51 -51 -51 -51 -51 -51 -51 -51 -51 -51 -51 -51 -51 -51 -51 -51 -51 -51 -51 -51 -51 -51 
RSRP
-76 -76 -76 -76 -77 -77 -77 -77 -77 -77 -76 -76 -76 -76 -76 -76 -75 -75 -75 -75 -75 -75 -75 -75 -75 -75 -75 -75 -75 -75 -75 -75 -75 -75 -75 -75 -75 -75 -75 -76 -76 -76 -76 -76 -76 -76 -76 -76 -76 -76 -76 -76 -76 -76 -76 -76 -76 -76 -76 -77 -77 -77 -77 -77 -77 -77 -77 -77 -77 -77 -77 -77 -77 -77 -77 -77 -77 -77 -77 -77 -77 -74 -74 -74 -74 -74 -74 -73 -73 -73 -73 -73 -73 -73 -73 -73 -73 -73 -73 -73 -71 -71 -71 -71 -71 -71 -71 -71 -71 -71 -71 -71 -71 -71 -71 -71 -71 -69 -69 -69 -68 -68 -68 -69 -69 -69 -69 -69 -69 -69 -69 -69 -69 -69 -68 -68 -68 -68 -69 -69 -69 -69 -69 -68 -68 -68 -68 -68 -68 -68 -68 -68 -68 -67 -67 -67 -67 -67 -67 -67 -67 -67 -67 -67 -67 -68 -68 -68 -68 -68 -70 -70 -70 -70 -72 -72 -72 -74 -74 -76 -76 -76 -76 -76 -78 -78 -78 -79 -79 -79 -79 -79 -79 -79 -79 -78 -78 -78 -78 -78 -78 -79 -79 -79 -79 -79 -79 -79 -79 -79 -79 -79 -79 -78 -78 -78 -78 -78 -78 -77 -77 -77 -77 -78 -78 -78 -78 -78 -78 -78 -78 -78 -78 -78 -78 -77 -77 -77 -77 -77 -77 -77 -77 -78 -78 -78 -78 -77 -77 -77 -77 -77 -77 -77 -77 -77 -77 -77 -77 -76 -76 -76 -76 -76 -76 -76 -76 -75 -75 -75 -75 -75 -75 -75 -75 -75 -75 -75 -75 -75 
CID
13792258 13792258 13792258 13792258 13792258 13792258 13792258 13792258 13792258 13792258 13792258 13792258 13792258 13792258 13792258 13792258 13792258 13792258 13792258 13792258 13792258 13792258 13792258 13792258 13792258 13792258 13792258 13792258 13792258 13792258 13792258 13792258 13792258 13792258 13792258 13792258 13792258 13792258 13792258 13792258 13792258 13792258 13792258 13792258 13792258 13792258 13792258 13792258 13792258 13792258 13792258 13792258 13792258 13792258 13792258 13792258 13792258 13792258 13792258 13792513 13792513 13792513 13792513 13792513 13769739 13769739 13769739 13769739 13769739 13769739 13769739 13769739 13769739 13769739 13769739 13769739 13769739 13769739 13769739 13769739 13769739 13769739 13769739 13769739 13769739 13769739 13769739 13769739 13769739 13769739 13769739 13769739 13769739 13769739 13769739 13769739 13769739 13769739 13769739 13769739 13769739 13769739 13769739 13769739 13769739 13769739 13769739 13769739 13769739 13769739 13769739 13769739 13769739 13769739 13769739 13769739 13769739 13769739 13769739 13769739 13769739 13769739 13769739 13769739 13769739 13769739 13769739 13769739 13769739 13769739 13769739 13769739 13769739 13769739 13769739 13769739 13769739 13769739 13769739 13769739 13769739 13769739 13769739 13769739 13769739 13769739 13769739 13769739 13769739 13769739 13769739 13769739 13769739 13769739 13769739 13769739 13769739 13769739 13769739 13769739 13769739 13769739 13792523 13792523 13792523 13792523 13792523 13792523 13792523 13792513 13792513 13792523 13792523 13792513 13792513 13792513 13792513 13792513 13792513 13792513 13792513 13792513 13792513 13792513 13792513 13792513 13792513 13792513 13792513 13792258 13792258 13792258 13792513 13792513 13792513 13792513 13792513 13792513 13792513 13792513 13792258 13792258 13792258 13792258 13792258 13792258 13792258 13792258 13792258 13792258 13792258 13792258 13792258 13792258 13792258 13792258 13792258 13792258 13792258 13792258 13792258 13792258 13792258 13792258 13792258 13792258 13792258 13792258 13792258 13792258 13792258 13792258 13792258 13792258 13792258 13792258 13792258 13792258 13792258 13792258 13792258 13792258 13792258 13792258 13792258 13792258 13792258 13792258 13792258 13792258 13792258 13792258 13792258 13792258 13792258 13792258 13792258 13792258 13792258 13792258 13792258 13792258 13792258 13792258 13792258 13792258 13792258 13792258 13792258 13792258 13792258 13792258 13792258 13792258 13792258 13792258 13792258 13792258 13792258 13792258 
RSRP of 5G
-85 -85 -86 -86 -79 -79 -75 -75 -75 -75 -81 -81 -81 -81 -81 -81 -84 -84 -90 -90 -86 -86 -87 -87 -85 -85 -84 -84 -89 -89 -89 -89 -85 -85 -86 -86 -86 -86 -83 -83 -97 -97 -100 -100 -100 -100 -111 -111 -80 -80 -80 -83 -84 -84 -84 -84 -84 -84 -84 -84 -84 -84 -84 -84 -83 -83 -83 -83 -83 -83 -83 -83 -87 -87 -83 -83 -83 -83 -83 -83 -83 -84 -84 -84 -84 -84 -84 -86 -86 -86 -89 -89 -89 -89 -76 -76 -76 -76 -76 -76 -88 -88 -84 -84 -89 -89 -81 -81 -81 -81 -81 -81 -81 -81 -84 -84 -83 -82 -82 -82 -82 -132 -83 -82 -82 -78 -78 -78 -78 -83 -83 -87 -78 -83 -83 -77 -77 -83 -83 -74 -74 -80 -80 -80 -80 -82 -82 -81 -81 -78 -78 -78 -78 -77 -77 -89 -89 -78 -78 -81 -81 -81 -75 -75 -75 -84 -84 -84 -84 -82 -82 -77 -77 -78 -78 -76 -76 -78 -78 -78 -78 -79 -79 -79 -83 -90 -79 -80 -80 -80 -80 -80 -78 -80 -80 -80 -80 -118 -80 -80 -77 -77 -77 -77 -77 -77 -77 -77 -77 -77 -77 -77 -77 -74 -74 -74 -74 -74 -74 -69 -69 -69 -69 -75 -75 -75 -75 -75 -75 -75 -75 -75 -75 -75 -75 -81 -81 -89 -89 -92 -84 -84 -84 -86 -86 -84 -84 -90 -90 -84 -84 -90 -90 -85 -85 -86 -86 -84 -84 -84 -84 -89 -89 -86 -86 -89 -89 -87 -87 -87 -87 -85 -77 -80 -80 -80 -80 -82 -82 -116 
CQI
2147483647 2147483647 2147483647 2147483647 2147483647 2147483647 2147483647 2147483647 2147483647 2147483647 2147483647 2147483647 2147483647 2147483647 2147483647 2147483647 2147483647 2147483647 2147483647 2147483647 2147483647 2147483647 2147483647 2147483647 2147483647 2147483647 2147483647 2147483647 2147483647 2147483647 2147483647 2147483647 2147483647 2147483647 2147483647 2147483647 2147483647 2147483647 2147483647 2147483647 2147483647 2147483647 2147483647 2147483647 2147483647 2147483647 2147483647 2147483647 2147483647 2147483647 2147483647 2147483647 2147483647 2147483647 2147483647 2147483647 2147483647 2147483647 2147483647 2147483647 2147483647 2147483647 2147483647 2147483647 2147483647 2147483647 2147483647 2147483647 2147483647 2147483647 2147483647 2147483647 2147483647 2147483647 2147483647 2147483647 2147483647 2147483647 2147483647 2147483647 2147483647 2147483647 2147483647 2147483647 2147483647 2147483647 2147483647 2147483647 2147483647 2147483647 2147483647 2147483647 2147483647 2147483647 2147483647 2147483647 2147483647 2147483647 2147483647 2147483647 2147483647 2147483647 2147483647 2147483647 2147483647 2147483647 2147483647 2147483647 2147483647 2147483647 2147483647 2147483647 2147483647 2147483647 2147483647 2147483647 2147483647 2147483647 2147483647 2147483647 2147483647 2147483647 2147483647 2147483647 2147483647 2147483647 2147483647 2147483647 2147483647 2147483647 2147483647 2147483647 2147483647 2147483647 2147483647 2147483647 2147483647 2147483647 2147483647 2147483647 2147483647 2147483647 2147483647 2147483647 2147483647 2147483647 2147483647 2147483647 2147483647 2147483647 2147483647 2147483647 2147483647 2147483647 2147483647 2147483647 2147483647 2147483647 2147483647 2147483647 2147483647 2147483647 2147483647 2147483647 2147483647 2147483647 2147483647 2147483647 2147483647 2147483647 2147483647 2147483647 2147483647 2147483647 2147483647 2147483647 2147483647 2147483647 2147483647 2147483647 2147483647 2147483647 2147483647 2147483647 2147483647 2147483647 2147483647 2147483647 2147483647 2147483647 2147483647 2147483647 2147483647 2147483647 2147483647 2147483647 2147483647 2147483647 2147483647 2147483647 2147483647 2147483647 2147483647 2147483647 2147483647 2147483647 2147483647 2147483647 2147483647 2147483647 2147483647 2147483647 2147483647 2147483647 2147483647 2147483647 2147483647 2147483647 2147483647 2147483647 2147483647 2147483647 2147483647 2147483647 2147483647 2147483647 2147483647 2147483647 2147483647 2147483647 2147483647 2147483647 2147483647 2147483647 2147483647 2147483647 2147483647 2147483647 2147483647 2147483647 2147483647 2147483647 2147483647 2147483647 2147483647 2147483647 2147483647 2147483647 2147483647 2147483647 2147483647 2147483647 2147483647 2147483647 2147483647 2147483647 2147483647 2147483647 2147483647 2147483647 2147483647 2147483647 2147483647 2147483647 2147483647 2147483647 2147483647 2147483647 2147483647 2147483647 2147483647 2147483647 2147483647 2147483647 2147483647 2147483647 2147483647 2147483647 2147483647 2147483647 
Altitude
-74.05765533447266 -73.31781768798828 -72.66252899169922 -71.87513732910156 -70.68082427978516 -69.07960510253906 -66.91822814941406 -64.94181060791016 -62.63774490356445 -60.76701354980469 -58.80644989013672 -56.8723030090332 -54.74263000488281 -52.866615295410156 -50.641822814941406 -48.739383697509766 -46.387760162353516 -44.453617095947266 -42.49304962158203 -40.52191162109375 -38.47150802612305 -36.5162239074707 -34.7036247253418 -32.653221130371094 -30.930458068847656 -29.752004623413086 -28.85363006591797 -27.83371353149414 -27.152006149291992 -26.528430938720703 -25.63534164428711 -25.21786117553711 -24.768674850463867 -24.41461181640625 -23.838594436645508 -24.113391876220703 -24.250789642333984 -23.99713134765625 -23.362985610961914 -22.940221786499023 -22.90851402282715 -22.633718490600586 -22.75526237487793 -22.691848754882812 -22.40119743347168 -22.612579345703125 -22.940221786499023 -23.60079002380371 -22.834531784057617 -22.549165725708008 -22.649572372436523 -23.051197052001953 -23.468677520751953 -23.495100021362305 -23.53209114074707 -23.431684494018555 -23.24672508239746 -23.098758697509766 -23.072336196899414 -23.17802619934082 -23.119895935058594 -23.008920669555664 -23.093473434448242 -22.993066787719727 -23.082904815673828 -23.019489288330078 -23.17802619934082 -23.167457580566406 -23.146320343017578 -23.252010345458984 -23.257295608520508 -23.22030258178711 -23.389408111572266 -23.39469337463379 -23.64306640625 -22.945507049560547 -22.591442108154297 -22.121116638183594 -21.962581634521484 -21.967864990234375 -22.06827163696289 -22.010141372680664 -22.0259952545166 -22.078840255737305 -22.00485610961914 -22.052417755126953 -22.13697052001953 -22.28493881225586 -22.168678283691406 -22.163393020629883 -22.057703018188477 -22.24794578552246 -21.650793075561523 -21.724775314331055 -22.321929931640625 -24.012985229492188 -24.372333526611328 -24.99062728881836 -25.862577438354492 -25.26013946533203 -25.027618408203125 -24.847944259643555 -24.657699584960938 -24.7316837310791 -24.821521759033203 -24.562578201293945 -24.2613582611084 -24.28249740600586 -24.208513259887695 -24.293066024780273 -24.234935760498047 -24.345911026000977 -24.356481552124023 -24.224367141723633 -24.17680549621582 -24.41461181640625 -24.409326553344727 -24.28249740600586 -24.356481552124023 -24.451602935791016 -24.652416229248047 -24.17152214050293 -25.01704978942871 -23.08819007873535 -23.53209114074707 -23.88615608215332 -23.28371810913086 -22.876808166503906 -23.003637313842773 -22.882091522216797 -22.897945404052734 -23.08819007873535 -23.019489288330078 -23.06705093383789 -23.304855346679688 -23.17274284362793 -22.792255401611328 -23.035343170166016 -22.977214813232422 -24.03940773010254 -24.715829849243164 -23.447538375854492 -23.447538375854492 -23.627212524414062 -24.002416610717773 -24.562578201293945 -25.4398136138916 -25.577211380004883 -25.693471908569336 -25.70404052734375 -25.63534164428711 -25.55078887939453 -25.556072235107422 -25.56664276123047 -25.714609146118164 -25.741031646728516 -25.630056381225586 -25.672332763671875 -25.788593292236328 -25.719894409179688 -25.577211380004883 -25.556072235107422 -25.846723556518555 -25.66176414489746 -25.7304630279541 -25.476804733276367 -25.445096969604492 -25.719894409179688 -25.825584411621094 -26.4385929107666 -25.37639808654785 -24.652416229248047 -24.081684112548828 -24.21908187866211 -24.034122467041016 -23.838594436645508 -23.473960876464844 -23.611358642578125 -23.59550666809082 -23.55323028564453 -23.590221405029297 -23.60079002380371 -23.727619171142578 -23.880870819091797 -23.236156463623047 -23.28900146484375 -22.586156845092773 -22.86095428466797 -23.098758697509766 -24.293066024780273 -24.578432083129883 -25.254854202270508 -25.186155319213867 -25.202009201049805 -25.21257781982422 -25.054040908813477 -25.37639808654785 -25.180870056152344 -25.249568939208984 -25.13330841064453 -25.228431701660156 -25.096317291259766 -25.091033935546875 -25.186155319213867 -25.39225196838379 -25.84143829345703 -25.888999938964844 -25.83615493774414 -25.81501579284668 -26.047536849975586 -26.08452796936035 -26.14794158935547 -25.99468994140625 -26.184934616088867 -26.095096588134766 -25.957698822021484 -25.165016174316406 -24.277212142944336 -23.57436752319336 -23.415830612182617 -23.48981475830078 -23.727619171142578 -23.949569702148438 -24.330059051513672 -24.13452911376953 -23.722335815429688 -23.558513641357422 -23.63778305053711 -23.88615608215332 -23.9707088470459 -23.63778305053711 -23.2625789642334 -23.230873107910156 -23.341848373413086 -23.60079002380371 -22.82396125793457 -22.20038604736328 -22.321929931640625 -21.9361572265625 -22.390628814697266 -22.834531784057617 -22.982498168945312 -23.92843246459961 -25.112171173095703 -27.4373722076416 -28.54712677001953 -29.598752975463867 -30.682085037231445 -31.765417098999023 -33.31378936767578 -34.48695755004883 -35.623138427734375 -36.975982666015625 -38.978824615478516 -40.173133850097656 -41.610530853271484 -43.037357330322266 -44.91337203979492 -46.250362396240234 -47.57149887084961 -49.20442581176758 -50.41987228393555 -51.81499099731445 -53.04629135131836 -54.795475006103516 -56.4019775390625 -57.67026901245117 -59.424739837646484 -61.01538848876953 -62.627174377441406 -63.77920913696289 -65.5865249633789 -66.93408203125 -68.55115509033203 -69.85643768310547 -71.16700744628906 -73.00602722167969 -74.20033264160156 -74.04708099365234 -75.25196075439453 