LTE(1) or 5G(2)
2 2 2 2 2 2 2 2 2 2 2 2 2 2 2 2 2 2 2 2 2 2 2 2 2 2 2 2 2 2 2 2 2 2 2 2 2 2 2 2 2 2 2 2 2 2 2 2 2 2 2 2 2 2 2 2 2 2 2 2 2 2 2 2 2 2 2 2 2 2 2 2 2 2 2 2 2 2 2 2 2 2 2 2 2 2 2 2 2 2 2 2 2 2 2 2 2 2 2 2 2 1 1 1 2 1 1 2 2 2 2 2 2 2 2 2 2 2 2 2 2 2 1 1 1 1 2 2 2 2 2 2 2 2 2 2 2 2 1 1 1 1 1 1 1 1 1 2 2 2 2 1 1 1 1 1 2 2 2 2 2 2 2 2 2 2 2 2 2 2 2 1 1 1 1 1 2 2 2 2 2 2 2 2 2 2 2 2 2 2 2 2 2 2 2 2 2 2 2 2 2 2 2 2 2 2 2 2 1 1 1 1 1 1 1 1 1 2 2 2 2 2 2 2 2 2 2 2 2 1 1 2 2 2 2 2 2 2 2 2 2 2 2 2 2 2 2 2 2 2 2 2 2 2 2 2 2 2 2 2 2 2 2 1 1 1 1 1 1 1 1 1 2 2 2 2 2 2 2 2 2 2 2 2 2 2 2 2 2 2 2 2 2 2 2 2 2 2 2 2 2 2 2 2 2 2 2 2 2 2 2 2 2 2 2 2 2 2 2 2 2 2 2 2 2 2 2 2 2 2 2 2 2 2 2 2 2 2 2 2 2 2 
SNR of LTE
2 2 2 2 3 3 3 3 3 3 3 3 3 3 3 3 3 3 3 3 3 3 3 3 3 3 3 3 2 2 2 2 2 2 2 2 2 0 0 0 0 0 0 0 0 0 0 0 0 0 0 0 0 0 0 -1 -1 -1 -2 -3 -3 -3 -3 -3 -3 -3 -3 -3 -3 -3 -3 -3 -3 -3 -3 -3 -4 -4 -4 -5 -4 -4 -4 -4 -4 -4 -4 -4 -4 -4 -4 -4 -4 -4 -3 -3 -3 -3 -3 -3 -3 -2 -2 -2 -1 -1 -1 -1 -1 -1 -1 -1 -1 -1 -1 -1 -1 -2 -2 -3 -3 -3 -3 -3 -3 -3 -4 -4 -4 -4 -5 -5 -5 -5 -5 -5 -5 -5 -5 -5 -5 -5 -5 -3 -3 -3 -3 -3 -3 -1 -1 -1 -1 0 0 0 0 0 1 1 1 1 1 1 1 1 1 1 1 1 1 1 1 1 1 0 0 0 0 0 0 0 0 0 0 0 0 0 0 0 0 0 0 0 -1 -1 -1 -3 -3 -3 -3 -3 -3 -3 -3 -3 -4 -4 -4 -4 -4 -4 -4 -3 -3 -2 -2 -2 -2 -2 -2 -2 -2 -2 -1 -1 -1 -1 -1 -1 -1 -1 -1 -1 -1 0 0 0 0 0 0 0 0 0 0 -1 -1 -1 -1 -2 -2 -3 -3 -3 -3 -3 -3 -3 -3 -3 -3 -3 -3 -3 -4 -4 -4 -4 -6 -6 -6 -6 -6 -6 -7 -7 -7 -7 -7 -7 -7 -7 -7 -7 -7 -7 -7 -7 -7 -7 -8 -8 -6 -6 -6 -6 -6 -5 -5 -5 -5 -5 -5 -5 -5 -5 -5 -5 -5 -4 -4 -4 -4 -4 -4 -2 -2 -2 -2 -2 -2 -2 -2 -2 -2 -2 -1 0 0 0 0 0 0 0 0 0 2 2 2 2 2 2 
SNR of 5G
7 7 7 7 5 5 5 5 5 5 5 7 7 7 5 3 3 3 3 3 3 3 3 3 3 3 3 3 5 5 5 5 5 5 5 5 5 2 2 4 4 4 4 4 4 6 6 6 6 6 6 6 6 6 6 5 5 5 5 4 4 5 5 5 5 5 5 5 5 5 5 5 5 6 6 6 5 5 5 0 0 0 0 0 0 1 1 1 1 1 1 0 0 0 0 -1 -1 -2 -2 -2 -2 0 0 0 -6 0 0 -4 -4 -1 -4 3 3 2 2 2 2 3 3 2 2 1 0 0 0 0 -4 -4 2 2 0 0 -2 -3 0 0 -3 -3 0 0 0 0 0 0 0 0 0 -6 -6 -6 -6 0 0 0 0 0 -3 -3 -4 -4 -4 -4 -4 -4 0 0 -2 -2 -2 -2 -1 0 0 0 0 0 4 4 -1 -1 -3 -3 -3 -4 -6 -6 -1 -2 -3 -3 -3 -3 -4 -4 -3 -3 1 3 3 3 3 6 6 6 6 6 5 5 0 0 0 0 0 0 0 0 0 -2 -2 1 1 0 0 0 0 -1 -1 -1 -1 0 0 0 0 0 0 0 0 0 0 -1 -1 -1 -1 -2 -2 0 0 0 0 -1 -1 -2 -2 -2 -2 -2 -2 -2 -2 -2 -2 -2 -2 0 0 0 0 0 0 0 0 0 0 0 0 0 0 0 -2 -2 -4 -5 5 5 5 5 5 5 5 5 4 4 3 3 3 3 2 2 3 3 3 3 3 3 3 3 5 5 5 5 5 5 5 5 5 7 7 7 4 4 4 4 3 3 3 3 2 2 6 6 6 6 6 6 6 6 11 11 11 11 11 11 
RSSI
-51 -51 -51 -51 -51 -51 -51 -51 -51 -51 -51 -51 -51 -51 -51 -51 -51 -51 -51 -51 -51 -51 -51 -51 -51 -51 -51 -51 -51 -51 -51 -51 -51 -51 -51 -51 -51 -51 -51 -51 -51 -51 -51 -51 -51 -51 -51 -51 -51 -51 -51 -51 -51 -51 -51 -51 -51 -51 -51 -51 -51 -51 -51 -51 -51 -51 -51 -51 -51 -51 -51 -51 -51 -51 -51 -51 -51 -51 -51 -51 -51 -51 -51 -51 -51 -51 -51 -51 -51 -51 -51 -51 -51 -51 -51 -51 -51 -51 -51 -51 -51 -51 -51 -51 -51 -51 -51 -51 -51 -51 -51 -51 -51 -51 -51 -51 -51 -51 -51 -51 -51 -51 -51 -51 -51 -51 -51 -51 -51 -51 -51 -51 -51 -51 -51 -51 -51 -51 -51 -51 -51 -51 -51 -51 -51 -51 -51 -51 -51 -51 -51 -51 -51 -51 -51 -51 -51 -51 -51 -51 -51 -51 -51 -51 -51 -51 -51 -51 -51 -51 -51 -51 -51 -51 -51 -51 -51 -51 -51 -51 -51 -51 -51 -51 -51 -51 -51 -51 -51 -51 -51 -51 -51 -51 -51 -51 -51 -51 -51 -51 -51 -51 -51 -51 -51 -51 -51 -51 -51 -51 -51 -51 -51 -51 -51 -51 -51 -51 -51 -51 -51 -51 -51 -51 -51 -51 -51 -51 -51 -51 -51 -51 -51 -51 -51 -51 -51 -51 -51 -51 -51 -51 -51 -51 -51 -51 -51 -51 -51 -51 -51 -51 -51 -51 -51 -51 -51 -51 -51 -51 -51 -51 -51 -51 -51 -51 -51 -51 -51 -51 -51 -51 -51 -51 -51 -51 -51 -51 -51 -51 -51 -51 -51 -51 -51 -51 -51 -51 -51 -51 -51 -51 -51 -51 -51 -51 -51 -51 -51 -51 -51 -51 -51 -51 -51 -51 -51 -51 -51 -51 -51 -51 -51 -51 -51 -51 -51 -51 -51 -51 -51 -51 -51 -51 -51 -51 -51 -51 -51 -51 -51 -51 -51 -51 -51 -51 -51 -51 -51 -51 -51 -51 
RSRP
-81 -81 -81 -81 -79 -79 -79 -79 -79 -79 -79 -75 -75 -75 -74 -74 -74 -74 -74 -74 -74 -74 -74 -74 -74 -74 -74 -74 -72 -72 -72 -72 -72 -72 -72 -72 -72 -73 -73 -73 -73 -72 -72 -72 -72 -73 -73 -73 -73 -73 -73 -73 -73 -73 -73 -74 -74 -74 -75 -75 -75 -75 -75 -75 -75 -75 -75 -75 -75 -76 -76 -76 -76 -77 -77 -77 -77 -77 -77 -78 -78 -78 -78 -78 -78 -78 -78 -78 -78 -78 -78 -78 -78 -78 -77 -77 -77 -77 -77 -77 -77 -76 -76 -76 -75 -75 -75 -75 -75 -75 -75 -75 -75 -76 -76 -76 -76 -76 -76 -76 -76 -76 -76 -76 -76 -76 -78 -78 -78 -78 -78 -78 -78 -78 -78 -78 -78 -78 -78 -78 -78 -78 -78 -77 -77 -77 -77 -77 -77 -75 -75 -75 -75 -73 -73 -73 -73 -73 -72 -72 -72 -72 -72 -72 -72 -72 -71 -71 -71 -71 -71 -71 -71 -72 -72 -72 -72 -72 -72 -72 -74 -74 -74 -75 -76 -76 -76 -76 -77 -77 -78 -78 -78 -78 -79 -79 -79 -81 -81 -81 -81 -81 -81 -81 -81 -81 -82 -82 -82 -82 -82 -82 -82 -80 -79 -78 -78 -78 -78 -78 -78 -76 -76 -76 -74 -74 -74 -73 -73 -72 -72 -72 -72 -72 -72 -72 -72 -71 -71 -71 -71 -72 -72 -72 -72 -72 -72 -72 -72 -73 -73 -74 -74 -74 -74 -74 -74 -74 -74 -74 -74 -74 -74 -74 -75 -75 -75 -75 -75 -76 -76 -76 -76 -76 -78 -78 -78 -78 -79 -79 -79 -79 -80 -80 -80 -80 -80 -80 -80 -80 -80 -80 -80 -80 -80 -81 -81 -80 -80 -80 -80 -80 -80 -80 -80 -80 -80 -80 -80 -80 -80 -80 -80 -80 -80 -78 -78 -78 -78 -78 -78 -78 -77 -77 -77 -77 -77 -76 -76 -76 -76 -76 -76 -76 -76 -76 -75 -75 -75 -75 -75 -75 
CID
13769745 13769745 13769745 13769745 13769745 13769745 13769745 13769745 13769745 13769745 13769745 13769745 13769745 13769745 13769745 13769745 13769745 13769745 13769745 13769745 13769745 13769745 13769745 13769745 13769745 13769745 13769745 13769745 13769745 13769745 13769745 13769745 13769745 13769745 13769745 13769745 13769745 13769745 13769745 13769745 13769745 13769745 13769745 13769745 13769745 13769745 13769745 13769745 13769745 13769745 13769745 13769745 13769745 13769745 13769745 13769745 13769745 13769745 13769745 13769745 13769745 13769745 13769745 13769745 13769745 13769745 13769745 13769745 13769745 13769745 13769745 13769745 13769745 13769745 13769745 13769745 13769745 13769745 13769745 13792279 13754896 13754896 13769745 13769745 13769745 13769745 13769745 13769745 13769745 13769745 13769745 13769745 13769745 13769745 13769745 13769745 13769745 13769745 13769745 13769745 13769745 13769745 13769745 13769745 13769745 13769745 13769745 13769745 13769745 13769745 13769745 13769745 13769745 13769745 13769745 13769745 13769745 13769745 13769745 13769745 13769745 13769745 13769745 13769745 13769745 13769745 13769745 13769745 13769745 13769745 13769745 13754896 13754896 13754896 13754896 13754896 13754896 13754896 13754896 13754896 13754896 13754896 13754896 13754896 13754896 13754896 13754896 13754896 13754896 13754896 13754896 13754896 13754896 13754896 13754896 13754896 13754896 13754896 13754896 13754896 13754896 13754896 13754896 13754896 13754896 13754896 13754896 13754896 13754896 13754896 13754896 13754896 13754896 13754896 13754896 13754896 13754896 13754896 13754896 13754896 13754896 13754896 13754896 13754896 13754896 13754896 13754896 13754896 13769745 13769745 13769745 13769745 13769745 13769745 13769745 13769745 13769745 13769745 13769745 13769745 13769745 13792278 13792278 13792278 13792278 13792278 13792278 13792278 13792278 13792278 13792278 13792278 13792278 13678086 13678086 13678086 13678086 13678086 13678086 13678086 13678086 13678086 13678086 13678086 13678086 13678086 13678086 13678086 13678086 13678086 13678086 13678086 13678086 13678086 13678086 13678086 13678086 13678086 13678086 13678086 13678086 13678086 13678086 13678086 13678086 13678086 13678086 13678086 13678086 13678086 13678086 13678086 13678086 13678086 13678086 13678086 13678086 13678086 13678086 13678086 13678086 13678086 13678086 13678086 13792261 13792261 13792261 13792261 13792261 13792258 13792258 13792258 13792258 13792258 13792258 13792258 13769739 13769739 13769739 13769739 13769739 13769739 13769739 13769739 13769739 13769739 13769739 13769739 13769739 13769739 13769739 13769739 13769739 13769739 13769739 13769739 13769739 13769739 13769739 13769739 13769739 13769739 13769739 13769739 13769739 13769739 13769739 13769739 13769739 13769739 13792258 13792258 13792258 13792258 13792258 13792258 13792258 13792258 13792258 13792258 13792258 13792258 13792258 13792258 13792258 13792258 13792258 13792258 13792258 13792258 13792258 13792258 13792258 13792258 13792258 13792258 13792258 13792258 13792258 13792258 13792258 13792258 
RSRP of 5G
-84 -84 -84 -84 -75 -75 -75 -75 -75 -75 -75 -81 -81 -81 -85 -87 -87 -85 -85 -85 -85 -85 -85 -85 -85 -85 -85 -85 -82 -82 -82 -82 -82 -82 -82 -82 -82 -86 -86 -88 -88 -86 -86 -87 -87 -84 -84 -84 -84 -84 -84 -84 -84 -84 -84 -80 -80 -81 -81 -80 -80 -82 -82 -82 -82 -82 -82 -82 -82 -80 -80 -80 -80 -82 -82 -82 -84 -79 -79 -80 -80 -80 -80 -81 -81 -80 -80 -81 -81 -81 -81 -81 -81 -81 -81 -82 -82 -83 -83 -83 -83 -95 -95 -95 -86 -86 -86 -81 -81 -92 -83 -83 -83 -83 -83 -83 -83 -82 -82 -85 -85 -107 -107 -107 -107 -107 -80 -80 -80 -80 -97 -101 -91 -78 -82 -82 2147483647 2147483647 -132 -132 -132 -132 -132 -132 -132 -132 -132 -102 -102 -108 -85 -85 -85 -85 -85 -85 -85 -85 -89 -89 -105 -105 -89 -89 -116 -116 -84 -84 -85 -85 -91 -91 -91 -91 -91 -91 -82 -82 -81 -81 -81 -81 -81 -82 -82 -82 -100 -82 -81 -81 -82 -82 -87 -87 -81 -81 -78 -77 -77 -77 -77 -79 -79 -79 -79 -79 -77 -77 -77 -77 -77 -77 -77 -77 -77 -77 -77 -129 -77 -83 -83 -87 -87 -88 -88 -92 -92 -86 -84 -84 -84 -83 -83 -83 -83 -88 -88 -84 -84 -84 -84 -83 -83 -83 -83 -79 -79 -79 -79 -83 -83 -82 -82 -82 -82 -86 -86 -80 -80 -80 -80 -82 -82 -122 -122 -122 -122 -122 -122 -122 -122 -122 -82 -82 -84 -84 -82 -82 -82 -82 -130 -81 -82 -82 -82 -82 -82 -82 -82 -82 -87 -87 -84 -84 -84 -83 -85 -85 -84 -84 -84 -84 -84 -84 -84 -84 -89 -89 -87 -87 -84 -84 -84 -84 -84 -82 -82 -82 -87 -87 -87 -87 -86 -86 -86 -86 -85 -85 -83 -83 -83 -83 -83 -83 -83 -83 -79 -79 -79 -79 -79 -79 
CQI
2147483647 2147483647 2147483647 2147483647 2147483647 2147483647 2147483647 2147483647 2147483647 2147483647 2147483647 2147483647 2147483647 2147483647 2147483647 2147483647 2147483647 2147483647 2147483647 2147483647 2147483647 2147483647 2147483647 2147483647 2147483647 2147483647 2147483647 2147483647 2147483647 2147483647 2147483647 2147483647 2147483647 2147483647 2147483647 2147483647 2147483647 2147483647 2147483647 2147483647 2147483647 2147483647 2147483647 2147483647 2147483647 2147483647 2147483647 2147483647 2147483647 2147483647 2147483647 2147483647 2147483647 2147483647 2147483647 2147483647 2147483647 2147483647 2147483647 2147483647 2147483647 2147483647 2147483647 2147483647 2147483647 2147483647 2147483647 2147483647 2147483647 2147483647 2147483647 2147483647 2147483647 2147483647 2147483647 2147483647 2147483647 2147483647 2147483647 2147483647 2147483647 2147483647 2147483647 2147483647 2147483647 2147483647 2147483647 2147483647 2147483647 2147483647 2147483647 2147483647 2147483647 2147483647 2147483647 2147483647 2147483647 2147483647 2147483647 2147483647 2147483647 2147483647 2147483647 2147483647 2147483647 2147483647 2147483647 2147483647 2147483647 2147483647 2147483647 2147483647 2147483647 2147483647 2147483647 2147483647 2147483647 2147483647 2147483647 2147483647 2147483647 2147483647 2147483647 2147483647 2147483647 2147483647 2147483647 2147483647 2147483647 2147483647 2147483647 2147483647 2147483647 2147483647 2147483647 2147483647 2147483647 2147483647 2147483647 2147483647 2147483647 2147483647 2147483647 2147483647 2147483647 2147483647 2147483647 2147483647 2147483647 2147483647 2147483647 2147483647 2147483647 2147483647 2147483647 2147483647 2147483647 2147483647 2147483647 2147483647 2147483647 2147483647 2147483647 2147483647 2147483647 2147483647 2147483647 2147483647 2147483647 2147483647 2147483647 2147483647 2147483647 2147483647 2147483647 2147483647 2147483647 2147483647 2147483647 2147483647 2147483647 2147483647 2147483647 2147483647 2147483647 2147483647 2147483647 2147483647 2147483647 2147483647 2147483647 2147483647 2147483647 2147483647 2147483647 2147483647 2147483647 2147483647 2147483647 2147483647 2147483647 2147483647 2147483647 2147483647 2147483647 2147483647 2147483647 2147483647 2147483647 2147483647 2147483647 2147483647 2147483647 2147483647 2147483647 2147483647 2147483647 2147483647 2147483647 2147483647 2147483647 2147483647 2147483647 2147483647 2147483647 2147483647 2147483647 2147483647 2147483647 2147483647 2147483647 2147483647 2147483647 2147483647 2147483647 2147483647 2147483647 2147483647 2147483647 2147483647 2147483647 2147483647 2147483647 2147483647 2147483647 2147483647 2147483647 2147483647 2147483647 2147483647 2147483647 2147483647 2147483647 2147483647 2147483647 2147483647 2147483647 2147483647 2147483647 2147483647 2147483647 2147483647 2147483647 2147483647 2147483647 2147483647 2147483647 2147483647 2147483647 2147483647 2147483647 2147483647 2147483647 2147483647 2147483647 2147483647 2147483647 2147483647 2147483647 2147483647 2147483647 2147483647 2147483647 2147483647 2147483647 2147483647 2147483647 2147483647 2147483647 2147483647 2147483647 2147483647 2147483647 2147483647 2147483647 2147483647 2147483647 2147483647 2147483647 2147483647 2147483647 2147483647 2147483647 2147483647 2147483647 2147483647 2147483647 2147483647 2147483647 2147483647 2147483647 2147483647 2147483647 2147483647 2147483647 2147483647 2147483647 2147483647 2147483647 2147483647 2147483647 2147483647 2147483647 2147483647 2147483647 2147483647 2147483647 2147483647 2147483647 2147483647 2147483647 2147483647 2147483647 2147483647 2147483647 2147483647 2147483647 2147483647 2147483647 2147483647 2147483647 2147483647 
Altitude
-73.69830322265625 -73.23326110839844 -72.28204345703125 -70.83936309814453 -68.92107391357422 -66.7491226196289 -64.67229461669922 -62.8121337890625 -60.54506301879883 -58.64262771606445 -56.61864471435547 -54.7690544128418 -52.71336364746094 -50.91661834716797 -48.94548034667969 -46.85280227661133 -44.522315979003906 -42.2393913269043 -40.331668853759766 -38.18614196777344 -36.23614501953125 -34.04833984375 -32.27273178100586 -30.18533706665039 -28.23533821105957 -26.3857479095459 -24.515016555786133 -22.438190460205078 -20.51461410522461 -18.400794982910156 -16.41380500793457 -14.389823913574219 -12.482101440429688 -10.46868896484375 -8.439422607421875 -6.43657922744751 -4.3967437744140625 -2.4150383472442627 -0.28008103370666504 1.949998140335083 3.913207530975342 5.667677402496338 7.71279764175415 9.776412963867188 11.678850173950195 13.319703102111816 15.57091999053955 17.465431213378906 19.54225730895996 21.33371925354004 23.307498931884766 24.932497024536133 26.578632354736328 28.08473014831543 29.059728622436523 30.07436180114746 30.51033592224121 31.250173568725586 31.458913803100586 31.921310424804688 32.46033477783203 32.677001953125 32.85139083862305 33.424766540527344 33.96114730834961 34.301998138427734 34.415618896484375 34.502811431884766 34.66399002075195 35.09468078613281 34.90972137451172 35.32720184326172 35.45138931274414 35.50687789916992 35.712974548339844 36.13838195800781 36.209720611572266 35.90850067138672 36.40789031982422 36.690616607666016 36.24142837524414 35.79752731323242 35.20830154418945 35.20830154418945 35.26642990112305 35.18452072143555 35.52008819580078 35.504234313964844 35.59407043457031 35.54122543334961 35.5914306640625 35.705047607421875 35.70769119262695 35.49895095825195 35.65220260620117 35.66276931762695 35.710330963134766 35.776390075683594 35.760536193847656 35.66805648803711 35.73675537109375 35.73411178588867 35.68126678466797 35.74468231201172 35.55707931518555 35.84772872924805 36.69325637817383 36.8280143737793 36.89406967163086 37.16358184814453 36.975982666015625 37.1424446105957 37.07374572753906 36.89671325683594 36.95748519897461 36.80951690673828 36.785736083984375 36.835941314697266 36.97069549560547 36.481876373291016 36.563785552978516 37.266632080078125 37.28776931762695 37.26927185058594 36.545291900634766 34.7564697265625 34.378623962402344 33.3111457824707 32.16175842285156 32.81439971923828 33.18695831298828 34.11968231201172 33.95057678222656 33.866024017333984 33.95586013793945 34.011348724365234 34.19102478027344 34.33634948730469 34.10911560058594 34.10382843017578 34.4129753112793 34.288787841796875 34.01663589477539 33.98228454589844 34.11968231201172 33.83431625366211 33.88716125488281 33.863380432128906 33.852813720703125 33.990211486816406 33.844886779785156 33.781471252441406 32.568668365478516 33.74183654785156 35.03655242919922 35.718257904052734 35.27171325683594 35.0180549621582 34.94671630859375 34.780250549316406 34.80403137207031 34.698341369628906 34.45525360107422 34.714195251464844 34.66663360595703 34.48695755004883 34.270294189453125 34.4948844909668 34.46317672729492 34.25179672241211 34.90972137451172 35.47780990600586 35.02598190307617 34.46053695678711 34.02456283569336 33.353424072265625 32.75098419189453 32.47354507446289 32.785335540771484 33.144683837890625 33.19224548339844 33.089195251464844 33.54631042480469 33.2054557800293 33.18431854248047 32.82497024536133 33.45911407470703 33.16318130493164 33.30586242675781 33.345497131347656 33.27415466308594 33.19752883911133 33.23716354370117 33.36927795410156 33.2873649597168 32.925376892089844 32.98878860473633 32.782691955566406 30.063793182373047 32.46826171875 34.09061813354492 34.69041442871094 35.01541519165039 35.24529266357422 35.10525131225586 35.216224670410156 35.496307373046875 35.559722900390625 35.45138931274414 35.5385856628418 35.6204948425293 35.54915237426758 35.218868255615234 35.90850067138672 35.90850067138672 36.84650802612305 37.057891845703125 36.344478607177734 35.24264907836914 33.73126983642578 33.03635025024414 33.149967193603516 33.69691848754883 33.504032135009766 33.41947937011719 33.715415954589844 33.79204177856445 33.794681549072266 34.072120666503906 33.84224319458008 34.00078201293945 33.59122848510742 33.725982666015625 33.85017013549805 33.87659454345703 33.784114837646484 33.762977600097656 33.4379768371582 33.31643295288086 32.97822189331055 33.144683837890625 33.39305877685547 33.25037384033203 33.03899383544922 33.04163360595703 34.24122619628906 35.43025207519531 35.424964904785156 35.59671401977539 35.68391036987305 35.74468231201172 35.509517669677734 35.48573684692383 35.501590728759766 35.565006256103516 35.29285430908203 35.12638854980469 35.16337966918945 35.092041015625 35.02862548828125 34.87537384033203 35.02862548828125 35.89793395996094 37.063175201416016 37.18736267089844 37.1424446105957 36.12516784667969 35.115821838378906 33.35078048706055 31.662368774414062 30.15891456604004 28.539199829101562 27.360746383666992 25.616846084594727 24.398757934570312 23.014205932617188 21.46319007873535 20.42477798461914 18.781282424926758 17.880268096923828 16.342464447021484 14.9262056350708 13.647344589233398 12.10689926147461 9.821331977844238 8.502837181091309 7.205481052398682 5.865848064422607 4.082313060760498 2.261786460876465 0.9089422225952148 -0.21666646003723145 -1.8020308017730713 -3.6040616035461426 -5.337393283843994 -6.732513904571533 -8.65080451965332 -9.607307434082031 -11.430477142333984 -13.06340217590332 -14.247140884399414 -15.478440284729004 -17.460145950317383 -18.9398193359375 -20.255672454833984 -21.693069458007812 -23.162172317504883 -24.763391494750977 -26.544282913208008 -28.07680320739746 -29.376800537109375 -30.89346694946289 -32.33086395263672 -33.630863189697266 -35.295494079589844 -36.981266021728516 -38.4609375 -39.628822326660156 -41.24589538574219 -42.963375091552734 -44.27394104003906 -45.79589080810547 -47.19629669189453 -49.06174087524414 -50.20320510864258 -51.302391052246094 -53.19425964355469 -54.82718276977539 -56.217018127441406 -57.93449783325195 -58.95441436767578 -60.05888748168945 -61.195064544677734 -62.627174377441406 -64.09099578857422 -65.42798614501953 -67.20359802246094 -68.85765838623047 -69.95684051513672 -71.66903686523438 -73.37065887451172 -74.29545593261719 