LTE(1) or 5G(2)
2 2 2 2 2 2 2 2 2 2 2 2 2 2 2 2 2 2 2 2 2 2 2 2 2 2 2 2 2 2 2 2 2 2 2 2 2 2 2 2 2 2 2 2 2 2 2 2 2 2 2 2 2 2 2 2 2 2 2 2 2 2 2 2 2 2 2 2 2 2 2 2 2 2 2 2 2 2 2 2 2 2 2 2 2 2 2 2 2 2 2 2 2 2 2 2 2 2 2 2 2 2 2 2 2 2 2 2 2 2 1 1 2 2 2 2 2 2 2 2 2 2 2 2 2 2 2 2 2 2 2 2 2 2 2 2 1 1 1 2 2 2 2 2 2 2 2 2 2 2 2 2 2 2 2 2 2 2 2 2 2 2 2 2 2 2 2 2 2 2 2 2 2 2 2 2 2 2 2 2 2 2 2 2 2 2 2 2 2 2 2 2 2 2 2 2 2 2 2 2 2 2 2 2 2 2 2 2 2 2 2 2 2 2 2 2 2 2 2 2 2 2 2 2 2 2 2 2 2 2 2 2 2 2 2 2 2 2 2 2 2 2 2 2 2 2 2 2 2 2 2 2 2 2 2 2 2 2 2 2 2 2 2 2 2 2 2 
SNR of LTE
2 2 2 0 0 0 0 0 0 0 0 0 0 0 0 0 0 0 0 0 0 1 1 1 1 1 1 1 1 1 1 1 0 0 0 0 0 -1 -1 -1 -1 -2 -2 -2 -2 -2 -2 -2 -2 -2 -2 -2 -2 -2 -2 -2 -2 -2 -2 -2 -2 -2 -2 -2 -2 -2 -2 -2 -2 -2 -2 -2 0 0 0 0 0 0 0 0 0 0 0 1 1 1 1 1 1 1 1 0 0 0 0 0 0 0 0 0 0 0 0 0 0 0 0 0 0 0 0 0 0 1 1 1 1 1 1 1 1 1 1 1 1 2 2 2 1 1 1 1 0 0 0 0 -3 -4 -4 -4 -4 -4 -4 -4 -4 -4 -4 -4 -4 -3 -3 -3 -3 -2 -2 -2 0 0 0 0 0 0 0 0 0 0 0 0 -1 -1 -1 -2 -2 -2 -2 -1 -1 -1 -1 -1 -1 -1 -1 -1 -1 -1 -1 -1 0 0 0 0 0 0 0 0 -2 -2 -2 -2 -2 -2 -3 -3 -3 -3 -3 -3 -3 -3 -3 -2 -2 -2 -2 -2 -2 -2 -2 -2 -2 -1 -1 -1 0 0 0 0 0 0 0 0 0 0 0 0 0 0 0 0 0 0 0 0 0 0 0 0 0 0 0 0 0 0 0 0 0 0 0 0 0 0 0 1 1 1 1 
SNR of 5G
10 10 10 8 8 8 8 9 9 9 9 9 9 9 9 3 3 0 0 0 0 8 8 8 8 8 8 8 8 8 8 8 4 4 4 4 4 5 5 6 6 3 3 0 0 -3 -3 3 3 3 3 3 3 6 6 6 6 6 5 5 5 5 5 5 5 5 5 5 5 5 5 5 4 4 4 4 4 4 4 4 4 4 4 0 0 1 1 3 3 3 3 2 2 0 0 0 0 -1 -2 0 0 -4 -4 -2 -2 -2 -2 -2 -2 -1 0 0 -3 3 3 1 1 5 5 3 3 3 3 3 3 5 5 5 7 7 7 7 4 8 8 4 0 0 0 8 8 6 6 6 5 6 6 4 4 4 4 3 3 -3 -3 3 3 0 0 -1 -1 1 1 1 1 0 0 -1 -1 -2 -2 -3 -3 -2 -2 -1 -1 0 0 -1 -1 -1 -1 -2 -2 -2 -2 -4 -4 -8 -8 3 3 3 3 3 4 4 4 4 4 4 8 8 8 8 8 8 8 10 10 9 9 9 9 9 9 9 9 9 9 5 5 5 4 4 4 -1 -1 -1 -1 -1 -1 -2 -2 7 7 7 7 7 7 7 7 4 4 3 3 0 0 4 4 2 2 2 2 3 3 3 3 3 3 3 3 4 4 4 4 
RSSI
-51 -51 -51 -51 -51 -51 -51 -51 -51 -51 -51 -51 -51 -51 -51 -51 -51 -51 -51 -51 -51 -51 -51 -51 -51 -51 -51 -51 -51 -51 -51 -51 -51 -51 -51 -51 -51 -51 -51 -51 -51 -51 -51 -51 -51 -51 -51 -51 -51 -51 -51 -51 -51 -51 -51 -51 -51 -51 -51 -51 -51 -51 -51 -51 -51 -51 -51 -51 -51 -51 -51 -51 -51 -51 -51 -51 -51 -51 -51 -51 -51 -51 -51 -51 -51 -51 -51 -51 -51 -51 -51 -51 -51 -51 -51 -51 -51 -51 -51 -51 -51 -51 -51 -51 -51 -51 -51 -51 -51 -51 -51 -51 -51 -51 -51 -51 -51 -51 -51 -51 -51 -51 -51 -51 -51 -51 -51 -51 -51 -51 -51 -51 -51 -51 -51 -51 -51 -51 -51 -51 -51 -51 -51 -51 -51 -51 -51 -51 -51 -51 -51 -51 -51 -51 -51 -51 -51 -51 -51 -51 -51 -51 -51 -51 -51 -55 -55 -51 -51 -51 -51 -51 -51 -51 -51 -51 -51 -51 -51 -51 -51 -51 -51 -51 -51 -51 -51 -51 -51 -51 -51 -51 -51 -51 -51 -51 -51 -51 -51 -51 -51 -51 -51 -51 -51 -51 -51 -51 -51 -51 -51 -51 -51 -51 -51 -51 -51 -51 -51 -51 -51 -51 -51 -51 -51 -51 -51 -51 -51 -51 -51 -51 -51 -51 -51 -51 -51 -51 -51 -51 -51 -51 -51 -51 -51 -51 -51 -51 -51 -51 -51 -51 -51 -51 -51 -51 -51 -51 -51 -51 -51 -51 -51 -51 -51 -51 -51 
RSRP
-79 -79 -79 -78 -78 -78 -78 -77 -77 -77 -77 -77 -77 -77 -77 -75 -75 -75 -75 -75 -75 -75 -75 -75 -75 -75 -75 -75 -75 -75 -75 -75 -75 -75 -75 -75 -75 -76 -76 -76 -76 -77 -77 -77 -77 -77 -77 -77 -77 -77 -77 -77 -77 -77 -77 -77 -77 -77 -77 -77 -77 -77 -77 -77 -77 -77 -77 -77 -77 -77 -77 -77 -73 -73 -73 -73 -73 -73 -73 -73 -73 -73 -73 -73 -73 -72 -72 -72 -72 -72 -72 -72 -72 -72 -72 -73 -73 -73 -73 -74 -74 -74 -74 -73 -73 -73 -73 -73 -72 -72 -72 -72 -72 -72 -72 -71 -71 -71 -71 -71 -71 -71 -71 -71 -71 -70 -70 -70 -71 -71 -71 -71 -71 -71 -71 -71 -72 -72 -72 -71 -71 -72 -72 -72 -70 -70 -70 -70 -70 -69 -69 -69 -69 -68 -68 -68 -68 -69 -69 -69 -69 -69 -69 -69 -69 -72 -72 -73 -75 -75 -75 -77 -77 -77 -77 -77 -77 -77 -77 -77 -77 -77 -77 -77 -77 -76 -76 -75 -74 -74 -74 -74 -74 -74 -74 -74 -74 -74 -74 -74 -74 -74 -75 -75 -75 -75 -75 -76 -76 -76 -76 -76 -76 -76 -76 -76 -76 -76 -76 -76 -76 -77 -77 -77 -77 -77 -77 -77 -77 -77 -77 -77 -77 -77 -77 -77 -77 -77 -77 -77 -77 -77 -77 -77 -77 -77 -77 -77 -77 -77 -77 -76 -76 -76 -76 -76 -76 -76 -76 -76 -76 -76 -76 -75 -74 -74 -74 
CID
13792258 13792258 13792258 13792258 13792258 13792258 13792258 13792258 13792258 13792258 13792258 13792258 13792258 13792258 13792258 13792258 13792258 13792258 13792258 13792258 13792258 13792258 13792258 13792258 13792258 13792258 13792258 13792258 13792258 13792258 13792258 13792258 13792258 13792258 13792258 13792258 13792258 13792258 13792258 13792258 13792258 13792258 13792258 13792258 13792258 13792258 13792258 13792258 13792258 13792258 13792258 13792258 13792258 13769739 13792513 13792513 13792513 13792513 13769739 13769739 13769739 13769739 13769739 13769739 13769739 13769739 13769739 13769739 13769739 13769739 13769739 13769739 13769739 13769739 13769739 13769739 13769739 13769739 13769739 13769739 13769739 13769739 13769739 13769739 13769739 13769739 13769739 13769739 13769739 13769739 13769739 13769739 13769739 13769739 13769739 13769739 13769739 13769739 13769739 13769739 13769739 13769739 13769739 13769739 13769739 13769739 13769739 13769739 13769739 13769739 13769739 13769739 13769739 13769739 13769739 13769739 13769739 13769739 13769739 13769739 13769739 13769739 13769739 13769739 13769739 13769739 13769739 13769739 13792258 13792258 13792258 13792258 13792258 13792258 13792258 13792258 13792258 13769739 13769739 13769739 13769739 13769739 13769739 13769739 13769739 13769739 13769739 13769739 13769739 13769739 13769739 13769739 13769739 13769739 13792523 13792523 13792523 13792523 13792523 13792523 13792523 13792513 13792513 13792513 13792513 13792513 13792513 13792513 13792513 13792513 13792513 13792513 13792513 13792513 13792513 13792513 13792513 13792513 13792513 13792513 13792513 13792513 13792513 13792513 13792513 13792513 13792513 13792513 13792513 13792513 13792513 13792513 13792513 13792513 13792513 13792513 13792258 13792258 13792258 13792258 13792258 13792258 13792258 13792258 13792258 13792258 13792258 13792258 13792258 13792258 13792258 13792258 13792258 13792258 13792258 13792258 13792258 13792258 13792258 13792258 13792258 13792258 13792258 13792258 13792258 13792258 13792258 13792258 13792258 13792258 13792258 13792258 13792258 13792258 13792258 13792258 13792258 13792258 13792258 13792258 13792258 13792258 13792258 13792258 13792258 13792258 13792258 13792258 13792258 13792258 13792258 13792258 13792258 13792258 13792258 13792258 13792258 13792258 13792258 13792258 13792258 13792258 13792258 13792258 13792258 13792258 13792258 
RSRP of 5G
-81 -81 -81 -75 -75 -75 -75 -81 -81 -81 -81 -81 -81 -81 -81 -91 -82 -88 -88 -88 -88 -81 -81 -81 -81 -81 -81 -81 -81 -81 -81 -81 -81 -81 -81 -81 -81 -77 -77 -83 -83 -82 -82 -83 -83 -82 -82 -83 -83 -83 -83 -83 -83 -84 -84 -84 -84 -84 -84 -84 -84 -84 -84 -84 -84 -84 -84 -84 -84 -84 -84 -84 -85 -85 -85 -85 -85 -85 -85 -85 -85 -85 -85 -83 -83 -82 -82 -78 -78 -78 -78 -81 -81 -85 -85 -84 -84 -88 -81 -81 -81 -82 -82 -82 -82 -82 -82 -84 -84 -84 -84 -84 -83 -79 -79 -84 -84 -78 -78 -83 -83 -83 -83 -83 -83 -80 -80 -80 -76 -76 -76 -76 -78 -73 -73 -78 -78 -78 -78 -74 -74 -77 -77 -77 -79 -74 -74 -76 -76 -87 -87 -80 -80 -81 -75 -78 -78 -81 -81 -84 -84 -82 -82 -82 -82 -80 -80 -79 -79 -80 -80 -81 -81 -80 -80 -80 -80 -78 -78 -80 -80 -80 -80 -79 -79 -80 -80 -85 -85 -85 -85 -79 -79 -79 -79 -79 -78 -78 -78 -78 -78 -78 -77 -77 -77 -77 -77 -70 -70 -68 -68 -71 -71 -71 -71 -71 -71 -71 -71 -71 -71 -75 -75 -75 -76 -76 -76 -83 -83 -84 -84 -85 -85 -91 -79 -82 -82 -80 -80 -80 -80 -80 -80 -81 -81 -83 -83 -84 -84 -81 -81 -82 -82 -82 -82 -86 -86 -86 -86 -86 -86 -86 -86 -75 -75 -75 -75 
CQI
2147483647 2147483647 2147483647 2147483647 2147483647 2147483647 2147483647 2147483647 2147483647 2147483647 2147483647 2147483647 2147483647 2147483647 2147483647 2147483647 2147483647 2147483647 2147483647 2147483647 2147483647 2147483647 2147483647 2147483647 2147483647 2147483647 2147483647 2147483647 2147483647 2147483647 2147483647 2147483647 2147483647 2147483647 2147483647 2147483647 2147483647 2147483647 2147483647 2147483647 2147483647 2147483647 2147483647 2147483647 2147483647 2147483647 2147483647 2147483647 2147483647 2147483647 2147483647 2147483647 2147483647 2147483647 2147483647 2147483647 2147483647 2147483647 2147483647 2147483647 2147483647 2147483647 2147483647 2147483647 2147483647 2147483647 2147483647 2147483647 2147483647 2147483647 2147483647 2147483647 2147483647 2147483647 2147483647 2147483647 2147483647 2147483647 2147483647 2147483647 2147483647 2147483647 2147483647 2147483647 2147483647 2147483647 2147483647 2147483647 2147483647 2147483647 2147483647 2147483647 2147483647 2147483647 2147483647 2147483647 2147483647 2147483647 2147483647 2147483647 2147483647 2147483647 2147483647 2147483647 2147483647 2147483647 2147483647 2147483647 2147483647 2147483647 2147483647 2147483647 2147483647 2147483647 2147483647 2147483647 2147483647 2147483647 2147483647 2147483647 2147483647 2147483647 2147483647 2147483647 2147483647 2147483647 2147483647 2147483647 2147483647 2147483647 2147483647 2147483647 2147483647 2147483647 2147483647 2147483647 2147483647 2147483647 2147483647 2147483647 2147483647 2147483647 2147483647 2147483647 2147483647 2147483647 2147483647 2147483647 2147483647 2147483647 2147483647 2147483647 2147483647 2147483647 2147483647 2147483647 2147483647 2147483647 2147483647 2147483647 2147483647 2147483647 2147483647 2147483647 2147483647 2147483647 2147483647 2147483647 2147483647 2147483647 2147483647 2147483647 2147483647 2147483647 2147483647 2147483647 2147483647 2147483647 2147483647 2147483647 2147483647 2147483647 2147483647 2147483647 2147483647 2147483647 2147483647 2147483647 2147483647 2147483647 2147483647 2147483647 2147483647 2147483647 2147483647 2147483647 2147483647 2147483647 2147483647 2147483647 2147483647 2147483647 2147483647 2147483647 2147483647 2147483647 2147483647 2147483647 2147483647 2147483647 2147483647 2147483647 2147483647 2147483647 2147483647 2147483647 2147483647 2147483647 2147483647 2147483647 2147483647 2147483647 2147483647 2147483647 2147483647 2147483647 2147483647 2147483647 2147483647 2147483647 2147483647 2147483647 2147483647 2147483647 2147483647 2147483647 2147483647 2147483647 2147483647 2147483647 2147483647 2147483647 2147483647 2147483647 2147483647 2147483647 2147483647 2147483647 2147483647 2147483647 2147483647 2147483647 2147483647 2147483647 2147483647 2147483647 2147483647 2147483647 2147483647 2147483647 2147483647 2147483647 2147483647 2147483647 2147483647 2147483647 2147483647 
Altitude
-73.9466781616211 -73.1117172241211 -72.26091003417969 -70.73367309570312 -68.56172180175781 -66.34749603271484 -64.56131744384766 -62.336524963378906 -60.291404724121094 -58.32555389404297 -56.53409194946289 -54.367427825927734 -52.021087646484375 -50.07109069824219 -47.98369598388672 -46.14995574951172 -44.17881774902344 -41.99101638793945 -40.125572204589844 -37.78980255126953 -35.86622619628906 -33.96378707885742 -32.09305953979492 -30.7613525390625 -29.551191329956055 -28.61054229736328 -27.860136032104492 -27.23655891418457 -26.586559295654297 -26.005260467529297 -25.608919143676758 -25.202009201049805 -25.080463409423828 -24.48331069946289 -24.319488525390625 -24.139814376831055 -24.097537994384766 -23.822742462158203 -23.90729522705078 -23.949569702148438 -22.977214813232422 -23.579652786254883 -23.78046417236328 -23.949569702148438 -24.53087043762207 -25.006481170654297 -25.08574867248535 -24.92192840576172 -24.79509735107422 -24.536155700683594 -24.356481552124023 -24.298351287841797 -24.277212142944336 -24.340627670288086 -24.234935760498047 -24.372333526611328 -24.330059051513672 -24.520301818847656 -24.398757934570312 -24.409326553344727 -24.4410343170166 -24.41461181640625 -24.39347267150879 -24.367050170898438 -24.388187408447266 -24.39347267150879 -24.694692611694336 -24.007699966430664 -23.17274284362793 -22.987783432006836 -22.945507049560547 -23.003637313842773 -22.9349365234375 -23.06705093383789 -23.0247745513916 -22.834531784057617 -22.86095428466797 -22.67070960998535 -22.654855728149414 -22.82396125793457 -23.030059814453125 -22.876808166503906 -23.278432846069336 -22.660140991210938 -22.728839874267578 -23.37883949279785 -23.399978637695312 -23.738189697265625 -24.139814376831055 -24.874366760253906 -25.99468994140625 -26.449161529541016 -26.30119514465332 -25.978836059570312 -26.079242706298828 -25.6776180267334 -25.656478881835938 -25.61420249938965 -25.698755264282227 -25.233715057373047 -25.640625 -25.45566749572754 -25.48208999633789 -25.556072235107422 -25.286561965942383 -25.30769920349121 -25.302413940429688 -25.165016174316406 -24.9694881439209 -25.334121704101562 -24.99591064453125 -25.043472290039062 -25.048755645751953 -25.450382232666016 -25.92599105834961 -25.688186645507812 -24.361764907836914 -23.917863845825195 -24.980056762695312 -24.08696937561035 -23.537376403808594 -23.759326934814453 -23.86501693725586 -23.701196670532227 -23.59550666809082 -23.563798904418945 -23.399978637695312 -23.225587844848633 -23.030059814453125 -23.10932731628418 -22.850383758544922 -23.46339225769043 -24.59428596496582 -24.12924575805664 -24.071115493774414 -24.541439056396484 -24.895503997802734 -25.809730529785156 -26.110950469970703 -26.433307647705078 -26.72395896911621 -26.48086929321289 -26.533714294433594 -26.533714294433594 -26.23777961730957 -26.206071853637695 -26.28005599975586 -26.23777961730957 -26.095096588134766 -26.3857479095459 -26.470300674438477 -26.10038185119629 -26.3487548828125 -26.554853439331055 -26.406885147094727 -26.327617645263672 -26.671112060546875 -26.713388442993164 -26.99346923828125 -26.57070541381836 -27.45322608947754 -26.528430938720703 -25.624773025512695 -25.355260848999023 -24.546724319458008 -25.006481170654297 -24.314205169677734 -24.382904052734375 -24.41461181640625 -24.425180435180664 -24.715829849243164 -24.668270111083984 -24.48859405517578 -24.330059051513672 -24.388187408447266 -24.182090759277344 -23.86501693725586 -23.42111587524414 -23.28371810913086 -23.648351669311523 -23.78046417236328 -24.821521759033203 -25.90485382080078 -25.741031646728516 -25.95241355895996 -25.99468994140625 -25.95241355895996 -25.873146057128906 -25.83615493774414 -25.61420249938965 -25.450382232666016 -25.48208999633789 -25.640625 -25.962984085083008 -26.010543823242188 -26.010543823242188 -26.30647850036621 -25.873146057128906 -25.59306526184082 -25.862577438354492 -25.79387855529785 -25.846723556518555 -25.83615493774414 -25.672332763671875 -25.640625 -25.999975204467773 -26.544282913208008 -25.698755264282227 -24.70526123046875 -23.944286346435547 -23.891441345214844 -24.034122467041016 -24.182090759277344 -24.21379852294922 -24.28778076171875 -24.694692611694336 -24.59956932067871 -24.742252349853516 -24.92192840576172 -24.99062728881836 -24.826805114746094 -24.721115112304688 -24.303634643554688 -24.293066024780273 -24.589000701904297 -23.584936141967773 -22.79753875732422 -22.839815139770508 -23.32599449157715 -23.933717727661133 -24.39347267150879 -25.79387855529785 -27.088592529296875 -29.197126388549805 -30.740215301513672 -31.997936248779297 -33.04427719116211 -34.497528076171875 -35.87150955200195 -37.18207931518555 -38.81500244140625 -40.041019439697266 -41.14548873901367 -42.93166732788086 -44.231666564941406 -45.69548416137695 -46.805240631103516 -48.580848693847656 -49.960113525390625 -51.83612823486328 -53.305233001708984 -54.76376724243164 -55.8206787109375 -57.273929595947266 -59.007259368896484 -59.8686408996582 -62.621891021728516 -63.73164749145508 -64.45562744140625 -65.93001556396484 -67.1666030883789 -68.85765838623047 -71.33082580566406 -71.09302520751953 -72.71009063720703 -74.32716369628906 -75.11456298828125 