LTE(1) or 5G(2)
1 1 1 1 1 1 1 1 1 1 1 1 1 1 1 1 1 1 1 1 2 2 2 2 2 2 2 2 2 2 2 2 2 2 2 2 2 2 2 2 2 2 2 2 2 2 2 2 2 2 2 2 2 2 2 2 2 2 2 2 2 2 2 2 2 2 2 2 2 2 2 2 2 2 2 2 2 2 2 2 2 2 2 2 2 2 2 2 2 2 2 2 2 2 2 2 2 2 2 2 2 2 2 2 2 2 2 2 2 2 2 2 2 2 2 2 2 2 2 2 2 2 2 1 1 1 1 1 1 1 1 2 2 2 2 2 2 2 2 2 2 2 2 2 2 2 2 2 2 2 2 2 2 2 2 1 1 1 1 1 1 1 1 1 1 1 1 1 1 1 1 1 1 1 1 1 1 1 1 1 1 1 1 1 1 1 1 1 1 1 1 1 1 1 1 1 1 1 1 1 1 1 1 1 1 1 1 1 1 1 1 2 2 2 2 2 2 2 2 2 2 2 2 2 2 2 2 2 2 2 2 2 1 1 1 1 1 1 1 1 1 1 1 1 1 1 2 2 2 2 2 2 2 2 2 2 2 2 2 2 2 2 2 2 2 2 2 2 2 2 2 2 2 2 2 2 2 2 2 2 2 2 2 2 2 1 1 2 2 2 2 2 2 2 2 2 2 2 2 2 2 2 2 2 2 1 1 1 2 2 2 2 2 2 2 2 2 2 2 2 2 2 2 2 2 2 2 1 1 2 2 2 2 2 2 2 2 2 2 2 2 2 2 2 2 2 2 2 1 1 2 2 2 2 2 2 2 2 2 2 2 2 2 2 2 2 2 2 2 2 2 2 2 2 1 1 2 2 
SNR of LTE
4 4 4 4 4 4 4 2 2 2 2 2 2 2 2 2 2 1 1 1 1 1 1 1 1 1 1 1 0 0 0 0 1 1 1 1 2 2 2 2 2 2 2 2 1 1 1 1 1 1 1 1 1 1 1 1 0 0 0 0 0 0 0 0 0 0 0 0 0 0 0 0 0 -1 -1 -1 -1 -1 -1 -1 -1 -1 -1 -1 -1 -1 -3 -3 -3 -3 -3 -4 -4 -4 -4 -4 -4 -4 -3 -3 -3 -3 -3 -2 -2 -2 -2 -2 -2 -2 -2 -2 -2 -2 -2 -2 0 0 0 0 0 0 0 0 0 0 0 0 0 0 0 0 0 0 0 0 0 0 0 -1 -1 -1 -1 -1 -1 -1 -1 -1 -1 -1 -1 -1 -1 -1 -1 -1 -1 -1 -1 -1 -1 -1 -1 0 0 0 0 0 0 0 0 0 0 0 0 0 0 0 0 0 0 0 0 0 0 0 0 0 0 0 0 0 0 -4 -4 -4 -4 -4 -4 -4 -4 -4 -4 -4 -4 -4 -4 -4 -4 -4 -4 -4 -4 -4 -3 -3 -3 -3 -3 -2 -2 -2 -2 -3 -3 -3 -3 -3 -3 -2 -2 -2 -2 -2 -2 -2 -2 -2 -2 -2 -2 -2 -2 -2 -2 -4 -4 -4 -4 -4 -4 -4 -4 -4 -4 -4 -4 -4 -4 -4 -4 -4 -4 -4 -3 -2 -2 -2 -2 -2 -2 -2 -3 -3 -3 -3 -3 -3 -3 -3 -3 -3 -3 -3 -3 -3 -3 -3 -3 -3 -3 -3 -3 -3 -3 -2 -2 -2 -2 -2 -2 -2 -2 -2 -2 -1 -1 -1 -1 -1 -1 -1 0 0 0 0 0 0 0 0 0 0 0 0 1 1 1 1 1 1 1 1 1 1 1 1 1 1 1 1 1 2 2 2 2 2 2 1 1 2 2 2 2 0 0 0 0 0 0 0 0 0 0 0 0 0 0 0 0 0 0 0 0 0 0 1 1 1 
SNR of 5G
0 0 0 0 0 0 0 0 0 0 0 0 0 0 0 0 0 0 0 0 5 5 5 5 1 1 0 0 1 1 2 2 5 5 5 5 5 5 5 5 5 5 5 5 2 2 2 2 1 1 3 3 3 3 3 3 4 4 4 4 4 4 4 4 3 3 3 3 5 5 5 5 5 4 4 4 4 4 4 4 4 4 4 4 4 4 4 4 1 1 1 1 2 2 1 1 0 0 0 0 -2 -2 -1 -3 8 8 8 8 8 8 8 8 8 8 8 8 5 5 5 5 5 5 6 0 0 0 0 0 0 0 0 1 1 1 1 0 0 -1 -1 -2 -2 -3 -3 -3 -3 -1 -1 -2 -2 -2 -2 -4 -4 -4 -4 0 0 0 0 0 0 0 0 0 0 0 0 0 0 0 0 0 0 0 0 0 0 0 0 0 0 0 0 0 0 0 0 0 0 0 0 0 0 0 0 0 0 0 0 0 0 0 0 0 0 0 0 0 0 0 0 3 3 3 3 3 3 3 3 3 3 3 3 3 3 0 0 -1 -1 2 2 0 0 0 0 0 0 0 0 0 0 0 0 0 0 0 -2 -2 -2 -2 -1 -1 1 1 1 1 0 0 -1 -1 -1 -1 -1 -1 -1 -1 -1 -1 -1 -1 -2 -2 0 0 2 2 0 0 0 0 -1 -1 -1 -1 0 0 0 4 4 4 4 4 4 4 4 5 5 1 1 3 3 3 3 3 3 0 0 0 2 2 2 2 4 4 2 2 3 3 3 3 3 3 3 3 5 5 4 0 0 4 4 4 4 2 2 1 1 6 6 6 6 5 5 11 11 11 11 9 0 0 9 9 2 2 10 10 10 10 10 10 10 10 10 10 10 10 10 10 10 10 10 10 11 11 0 0 11 11 
RSSI
-51 -51 -51 -51 -51 -51 -51 -51 -51 -51 -51 -51 -51 -51 -51 -51 -51 -51 -51 -51 -51 -51 -51 -51 -51 -51 -51 -51 -51 -51 -51 -51 -51 -51 -51 -51 -51 -51 -51 -51 -51 -51 -51 -51 -51 -51 -51 -51 -51 -51 -51 -51 -51 -51 -51 -51 -51 -51 -51 -51 -51 -51 -51 -51 -51 -51 -51 -51 -51 -51 -51 -51 -51 -51 -51 -51 -51 -51 -51 -51 -51 -51 -51 -51 -51 -51 -51 -51 -51 -51 -51 -51 -51 -51 -51 -51 -51 -51 -51 -51 -51 -51 -51 -51 -51 -51 -51 -51 -51 -51 -51 -51 -51 -51 -51 -51 -51 -51 -51 -51 -51 -51 -51 -51 -51 -51 -51 -51 -51 -51 -51 -51 -51 -51 -51 -51 -51 -51 -51 -51 -51 -51 -51 -51 -51 -51 -51 -51 -51 -51 -51 -51 -51 -51 -51 -51 -51 -51 -51 -51 -51 -51 -51 -51 -51 -51 -51 -51 -51 -51 -51 -51 -51 -51 -51 -51 -51 -51 -51 -51 -51 -51 -51 -51 -51 -51 -51 -51 -51 -51 -51 -51 -51 -51 -51 -51 -51 -51 -51 -51 -51 -51 -51 -51 -51 -51 -51 -51 -51 -51 -51 -51 -51 -51 -51 -51 -51 -51 -51 -51 -51 -51 -51 -51 -51 -51 -51 -51 -51 -51 -51 -51 -51 -51 -51 -51 -51 -51 -51 -51 -51 -51 -51 -51 -51 -51 -51 -51 -51 -51 -51 -51 -51 -51 -51 -51 -51 -51 -51 -51 -51 -51 -51 -51 -51 -51 -51 -51 -51 -51 -51 -51 -51 -51 -51 -51 -51 -51 -51 -51 -51 -51 -51 -51 -51 -51 -51 -51 -51 -51 -51 -51 -51 -51 -51 -51 -51 -51 -51 -51 -51 -51 -51 -51 -51 -51 -51 -51 -51 -51 -51 -51 -51 -51 -51 -51 -51 -51 -51 -51 -51 -51 -51 -51 -51 -51 -51 -51 -51 -51 -51 -51 -51 -51 -51 -51 -51 -51 -51 -51 -51 -51 -51 -51 -51 -51 -51 -51 -51 -51 -51 -51 -51 -51 -51 -51 -51 -53 -53 -53 -53 -53 -53 -53 -53 -53 -53 -53 -53 -53 -53 -53 -53 -53 -53 -55 -55 -55 
RSRP
-73 -73 -73 -73 -73 -73 -73 -74 -74 -75 -75 -75 -75 -75 -75 -75 -75 -76 -76 -76 -75 -75 -75 -75 -75 -75 -76 -76 -75 -75 -75 -74 -73 -73 -73 -73 -72 -72 -72 -72 -72 -72 -72 -72 -72 -72 -73 -73 -73 -73 -73 -73 -73 -73 -73 -73 -73 -73 -73 -73 -73 -73 -75 -75 -75 -75 -75 -75 -75 -75 -75 -75 -75 -75 -75 -75 -75 -75 -75 -75 -75 -75 -75 -75 -75 -75 -77 -77 -77 -77 -77 -77 -77 -77 -77 -77 -77 -77 -78 -78 -78 -78 -78 -77 -77 -77 -77 -77 -77 -77 -77 -77 -77 -77 -77 -77 -75 -75 -75 -75 -75 -75 -75 -75 -75 -75 -75 -74 -74 -74 -74 -74 -74 -74 -75 -75 -75 -75 -75 -76 -76 -76 -76 -77 -77 -77 -77 -77 -77 -77 -77 -77 -77 -77 -77 -77 -77 -77 -77 -77 -77 -77 -77 -74 -74 -73 -73 -73 -73 -73 -73 -73 -73 -73 -73 -73 -73 -73 -73 -73 -73 -73 -73 -73 -73 -73 -73 -75 -75 -75 -75 -75 -75 -79 -79 -79 -79 -79 -80 -82 -82 -82 -82 -82 -82 -82 -82 -82 -82 -82 -83 -82 -82 -82 -82 -82 -82 -82 -82 -80 -80 -80 -80 -80 -80 -80 -80 -80 -80 -79 -79 -79 -79 -79 -79 -79 -79 -79 -79 -79 -79 -79 -79 -79 -79 -79 -79 -79 -80 -80 -81 -81 -81 -81 -80 -80 -80 -80 -80 -80 -80 -80 -80 -80 -79 -79 -79 -79 -79 -79 -78 -78 -78 -78 -78 -78 -78 -78 -78 -78 -78 -78 -78 -78 -77 -77 -77 -78 -78 -78 -78 -78 -78 -78 -78 -77 -77 -77 -77 -77 -77 -76 -76 -76 -76 -76 -76 -76 -75 -75 -75 -75 -74 -74 -74 -74 -74 -74 -74 -74 -74 -74 -74 -74 -73 -73 -73 -73 -73 -73 -73 -73 -73 -72 -72 -72 -72 -71 -71 -71 -71 -71 -71 -71 -71 -71 -71 -72 -72 -72 -72 -72 -72 -72 -73 -73 -73 -75 -75 -75 -75 -75 -75 -75 -75 -75 -75 -75 -75 -75 -75 -75 -80 -80 -80 -80 -80 -80 
CID
13754896 13754896 13754896 13754896 13754896 13754896 13754896 13754896 13754896 13754896 13754896 13754896 13754896 13754896 13754896 13754896 13754896 13769745 13769745 13769745 13769745 13769745 13769745 13769745 13769745 13769745 13769745 13769745 13769745 13769745 13769745 13769745 13769745 13769745 13769745 13769745 13769745 13769745 13769745 13769745 13769745 13769745 13769745 13769745 13769745 13769745 13769745 13769745 13769745 13769745 13769745 13769745 13769745 13769745 13769745 13769745 13769745 13769745 13769745 13769745 13769745 13769745 13769745 13769745 13769745 13769745 13769745 13769745 13769745 13769745 13769745 13769745 13769745 13769745 13754896 13754896 13754896 13754896 13754896 13754896 13754896 13754896 13754896 13754896 13754896 13754896 13754896 13754896 13754896 13754896 13754896 13754896 13769745 13769745 13769745 13769745 13769745 13769745 13769745 13769745 13769745 13769745 13769745 13769745 13769745 13769745 13769745 13769745 13769745 13769745 13769745 13769745 13769745 13769745 13769745 13769745 13769745 13769745 13769745 13769745 13769745 13769745 13769745 13769745 13769745 13769745 13769745 13769745 13769745 13769745 13769745 13754896 13754896 13754896 13769745 13769745 13769745 13769745 13754896 13754896 13754896 13754896 13754896 13754896 13754896 13754896 13754896 13754896 13754896 13754896 13754896 13754896 13754896 13754896 13754896 13754896 13754896 13754896 13754896 13754896 13754896 13754896 13754896 13754896 13754896 13754896 13754896 13754896 13754896 13754896 13754896 13754896 13754896 13754896 13754896 13754896 13754896 13754896 13754896 13754896 13754896 13754896 13754896 13754896 13754896 13754896 13754896 13754896 13754896 13754896 13754896 13754896 13754896 13754896 13754896 13754896 13754896 13754896 13754896 13769745 13769745 13769745 13769745 13769745 13769745 13769745 13769745 13769745 13769745 13769745 13754896 13754896 13754896 13754896 13754896 13754896 13754896 13754896 13754896 13754896 13754896 13754896 13754896 13754896 13754896 13754896 13754896 13754896 13754896 13754896 13754896 13754896 13754896 13754896 13754896 13754896 13754896 13754896 13754896 13754896 13754896 13754896 13754896 13754896 13754896 13754896 13754896 13754896 13754896 13792279 13792279 13792279 13769745 13769745 13769745 13792279 13792279 13792279 13792279 13792279 13792279 13792279 13792279 13792279 13792279 13792279 13792279 13792279 13792279 13792279 13792279 13792279 13792279 13769745 13769745 13769745 13769745 13769745 13769745 13769745 13769745 13769745 13769745 13769745 13769745 13769745 13769745 13769745 13769745 13769745 13769745 13769745 13769745 13769745 13769745 13769745 13769745 13769745 13769745 13769745 13769745 13769745 13769745 13769745 13769745 13769745 13769745 13769745 13769745 13769745 13769745 13769745 13769745 13769745 13769745 13769745 13769745 13769745 13769745 13769745 13769745 13769745 13769745 13769745 13769745 13769745 13769745 13769745 13769745 13769745 13769745 13769745 13769745 13769745 13769745 13769745 13769745 13769745 13769745 13769745 13769745 13769745 13769745 13769745 13769745 13769745 13769745 13769745 13769745 13769745 13769745 13769745 13769745 13769745 13754896 13754896 13754896 13754896 13754896 13754896 13754896 13754896 13754896 13754896 13754896 13754896 13754896 13754896 13754896 13754896 13754896 13754896 13754896 13754896 13754896 13754896 13754896 13754896 
RSRP of 5G
-83 -83 -83 -83 -83 -83 -83 -83 -83 -83 -83 -83 -83 -83 -83 -83 -83 -83 -83 -83 -80 -80 -80 -80 -86 -86 -86 -86 -83 -83 -82 -82 -81 -81 -78 -78 -82 -82 -82 -82 -82 -82 -82 -82 -83 -83 -83 -83 -82 -82 -84 -84 -84 -84 -84 -84 -77 -77 -77 -77 -77 -77 -84 -84 -79 -79 -79 -79 -82 -82 -82 -82 -82 -82 -80 -80 -80 -80 -80 -80 -80 -80 -80 -80 -80 -80 -84 -84 -82 -82 -82 -83 -79 -79 -81 -81 -101 -101 -100 -100 -85 -85 -85 -79 -79 -79 -81 -81 -79 -79 -79 -79 -79 -79 -79 -79 -77 -77 -77 -77 -77 -77 -84 -84 -84 -84 -84 -84 -84 -84 -84 -82 -82 -81 -81 -83 -83 -83 -83 -86 -86 -88 -88 -85 -85 -87 -87 -85 -85 -88 -88 -95 -95 -86 -86 -86 -86 -86 -86 -86 -86 -86 -86 -86 -86 -86 -86 -86 -86 -86 -86 -86 -86 -86 -86 -86 -86 -86 -86 -86 -86 -86 -86 -86 -86 -86 -86 -86 -86 -86 -86 -86 -86 -86 -86 -86 -86 -86 -86 -86 -86 -86 -86 -86 -86 -86 -86 -86 -86 -86 -86 -78 -78 -78 -78 -78 -78 -78 -78 -79 -79 -82 -82 -82 -82 -87 -87 -86 -86 -90 -90 -85 -85 -85 -85 -85 -85 -85 -85 -85 -85 -85 -85 -85 -85 -85 -78 -78 -85 -81 -81 -81 -83 -83 -82 -80 -79 -79 -81 -81 -80 -80 -81 -81 -82 -82 -80 -80 -80 -80 -81 -81 -85 -79 -79 -79 -79 -79 -85 -85 -79 -79 -79 -79 -107 -107 -107 -80 -80 -80 -80 -80 -80 -80 -80 -84 -84 -84 -84 -80 -80 -85 -85 -85 -85 -83 -83 -83 -83 -83 -83 -83 -86 -86 -77 -77 -84 -84 -84 -84 -84 -84 -84 -84 -79 -79 -84 -84 -84 -84 -84 -84 -84 -80 -80 -85 -85 -79 -79 -79 -79 -84 -84 -75 -75 -75 -75 -73 -73 -73 -79 -79 -87 -87 -84 -84 -84 -81 -81 -81 -81 -81 -81 -81 -81 -81 -81 -81 -81 -81 -81 -81 -88 -88 -80 -80 -87 -87 
CQI
2147483647 2147483647 2147483647 2147483647 2147483647 2147483647 2147483647 2147483647 2147483647 2147483647 2147483647 2147483647 2147483647 2147483647 2147483647 2147483647 2147483647 2147483647 2147483647 2147483647 2147483647 2147483647 2147483647 2147483647 2147483647 2147483647 2147483647 2147483647 2147483647 2147483647 2147483647 2147483647 2147483647 2147483647 2147483647 2147483647 2147483647 2147483647 2147483647 2147483647 2147483647 2147483647 2147483647 2147483647 2147483647 2147483647 2147483647 2147483647 2147483647 2147483647 2147483647 2147483647 2147483647 2147483647 2147483647 2147483647 2147483647 2147483647 2147483647 2147483647 2147483647 2147483647 2147483647 2147483647 2147483647 2147483647 2147483647 2147483647 2147483647 2147483647 2147483647 2147483647 2147483647 2147483647 2147483647 2147483647 2147483647 2147483647 2147483647 2147483647 2147483647 2147483647 2147483647 2147483647 2147483647 2147483647 2147483647 2147483647 2147483647 2147483647 2147483647 2147483647 2147483647 2147483647 2147483647 2147483647 2147483647 2147483647 2147483647 2147483647 2147483647 2147483647 2147483647 2147483647 2147483647 2147483647 2147483647 2147483647 2147483647 2147483647 2147483647 2147483647 2147483647 2147483647 2147483647 2147483647 2147483647 2147483647 2147483647 2147483647 2147483647 2147483647 2147483647 2147483647 2147483647 2147483647 2147483647 2147483647 2147483647 2147483647 2147483647 2147483647 2147483647 2147483647 2147483647 2147483647 2147483647 2147483647 2147483647 2147483647 2147483647 2147483647 2147483647 2147483647 2147483647 2147483647 2147483647 2147483647 2147483647 2147483647 2147483647 2147483647 2147483647 2147483647 2147483647 2147483647 2147483647 2147483647 2147483647 2147483647 2147483647 2147483647 2147483647 2147483647 2147483647 2147483647 2147483647 2147483647 2147483647 2147483647 2147483647 2147483647 2147483647 2147483647 2147483647 2147483647 2147483647 2147483647 2147483647 2147483647 2147483647 2147483647 2147483647 2147483647 2147483647 2147483647 2147483647 2147483647 2147483647 2147483647 2147483647 2147483647 2147483647 2147483647 2147483647 2147483647 2147483647 2147483647 2147483647 2147483647 2147483647 2147483647 2147483647 2147483647 2147483647 2147483647 2147483647 2147483647 2147483647 2147483647 2147483647 2147483647 2147483647 2147483647 2147483647 2147483647 2147483647 2147483647 2147483647 2147483647 2147483647 2147483647 2147483647 2147483647 2147483647 2147483647 2147483647 2147483647 2147483647 2147483647 2147483647 2147483647 2147483647 2147483647 2147483647 2147483647 2147483647 2147483647 2147483647 2147483647 2147483647 2147483647 2147483647 2147483647 2147483647 2147483647 2147483647 2147483647 2147483647 2147483647 2147483647 2147483647 2147483647 2147483647 2147483647 2147483647 2147483647 2147483647 2147483647 2147483647 2147483647 2147483647 2147483647 2147483647 2147483647 2147483647 2147483647 2147483647 2147483647 2147483647 2147483647 2147483647 2147483647 2147483647 2147483647 2147483647 2147483647 2147483647 2147483647 2147483647 2147483647 2147483647 2147483647 2147483647 2147483647 2147483647 2147483647 2147483647 2147483647 2147483647 2147483647 2147483647 2147483647 2147483647 2147483647 2147483647 2147483647 2147483647 2147483647 2147483647 2147483647 2147483647 2147483647 2147483647 2147483647 2147483647 2147483647 2147483647 2147483647 2147483647 2147483647 2147483647 2147483647 2147483647 2147483647 2147483647 2147483647 2147483647 2147483647 2147483647 2147483647 2147483647 2147483647 2147483647 2147483647 2147483647 2147483647 2147483647 2147483647 2147483647 2147483647 2147483647 2147483647 2147483647 2147483647 2147483647 2147483647 2147483647 2147483647 2147483647 2147483647 2147483647 2147483647 2147483647 2147483647 2147483647 2147483647 2147483647 2147483647 2147483647 2147483647 2147483647 2147483647 2147483647 2147483647 2147483647 2147483647 2147483647 2147483647 2147483647 2147483647 2147483647 2147483647 2147483647 2147483647 2147483647 2147483647 2147483647 2147483647 2147483647 2147483647 2147483647 2147483647 2147483647 2147483647 2147483647 2147483647 2147483647 
Altitude
-92.5165786743164 -91.73974609375 -91.00519561767578 -90.17024230957031 -89.68934631347656 -89.0551986694336 -88.20438385009766 -87.163330078125 -86.49219512939453 -85.72593688964844 -84.91739654541016 -84.2356948852539 -83.37431335449219 -82.21699523925781 -80.50479888916016 -78.27471923828125 -76.19789123535156 -74.3060302734375 -72.40887451171875 -70.54342651367188 -68.38733673095703 -66.54830932617188 -64.18083190917969 -62.273109436035156 -60.206851959228516 -58.0560417175293 -56.111328125 -54.071495056152344 -52.06864929199219 -49.960113525390625 -47.93084716796875 -45.79589080810547 -43.840606689453125 -41.86947250366211 -39.88776779174805 -37.74224090576172 -35.90850067138672 -33.74183654785156 -31.42720603942871 -29.725582122802734 -27.6751766204834 -25.714609146118164 -23.584936141967773 -21.804044723510742 -19.684940338134766 -17.78778839111328 -15.531286239624023 -13.824377059936523 -11.937793731689453 -10.35771369934082 -8.317878723144531 -6.3890180587768555 -4.222353935241699 -2.066258192062378 -0.08455276489257812 1.9790631532669067 4.668898105621338 6.610969543457031 8.325804710388184 10.20181941986084 12.20994758605957 14.490230560302734 16.252626419067383 17.494495391845703 18.5593318939209 19.632095336914062 20.371931076049805 21.045711517333984 21.72213363647461 22.29814910888672 22.83188819885254 23.10140037536621 23.555871963500977 23.751399993896484 24.182090759277344 24.40668487548828 24.51766014099121 24.903430938720703 24.91928482055664 25.069894790649414 25.297130584716797 25.17030143737793 25.50322723388672 25.55078887939453 25.66969108581543 25.66969108581543 24.121318817138672 22.945507049560547 21.767051696777344 20.242460250854492 18.929250717163086 17.951608657836914 15.853643417358398 14.350189208984375 13.277426719665527 12.080476760864258 10.994502067565918 8.317878723144531 7.575399398803711 6.233124256134033 4.071743965148926 3.4719479084014893 2.005486011505127 1.0886168479919434 0.33292651176452637 -0.4016256332397461 -0.7345521450042725 -1.0621941089630127 -1.9658517837524414 -2.187802791595459 -2.6105666160583496 -2.8430867195129395 -3.0756068229675293 -4.449589252471924 -4.047963619232178 -3.6463379859924316 -3.3239805698394775 -3.4772324562072754 -3.419102430343628 -3.6040616035461426 -4.1959309577941895 -4.201215744018555 -4.264630317687988 -4.021540641784668 -4.4020280838012695 -4.407312870025635 -4.365036487579346 -4.365036487579346 -4.222353935241699 -3.255281448364258 -3.66219162940979 -3.4402406215667725 -2.552436590194702 -0.9089422225952148 1.1203241348266602 2.0504045486450195 3.5247933864593506 5.181499004364014 7.039017677307129 8.983731269836426 10.960151672363281 12.7199068069458 14.680473327636719 16.487789154052734 17.346529006958008 18.554046630859375 19.57660675048828 20.43006134033203 21.545101165771484 22.018068313598633 22.348352432250977 22.538597106933594 23.09611701965332 23.389408111572266 23.727619171142578 23.912578582763672 24.37761878967285 24.41461181640625 24.729042053222656 24.56786346435547 24.1794490814209 24.887577056884766 25.207292556762695 25.64855194091797 25.907495498657227 26.01582908630371 26.346113204956055 26.509933471679688 26.39103126525879 26.187576293945312 26.290624618530273 26.435951232910156 26.35668182373047 26.39103126525879 26.298551559448242 26.367250442504883 26.361967086791992 26.103023529052734 26.16908073425293 24.887577056884766 22.173961639404297 20.953231811523438 19.96766471862793 18.651811599731445 17.592260360717773 15.533927917480469 13.779458045959473 13.721328735351562 12.326208114624023 9.821331977844238 8.159341812133789 7.61767578125 4.18007755279541 3.448167324066162 3.5062975883483887 0.8428853750228882 -0.4227638244628906 -0.6024384498596191 -1.6804862022399902 -1.0463404655456543 -2.4414610862731934 -2.187802791595459 -3.059753179550171 -3.4296715259552 -2.9276394844055176 -3.4772324562072754 -4.365036487579346 -3.8894271850585938 -3.376826047897339 -3.778451681137085 -4.190646171569824 -4.676824569702148 -4.084955215454102 -3.8101589679718018 -3.255281448364258 -3.4296715259552 -3.746744394302368 -3.9528417587280273 -3.7256062030792236 -3.7943053245544434 -4.016256332397461 -3.582923412322998 -3.9581263065338135 -4.0796709060668945 -3.7573134899139404 -2.341054677963257 -0.5813002586364746 0.7768285274505615 2.5445098876953125 3.619915246963501 5.131296157836914 6.933326721191406 8.978446960449219 10.529461860656738 12.55344295501709 14.955270767211914 16.48250389099121 17.512990951538086 18.408721923828125 19.478843688964844 20.01522445678711 20.92945098876953 21.29936981201172 21.907093048095703 22.184532165527344 22.3536376953125 23.410547256469727 23.759326934814453 24.364408493041992 23.410547256469727 23.785749435424805 24.10810661315918 23.00627899169922 24.0235538482666 24.4410343170166 24.84265899658203 24.90607452392578 24.776601791381836 24.829448699951172 25.1412353515625 25.180870056152344 25.52436637878418 25.458309173583984 25.373756408691406 25.291845321655273 24.993268966674805 24.937780380249023 25.249568939208984 25.722536087036133 26.007902145385742 26.264202117919922 26.076601028442383 25.859933853149414 25.735748291015625 25.540220260620117 25.21257781982422 24.221725463867188 22.874164581298828 20.9743709564209 20.245101928710938 19.70343589782715 17.951608657836914 17.140430450439453 15.341042518615723 13.19287395477295 11.536168098449707 9.673364639282227 8.81462574005127 8.309951782226562 6.624180793762207 5.0678815841674805 3.115241050720215 1.55101478099823 0.3382110595703125 -1.1203241348266602 -4.232922554016113 -4.343898296356201 -4.544711112976074 -6.0666608810424805 -7.604464530944824 -10.75405502319336 -12.46096420288086 -13.591856956481934 -14.965839385986328 -16.30282974243164 -18.284534454345703 -20.815834045410156 -21.772336959838867 -22.549165725708008 -24.097537994384766 -25.34469223022461 -27.215421676635742 -28.23005485534668 -28.87476921081543 -31.939807891845703 -33.81582260131836 -35.559722900390625 -36.822731018066406 -37.647117614746094 -39.51784896850586 -40.833702087402344 -42.36621856689453 -43.30158615112305 -44.20524215698242 -45.700767517089844 -47.37068557739258 -49.70645523071289 -50.87434005737305 -52.26946258544922 -53.18368911743164 -54.573524475097656 -55.524742126464844 -57.775962829589844 -58.76945495605469 -60.428802490234375 -62.31010437011719 -64.92595672607422 -66.71212768554688 -68.15481567382812 -69.33326721191406 -71.39424133300781 -72.66252899169922 -74.08936309814453 -74.95602416992188 -76.78976440429688 -78.51252746582031 -79.67512512207031 -81.18122100830078 -82.67146301269531 -84.14057159423828 -85.47227478027344 -86.8145523071289 -87.163330078125 -87.58609771728516 -88.02999877929688 -87.94544219970703 -88.15682983398438 -88.51089477539062 -88.6852798461914 -88.75398254394531 -88.77511596679688 -89.12918090820312 -89.41455078125 -89.71576690673828 -90.13853454589844 -90.33406066894531 -90.62999725341797 -90.5190200805664 -91.24828338623047 -91.59178161621094 -91.92999267578125 -92.03040313720703 -92.10966491699219 -92.21007537841797 -92.27877044677734 -93.14543914794922 -93.42552185058594 -94.10194396972656 