LTE(1) or 5G(2)
1 1 1 1 1 1 1 1 1 1 1 1 1 1 1 1 1 1 1 1 1 1 1 1 1 1 1 1 1 1 1 1 1 1 1 1 1 1 1 1 1 1 1 1 1 1 1 1 1 1 1 1 1 1 1 1 1 1 1 1 1 1 1 1 1 1 1 1 1 1 1 1 1 1 1 1 1 1 1 1 1 1 1 1 1 1 1 1 1 1 1 1 2 2 2 2 2 2 2 2 2 2 2 2 2 2 2 2 2 2 2 1 1 2 2 2 2 2 2 2 2 2 2 2 2 2 2 2 2 2 2 2 2 2 2 1 1 1 1 1 1 1 1 1 1 1 1 1 1 1 1 1 1 1 1 1 1 1 1 1 1 1 1 1 1 1 1 1 2 2 2 2 2 2 2 2 2 2 2 2 2 2 2 2 2 2 2 2 2 2 2 2 2 2 2 2 2 2 2 2 2 2 2 2 2 2 2 2 2 2 2 2 2 2 2 2 2 2 2 2 2 1 1 2 2 2 1 1 2 2 2 2 2 2 2 2 2 2 2 2 2 2 2 2 2 2 2 2 2 2 2 2 2 2 2 2 2 2 2 2 2 2 2 2 2 2 2 2 2 2 2 2 2 2 2 2 2 2 2 2 2 2 2 2 2 2 2 2 2 2 2 2 2 2 2 2 2 2 2 2 2 2 2 2 2 2 1 1 1 1 1 1 1 1 1 1 1 1 1 1 1 1 1 1 1 1 1 1 1 1 1 1 1 1 1 1 1 1 1 1 1 1 1 1 1 1 
SNR of LTE
5 5 5 5 5 5 5 5 5 5 5 6 6 6 6 6 7 7 7 7 5 5 5 5 5 5 5 5 5 2 2 2 2 2 2 2 2 2 2 2 2 2 2 2 2 2 2 2 2 2 2 2 0 0 0 0 0 0 0 0 0 0 0 0 0 0 0 0 0 0 0 0 0 0 0 0 0 0 0 0 0 0 0 0 0 0 0 0 0 0 0 -4 -3 -3 -3 -3 -3 -3 -3 -3 -2 -2 -2 -2 -1 -1 -1 -1 -1 -1 0 0 0 0 0 0 0 0 0 0 0 0 0 0 0 0 0 0 0 0 0 0 -1 -1 -1 -1 -1 -1 -1 -1 -1 -1 -1 -1 -1 -1 -1 -1 -1 -1 -1 -1 -1 -1 -1 -1 -1 0 0 0 0 0 0 0 0 0 0 0 0 0 1 1 1 2 2 2 2 0 0 0 0 -1 -1 -1 -1 -1 -2 -2 -2 -2 -2 -2 -2 -3 -3 -3 -3 -3 -3 -2 -2 -2 -2 -2 -2 -3 -3 -3 -3 -3 -3 -3 -3 -3 -3 -3 -3 -4 -4 -4 -4 -4 -4 -4 -4 -4 -4 -4 -4 -4 -4 -4 -4 -4 -4 -4 -4 -4 -4 -4 -4 -3 -3 -3 -3 -3 -3 -3 -3 -3 -3 -3 -3 -3 -3 -3 -3 -3 -3 -3 -3 -3 -3 -3 -3 -2 -1 -1 -1 -1 -1 -1 -1 -1 -1 -1 -1 -1 -1 -1 -1 -1 -1 -1 -1 -1 -1 -1 -1 -1 -2 -2 -2 -2 -2 -2 -2 -2 -1 -1 -1 -1 -1 -1 -1 -1 -1 -1 -1 -1 -1 -1 -1 0 0 0 0 0 0 0 0 0 0 0 0 0 0 0 0 0 0 0 0 0 0 0 0 3 3 3 3 3 3 3 3 3 
SNR of 5G
0 0 0 0 0 0 0 0 0 0 0 0 0 0 0 0 0 0 0 0 0 0 0 0 0 0 0 0 0 0 0 0 0 0 0 0 0 0 0 0 0 0 0 0 0 0 0 0 0 0 0 0 0 0 0 0 0 0 0 0 0 0 0 0 0 0 0 0 0 0 0 0 0 0 0 0 0 0 0 0 0 0 0 0 0 0 0 0 0 0 0 0 4 4 5 5 7 7 7 7 9 9 9 9 9 9 9 9 9 9 7 0 0 8 8 8 8 8 8 8 8 8 8 -1 -1 1 1 0 0 0 0 -2 -2 -2 -2 0 0 0 0 0 0 0 0 0 0 0 0 0 0 0 0 0 0 0 0 0 0 0 0 0 0 0 0 0 0 0 0 0 -2 -2 0 0 0 1 5 5 5 7 0 0 -1 -1 3 3 0 0 2 2 0 0 -1 -1 -1 -1 1 1 1 1 1 1 4 4 4 4 4 3 3 3 3 3 3 4 3 3 3 3 3 5 4 4 -2 0 0 1 1 -7 0 0 1 1 1 1 1 1 0 0 -1 -1 0 0 -1 -1 -1 -1 -1 -1 0 0 1 1 1 1 1 1 1 1 0 0 1 1 1 1 2 2 2 4 2 2 4 4 4 4 2 2 2 2 0 0 0 0 0 0 6 6 6 6 6 6 6 6 2 2 1 1 2 2 1 1 3 3 3 3 3 3 3 3 0 0 0 0 0 0 0 0 0 0 0 0 0 0 0 0 0 0 0 0 0 0 0 0 0 0 0 0 0 0 0 0 0 0 0 0 0 0 0 0 
RSSI
-51 -51 -51 -51 -51 -51 -51 -51 -51 -51 -51 -51 -51 -51 -51 -51 -51 -51 -51 -51 -51 -51 -51 -51 -51 -51 -51 -51 -51 -51 -51 -51 -51 -51 -51 -51 -51 -51 -51 -51 -51 -51 -51 -51 -51 -51 -51 -51 -51 -51 -51 -51 -51 -51 -51 -51 -51 -51 -51 -51 -51 -51 -51 -51 -51 -51 -51 -51 -51 -51 -51 -51 -51 -51 -51 -51 -51 -51 -51 -51 -51 -51 -51 -51 -51 -51 -51 -51 -51 -51 -51 -51 -51 -51 -51 -51 -51 -51 -51 -51 -51 -51 -51 -51 -51 -51 -51 -51 -51 -51 -51 -51 -51 -51 -51 -51 -51 -51 -51 -51 -51 -51 -51 -51 -51 -51 -51 -51 -51 -51 -51 -51 -51 -51 -51 -51 -51 -51 -51 -51 -51 -51 -51 -51 -51 -51 -51 -51 -51 -51 -51 -51 -51 -51 -51 -51 -51 -51 -51 -51 -51 -51 -51 -51 -51 -51 -51 -51 -51 -51 -51 -51 -51 -51 -51 -51 -51 -51 -51 -51 -51 -51 -51 -51 -51 -51 -51 -51 -51 -51 -51 -51 -51 -51 -51 -51 -51 -51 -51 -51 -51 -51 -51 -51 -51 -51 -51 -51 -51 -51 -51 -51 -51 -51 -51 -51 -51 -51 -51 -51 -51 -51 -51 -51 -51 -51 -51 -51 -51 -51 -51 -51 -51 -51 -51 -51 -51 -51 -51 -51 -51 -51 -51 -51 -51 -51 -51 -51 -51 -51 -51 -51 -51 -51 -51 -51 -51 -51 -51 -51 -51 -51 -51 -51 -51 -51 -51 -51 -51 -51 -51 -51 -51 -51 -51 -51 -51 -51 -51 -51 -51 -51 -51 -51 -51 -51 -51 -51 -51 -51 -51 -51 -51 -51 -51 -51 -51 -51 -51 -51 -51 -51 -51 -51 -51 -51 -51 -51 -51 -51 -51 -51 -51 -51 -51 -51 -51 -51 -51 -51 -51 -51 -51 -51 -51 -51 -51 -51 -51 -51 -51 -51 -51 -51 -51 -51 -51 -51 -51 -51 -51 -51 -51 -51 -51 -51 
RSRP
-78 -78 -78 -78 -78 -78 -78 -78 -78 -78 -78 -77 -77 -77 -77 -77 -74 -74 -74 -74 -72 -72 -72 -72 -72 -72 -72 -72 -72 -72 -72 -72 -72 -72 -72 -72 -72 -72 -72 -72 -72 -72 -72 -72 -72 -72 -72 -72 -72 -72 -72 -72 -75 -75 -75 -75 -75 -75 -75 -75 -75 -75 -75 -75 -75 -75 -75 -75 -75 -75 -75 -75 -75 -75 -75 -75 -75 -75 -75 -75 -75 -75 -75 -75 -75 -75 -75 -75 -75 -75 -75 -78 -77 -77 -77 -77 -77 -77 -77 -77 -77 -77 -77 -77 -76 -76 -76 -76 -76 -76 -75 -75 -75 -75 -75 -75 -75 -75 -75 -74 -74 -74 -74 -74 -74 -74 -74 -74 -74 -74 -74 -74 -75 -75 -75 -75 -75 -75 -75 -75 -75 -75 -75 -75 -75 -75 -75 -75 -75 -75 -75 -75 -75 -75 -75 -75 -75 -74 -74 -74 -74 -74 -74 -74 -74 -74 -74 -74 -73 -73 -73 -73 -73 -73 -73 -73 -73 -74 -74 -74 -74 -75 -78 -78 -78 -78 -78 -78 -79 -79 -80 -80 -80 -80 -80 -81 -81 -81 -81 -82 -82 -82 -82 -82 -82 -81 -81 -81 -81 -81 -81 -80 -81 -81 -81 -81 -81 -81 -81 -81 -81 -81 -81 -80 -80 -80 -80 -80 -80 -80 -80 -80 -80 -80 -80 -79 -79 -79 -79 -79 -79 -79 -78 -78 -78 -78 -78 -78 -78 -78 -78 -78 -78 -78 -78 -78 -78 -78 -78 -78 -78 -78 -78 -78 -78 -77 -76 -76 -76 -76 -76 -76 -76 -76 -76 -76 -75 -75 -75 -75 -75 -75 -75 -75 -75 -75 -75 -75 -75 -75 -76 -76 -76 -76 -76 -76 -76 -76 -75 -75 -75 -75 -75 -75 -75 -75 -75 -75 -75 -75 -75 -75 -75 -74 -74 -74 -74 -74 -74 -74 -74 -74 -74 -74 -74 -74 -74 -74 -74 -74 -74 -74 -74 -74 -74 -74 -74 -72 -72 -72 -72 -72 -72 -72 -72 -72 
CID
13754896 13754896 13754896 13754896 13754896 13769745 13769745 13769745 13769745 13769745 13769745 13769745 13769745 13769745 13769745 13769745 13769745 13769745 13769745 13769745 13769745 13769745 13769745 13769745 13769745 13769745 13769745 13769745 13769745 13769745 13769745 13769745 13769745 13769745 13769745 13769745 13769745 13769745 13769745 13769745 13769745 13769745 13769745 13769745 13769745 13769745 13769745 13769745 13769745 13769745 13769745 13769745 13769745 13769745 13769745 13769745 13769745 13769745 13769745 13769745 13769745 13769745 13769745 13769745 13769745 13769745 13769745 13769745 13769745 13769745 13769745 13769745 13769745 13769745 13769745 13769745 13769745 13769745 13769745 13769745 13769745 13769745 13769745 13769745 13769745 13769745 13769745 13769745 13769745 13769745 13769745 13769745 13769745 13769745 13769745 13769745 13769745 13769745 13769745 13769745 13769745 13769745 13769745 13769745 13769745 13769745 13769745 13769745 13769745 13769745 13769745 13769745 13769745 13769745 13769745 13769745 13769745 13769745 13769745 13769745 13769745 13769745 13769745 13754896 13754896 13754896 13754896 13754896 13769745 13769745 13769745 13754896 13754896 13754896 13754896 13754896 13754896 13754896 13754896 13754896 13754896 13754896 13754896 13754896 13754896 13754896 13754896 13754896 13754896 13754896 13754896 13754896 13754896 13754896 13754896 13754896 13754896 13754896 13754896 13754896 13754896 13754896 13754896 13754896 13754896 13754896 13754896 13754896 13754896 13754896 13754896 13754896 13754896 13769745 13769745 13769745 13769745 13769745 13792279 13792279 13792279 13754896 13754896 13754896 13769745 13769745 13769745 13769745 13769745 13769745 13769745 13769745 13769745 13769745 13769745 13769745 13769745 13769745 13769745 13769745 13769745 13769745 13769745 13769745 13769745 13754896 13754896 13754896 13754896 13754896 13754896 13754896 13754896 13754896 13754896 13754896 13754896 13754896 13754896 13754896 13754896 13754896 13754896 13754896 13754896 13754896 13769745 13769745 13769745 13769745 13769745 13769745 13769745 13769745 13769745 13769745 13769745 13769745 13769745 13769745 13769745 13792279 13792279 13792279 13792279 13792279 13792279 13792279 13769745 13769745 13769745 13769745 13769745 13792279 13792279 13792279 13792279 13792279 13792279 13792279 13792279 13792279 13792279 13792279 13792279 13769745 13769745 13769745 13769745 13769745 13769745 13769745 13769745 13769745 13769745 13769745 13769745 13769745 13769745 13769745 13769745 13769745 13769745 13769745 13769745 13769745 13769745 13769745 13769745 13769745 13769745 13769745 13769745 13769745 13769745 13769745 13769745 13769745 13769745 13769745 13769745 13769745 13769745 13769745 13769745 13769745 13769745 13769745 13769745 13769745 13769745 13769745 13769745 13769745 13769745 13769745 13769745 13769745 13769745 13769745 13769745 13769745 13769745 13769745 13769745 13769745 13769745 13769745 13769745 13769745 13769745 13769745 13769745 13769745 13769745 13769745 13769745 13769745 13769745 13769745 13769745 13769745 13769745 13769745 13769745 13769745 
RSRP of 5G
-81 -81 -81 -81 -81 -81 -81 -81 -81 -81 -81 -81 -81 -81 -81 -81 -81 -81 -81 -81 -81 -81 -81 -81 -81 -81 -81 -81 -81 -81 -81 -81 -81 -81 -81 -81 -81 -81 -81 -81 -81 -81 -81 -81 -81 -81 -81 -81 -81 -81 -81 -81 -81 -81 -81 -81 -81 -81 -81 -81 -81 -81 -81 -81 -81 -81 -81 -81 -81 -81 -81 -81 -81 -81 -81 -81 -81 -81 -81 -81 -81 -81 -81 -81 -81 -81 -81 -81 -81 -81 -81 -81 -81 -81 -79 -79 -81 -81 -81 -81 -78 -78 -78 -78 -81 -81 -76 -76 -76 -76 -78 -78 -78 -81 -81 -81 -81 -81 -81 -84 -84 -84 -84 -86 -86 -83 -83 -89 -113 -103 -103 -95 -95 -95 -95 -138 -138 -138 -138 -138 -138 -138 -138 -138 -138 -138 -138 -138 -138 -138 -138 -138 -138 -138 -138 -138 -138 -138 -138 -138 -138 -138 -138 -138 -138 -138 -138 -138 -86 -86 -82 -82 -82 -85 -81 -81 -81 -86 -79 -79 -79 -81 -84 -84 -81 -81 -79 -79 -100 -100 -82 -82 -80 -80 -79 -79 -79 -79 -79 -77 -78 -78 -78 -78 -78 -79 -79 -79 -79 -79 -79 -77 -77 -77 -77 -77 -77 -78 -83 -83 -123 -123 -123 -81 -81 2147483647 2147483647 2147483647 -81 -81 -82 -82 -82 -82 -84 -84 -82 -82 -81 -81 -80 -80 -82 -82 -80 -80 -81 -81 -78 -78 -78 -78 -78 -78 -78 -78 -80 -80 -81 -81 -80 -80 -79 -79 -79 -80 -81 -81 -81 -81 -78 -78 -86 -86 -82 -82 -82 -82 -80 -80 -84 -84 -81 -81 -81 -81 -81 -81 -81 -81 -82 -82 -83 -83 -85 -85 -85 -85 -82 -82 -82 -82 -82 -82 -82 -82 -82 -82 -82 -82 -82 -82 -82 -82 -82 -82 -82 -82 -82 -82 -82 -82 -82 -82 -82 -82 -82 -82 -82 -82 -82 -82 -82 -82 -82 -82 -82 -82 -82 -82 -82 -82 -82 -82 -82 -82 
CQI
2147483647 2147483647 2147483647 2147483647 2147483647 2147483647 2147483647 2147483647 2147483647 2147483647 2147483647 2147483647 2147483647 2147483647 2147483647 2147483647 2147483647 2147483647 2147483647 2147483647 2147483647 2147483647 2147483647 2147483647 2147483647 2147483647 2147483647 2147483647 2147483647 2147483647 2147483647 2147483647 2147483647 2147483647 2147483647 2147483647 2147483647 2147483647 2147483647 2147483647 2147483647 2147483647 2147483647 2147483647 2147483647 2147483647 2147483647 2147483647 2147483647 2147483647 2147483647 2147483647 2147483647 2147483647 2147483647 2147483647 2147483647 2147483647 2147483647 2147483647 2147483647 2147483647 2147483647 2147483647 2147483647 2147483647 2147483647 2147483647 2147483647 2147483647 2147483647 2147483647 2147483647 2147483647 2147483647 2147483647 2147483647 2147483647 2147483647 2147483647 2147483647 2147483647 2147483647 2147483647 2147483647 2147483647 2147483647 2147483647 2147483647 2147483647 2147483647 2147483647 2147483647 2147483647 2147483647 2147483647 2147483647 2147483647 2147483647 2147483647 2147483647 2147483647 2147483647 2147483647 2147483647 2147483647 2147483647 2147483647 2147483647 2147483647 2147483647 2147483647 2147483647 2147483647 2147483647 2147483647 2147483647 2147483647 2147483647 2147483647 2147483647 2147483647 2147483647 2147483647 2147483647 2147483647 2147483647 2147483647 2147483647 2147483647 2147483647 2147483647 2147483647 2147483647 2147483647 2147483647 2147483647 2147483647 2147483647 2147483647 2147483647 2147483647 2147483647 2147483647 2147483647 2147483647 2147483647 2147483647 2147483647 2147483647 2147483647 2147483647 2147483647 2147483647 2147483647 2147483647 2147483647 2147483647 2147483647 2147483647 2147483647 2147483647 2147483647 2147483647 2147483647 2147483647 2147483647 2147483647 2147483647 2147483647 2147483647 2147483647 2147483647 2147483647 2147483647 2147483647 2147483647 2147483647 2147483647 2147483647 2147483647 2147483647 2147483647 2147483647 2147483647 2147483647 2147483647 2147483647 2147483647 2147483647 2147483647 2147483647 2147483647 2147483647 2147483647 2147483647 2147483647 2147483647 2147483647 2147483647 2147483647 2147483647 2147483647 2147483647 2147483647 2147483647 2147483647 2147483647 2147483647 2147483647 2147483647 2147483647 2147483647 2147483647 2147483647 2147483647 2147483647 2147483647 2147483647 2147483647 2147483647 2147483647 2147483647 2147483647 2147483647 2147483647 2147483647 2147483647 2147483647 2147483647 2147483647 2147483647 2147483647 2147483647 2147483647 2147483647 2147483647 2147483647 2147483647 2147483647 2147483647 2147483647 2147483647 2147483647 2147483647 2147483647 2147483647 2147483647 2147483647 2147483647 2147483647 2147483647 2147483647 2147483647 2147483647 2147483647 2147483647 2147483647 2147483647 2147483647 2147483647 2147483647 2147483647 2147483647 2147483647 2147483647 2147483647 2147483647 2147483647 2147483647 2147483647 2147483647 2147483647 2147483647 2147483647 2147483647 2147483647 2147483647 2147483647 2147483647 2147483647 2147483647 2147483647 2147483647 2147483647 2147483647 2147483647 2147483647 2147483647 2147483647 2147483647 2147483647 2147483647 2147483647 2147483647 2147483647 2147483647 2147483647 2147483647 2147483647 2147483647 2147483647 2147483647 2147483647 2147483647 2147483647 2147483647 2147483647 2147483647 2147483647 2147483647 2147483647 2147483647 2147483647 2147483647 2147483647 2147483647 2147483647 2147483647 2147483647 2147483647 2147483647 2147483647 2147483647 2147483647 2147483647 2147483647 2147483647 2147483647 2147483647 2147483647 2147483647 2147483647 2147483647 2147483647 2147483647 2147483647 2147483647 2147483647 2147483647 2147483647 2147483647 2147483647 2147483647 2147483647 2147483647 
Altitude
-93.10316467285156 -92.32105255126953 -91.7238998413086 -90.99462890625 -90.1808090209961 -89.28243255615234 -87.66007995605469 -84.88040924072266 -82.63975524902344 -80.57878112792969 -78.75032806396484 -76.75276947021484 -74.68651580810547 -72.69952392578125 -70.89749145507812 -68.83123779296875 -66.8072509765625 -64.60359954833984 -62.80156707763672 -60.73530960083008 -58.917423248291016 -56.83002853393555 -54.663360595703125 -52.60767364501953 -50.84791946411133 -48.956050872802734 -47.027191162109375 -45.06662368774414 -43.15361785888672 -41.38329315185547 -39.08451461791992 -37.28248596191406 -35.406471252441406 -33.50931930541992 -31.64915657043457 -29.746719360351562 -27.865421295166016 -25.624773025512695 -23.39469337463379 -21.545101165771484 -19.774778366088867 -17.8512020111084 -15.93291187286377 -13.681694030761719 -11.800395011901855 -9.607307434082031 -7.641456127166748 -5.50649881362915 -3.577638864517212 -1.632925271987915 0.32499969005584717 2.496948719024658 4.333329200744629 6.478855609893799 8.399788856506348 10.209746360778809 11.470110893249512 12.363199234008789 13.356694221496582 14.199580192565918 14.997547149658203 15.496936798095703 16.10201644897461 16.75465965270996 17.098154067993164 17.380878448486328 17.951608657836914 17.972747802734375 18.310958862304688 18.400794982910156 18.44835662841797 18.68351936340332 18.8209171295166 18.958314895629883 19.095712661743164 19.069290161132812 19.375795364379883 18.855266571044922 17.59490203857422 16.228845596313477 14.5272216796875 13.22722339630127 11.557306289672852 9.361576080322266 7.733935832977295 5.863205909729004 4.682109355926514 4.013614177703857 2.267071008682251 0.7028448581695557 -0.4967474937438965 -1.9711363315582275 -3.350403308868408 -5.004467010498047 -4.534142017364502 -6.43657922744751 -7.155277729034424 -8.127634048461914 -8.719503402709961 -9.27966594696045 -9.81340503692627 -10.00364875793457 -10.35771369934082 -11.0129976272583 -10.28901481628418 -11.446331024169922 -10.828038215637207 -10.061779022216797 -9.823974609375 -10.030071258544922 -9.993080139160156 -10.104055404663086 -10.336575508117676 -10.331291198730469 -10.484542846679688 -10.505681037902832 -10.516250610351562 -10.553241729736328 -10.6325101852417 -10.70120906829834 -11.018281936645508 -10.378851890563965 -9.459341049194336 -9.676007270812988 -9.617877006530762 -8.756495475769043 -6.637392044067383 -5.30040168762207 -4.602841377258301 -3.545931577682495 -1.91300630569458 -0.34349560737609863 1.593291163444519 3.625199794769287 5.2554826736450195 6.933326721191406 8.46056079864502 9.739421844482422 10.804258346557617 11.824175834655762 13.100394248962402 13.45181655883789 14.141449928283691 14.783522605895996 15.510148048400879 15.89856243133545 16.33189582824707 16.69917106628418 16.730878829956055 17.201202392578125 17.09551239013672 17.48392677307129 17.325389862060547 17.7692928314209 18.41400718688965 19.021730422973633 18.80770492553711 19.410144805908203 20.171119689941406 20.342866897583008 19.986160278320312 19.909534454345703 19.988801956176758 20.004655838012695 19.864614486694336 19.23046875 19.455062866210938 19.714006423950195 20.171119689941406 20.200183868408203 20.287378311157227 18.908111572265625 18.519697189331055 17.040023803710938 15.306693077087402 13.974987030029297 11.847955703735352 11.393485069274902 8.690439224243164 8.28088665008545 7.163204669952393 6.095726013183594 3.1046719551086426 1.7597544193267822 -0.35934925079345703 -0.9300804138183594 -1.9975590705871582 -4.222353935241699 -4.930482864379883 -5.046743392944336 -5.99796199798584 -7.562188148498535 -8.04836654663086 -8.629666328430176 -8.793487548828125 -9.3060884475708 -9.70242977142334 -9.808120727539062 -10.172754287719727 -10.421128273010254 -10.505681037902832 -9.897957801818848 -10.040640830993652 -9.343080520629883 -8.878040313720703 -8.640235900878906 -8.899178504943848 -9.269096374511719 -9.311372756958008 -9.284950256347656 -9.639015197753906 -9.58088493347168 -9.639015197753906 -9.559746742248535 -9.718283653259277 -9.448771476745605 -9.464625358581543 -9.792266845703125 -9.195113182067871 -8.243894577026367 -6.769505500793457 -5.717880725860596 -4.9146294593811035 -2.8747940063476562 -1.152031421661377 0.8217471837997437 2.668696641921997 4.542068958282471 6.658530235290527 8.550397872924805 9.966657638549805 10.571738243103027 11.990638732910156 12.574581146240234 13.282711029052734 13.919498443603516 14.640839576721191 14.897140502929688 15.444090843200684 15.486367225646973 16.128440856933594 15.969903945922852 16.429658889770508 16.51685333251953 16.670106887817383 16.923765182495117 16.746732711791992 16.91319465637207 17.882909774780273 17.542057037353516 17.991243362426758 18.487991333007812 18.83677101135254 19.056079864501953 19.061363220214844 19.256893157958984 19.57660675048828 19.632095336914062 19.420713424682617 19.25160789489746 19.219900131225586 19.415428161621094 19.436567306518555 19.21725845336914 19.33616065979004 19.180265426635742 19.402217864990234 19.526403427124023 19.2674617767334 18.818275451660156 17.01888656616211 16.139009475708008 14.323766708374023 12.902223587036133 12.043484687805176 11.681492805480957 8.423568725585938 5.778653144836426 5.115442276000977 4.980686187744141 2.54186749458313 1.9579249620437622 0.31707286834716797 -0.676422119140625 -1.5800797939300537 -5.05731201171875 -6.288611888885498 -7.472350597381592 -10.500396728515625 -11.546736717224121 -12.540231704711914 -14.521937370300293 -16.556488037109375 -18.643884658813477 -19.325592041015625 -21.00079345703125 -22.74997901916504 -22.744693756103516 -24.203227996826172 -26.28005599975586 -27.860136032104492 -29.93696403503418 -31.908100128173828 -33.45118713378906 -34.66135025024414 -36.362972259521484 -37.65240478515625 -39.776790618896484 -40.14670944213867 -41.75849533081055 -43.98329162597656 -45.610931396484375 -46.387760162353516 -48.644264221191406 -49.997108459472656 -51.47149658203125 -52.90889358520508 -54.23003005981445 -55.794254302978516 -57.03612518310547 -58.135311126708984 -59.7629508972168 -61.67595672607422 -63.29302978515625 -64.40278625488281 -65.72920227050781 -66.94993591308594 -68.46659851074219 -70.36375427246094 -71.91212463378906 -73.50277709960938 -73.85155487060547 -75.00358581542969 -76.76862335205078 -78.37512969970703 -79.87593841552734 -81.59341430664062 -83.76536560058594 -85.44056701660156 -86.95723724365234 -87.74991607666016 -89.01292419433594 -90.830810546875 -92.1783676147461 -93.47836303710938 -94.43486785888672 