LTE(1) or 5G(2)
2 2 2 2 2 2 2 2 2 2 2 2 2 2 2 2 2 2 2 2 2 2 2 2 2 2 2 2 2 2 2 2 2 2 2 2 2 2 2 2 2 1 1 2 2 2 2 2 2 2 2 2 2 2 2 2 2 2 2 2 2 2 2 2 2 2 2 2 2 2 2 2 2 2 2 2 2 2 2 2 2 2 2 2 2 2 2 2 2 2 2 2 2 2 2 2 2 2 2 2 2 2 1 1 1 1 1 2 2 2 2 2 2 2 2 2 2 1 1 1 1 1 1 1 2 2 2 2 2 1 1 2 2 2 1 1 1 2 2 2 2 2 1 1 1 2 2 2 2 1 1 1 1 1 1 1 1 2 2 2 2 2 2 2 2 2 2 2 2 2 2 2 2 2 2 2 2 2 2 2 2 2 2 2 2 2 2 2 2 2 2 2 2 2 2 2 2 2 2 2 2 2 2 2 2 2 2 2 2 2 2 2 2 2 2 2 2 2 2 2 2 2 2 2 2 2 2 2 2 2 2 2 2 2 2 2 2 1 1 2 2 2 2 2 2 2 2 2 2 2 2 2 2 2 2 2 2 2 2 2 2 2 2 2 2 2 2 2 2 2 2 2 2 2 2 2 2 2 2 2 2 2 2 2 2 2 2 2 2 2 2 2 2 2 2 2 2 2 2 2 2 2 2 2 2 2 2 2 2 2 2 2 2 
SNR of LTE
10 10 10 10 10 10 10 10 10 9 9 9 9 9 9 9 9 9 8 8 8 7 7 6 6 6 6 4 4 4 4 2 2 2 2 2 2 0 0 0 0 -1 -1 -1 -1 -2 -2 -2 -2 -2 -2 -2 -2 -2 -2 -2 -2 -2 -2 -2 -2 -2 -2 -3 -3 -3 -3 -3 -3 -3 -3 -2 -2 -2 -2 -2 -2 -2 -2 -2 -2 -2 -2 -2 -2 -2 -2 -2 -2 -2 -2 -2 -2 -2 -2 -3 -3 -3 -3 -3 -3 -3 -3 -4 -5 -5 -5 -5 -5 -5 -5 -5 -5 -7 -7 -7 -7 -7 -7 -7 -7 -6 -6 -6 -6 -6 -6 -6 -6 -6 -6 -6 -6 -4 -4 -4 -4 -4 -4 -4 -4 -4 -4 -4 -4 -5 -5 -5 -6 -6 -6 -6 -6 -6 -7 -7 -7 -6 -6 -6 -6 -5 -5 -4 -4 -4 -4 -4 -4 -4 -3 -3 -3 -3 -3 -4 -4 -4 -4 -4 -4 -5 -5 -6 -6 -6 -6 -6 -6 -7 -7 -7 -7 -7 -7 -5 -5 -5 -5 -5 -5 -5 -5 -5 -5 -6 -6 -6 -6 -6 -6 -5 -5 -5 -5 -5 -5 -6 -6 -6 -6 -6 -6 -6 -6 -6 -6 -6 -5 -4 -4 -4 -4 -4 -4 -4 -4 -4 -4 -4 -3 -3 -3 -3 -3 -3 -3 -3 -3 -3 -3 -3 -3 -3 -3 -3 -3 -3 -3 -3 -3 -3 -2 -2 -2 -2 -2 -2 -2 -2 -1 -1 -1 -1 -1 -1 -1 -1 0 0 0 0 -1 -1 -1 -1 0 0 0 0 0 0 0 0 0 1 1 1 1 1 3 3 3 3 3 4 4 5 6 6 6 6 6 
SNR of 5G
7 7 7 7 7 4 4 3 3 2 2 2 2 2 2 1 1 0 0 1 1 0 0 0 0 0 0 0 0 0 0 0 0 1 1 0 0 -1 -1 -2 -2 0 0 4 4 4 4 4 4 4 4 4 4 4 4 4 4 4 4 4 4 4 4 4 4 4 4 4 4 4 4 1 0 0 0 0 0 1 1 1 1 1 1 1 1 1 1 0 0 -1 -1 -1 -1 0 0 0 0 -2 -2 -3 -3 3 0 0 0 0 0 2 2 2 2 2 2 0 0 -3 -3 0 0 0 0 0 0 0 -3 -3 -5 -5 -7 0 0 -2 -2 -2 0 0 0 -2 -2 -2 -4 -4 0 0 0 -2 -1 -1 -1 0 0 0 0 0 0 0 0 0 0 -1 -1 0 0 1 1 -2 -2 -2 -2 0 0 -3 -3 6 6 1 0 0 0 0 1 0 0 0 0 0 0 0 0 -1 -1 -1 -1 -1 -1 -2 -2 -2 -2 -3 -3 -3 -3 -3 -3 -1 -1 0 0 0 0 0 0 0 0 0 0 -1 -1 -1 -1 -1 -1 0 0 0 0 0 0 0 0 0 0 0 0 0 0 0 0 -2 -1 -1 0 0 -1 -1 -2 -2 -3 -3 -4 -4 -6 -6 4 4 4 4 4 4 4 4 3 3 3 3 3 3 2 2 3 3 3 3 4 4 1 1 -2 -2 -1 -1 -2 -2 4 4 4 4 3 3 3 1 1 1 1 1 1 2 2 3 3 3 3 5 5 6 6 7 7 7 7 7 7 
RSSI
-51 -51 -51 -51 -51 -51 -51 -51 -51 -51 -51 -51 -51 -51 -51 -51 -51 -51 -51 -51 -51 -51 -51 -51 -51 -51 -51 -51 -51 -51 -51 -51 -51 -51 -51 -51 -51 -51 -51 -51 -51 -51 -51 -51 -51 -51 -51 -51 -51 -51 -51 -51 -51 -51 -51 -51 -51 -51 -51 -51 -51 -51 -51 -51 -51 -51 -51 -51 -51 -51 -51 -51 -51 -51 -51 -51 -51 -51 -51 -51 -51 -51 -51 -51 -51 -51 -51 -51 -51 -51 -51 -51 -51 -51 -51 -51 -51 -51 -51 -51 -51 -51 -51 -51 -51 -51 -51 -51 -51 -51 -51 -51 -51 -51 -51 -51 -51 -51 -51 -51 -51 -51 -51 -51 -51 -51 -51 -51 -51 -51 -51 -51 -51 -51 -51 -51 -51 -51 -51 -51 -51 -51 -51 -51 -51 -51 -51 -51 -51 -51 -51 -51 -51 -51 -51 -51 -51 -51 -51 -51 -51 -51 -51 -51 -51 -51 -51 -51 -51 -51 -51 -51 -51 -51 -51 -51 -51 -51 -51 -51 -51 -51 -51 -51 -51 -51 -51 -51 -51 -51 -51 -51 -51 -51 -51 -51 -51 -51 -51 -51 -51 -51 -51 -51 -51 -51 -51 -51 -51 -51 -51 -51 -51 -51 -51 -51 -51 -51 -51 -51 -51 -51 -51 -51 -51 -51 -51 -51 -51 -51 -51 -51 -51 -51 -51 -51 -51 -51 -51 -51 -51 -51 -51 -51 -51 -51 -51 -51 -51 -51 -51 -51 -51 -51 -51 -51 -51 -51 -51 -51 -51 -51 -51 -51 -51 -51 -51 -51 -51 -51 -51 -51 -51 -51 -51 -51 -51 -51 -51 -51 -51 -51 -51 -51 -51 -51 -51 -51 -51 -51 -51 -51 -51 -51 -51 -51 -51 -51 -51 -51 -51 -51 -51 -51 -51 -51 -51 -51 -51 -51 -51 -51 -51 
RSRP
-71 -71 -71 -71 -71 -68 -68 -68 -68 -68 -68 -68 -68 -68 -68 -68 -68 -68 -68 -68 -68 -68 -68 -68 -68 -68 -68 -69 -69 -69 -69 -70 -70 -70 -70 -70 -70 -72 -72 -72 -72 -73 -73 -74 -74 -75 -75 -75 -75 -75 -75 -75 -75 -75 -75 -75 -75 -75 -75 -75 -75 -75 -75 -76 -76 -76 -76 -76 -76 -76 -76 -76 -76 -76 -76 -76 -76 -76 -76 -76 -76 -76 -76 -76 -76 -76 -76 -76 -76 -76 -76 -76 -76 -76 -76 -77 -77 -78 -78 -77 -77 -77 -77 -78 -79 -79 -79 -79 -79 -79 -79 -80 -80 -80 -80 -80 -80 -81 -81 -81 -81 -81 -81 -81 -81 -80 -80 -80 -80 -80 -80 -80 -80 -79 -79 -79 -79 -79 -79 -79 -78 -78 -78 -78 -78 -77 -77 -77 -77 -77 -77 -77 -77 -77 -78 -78 -78 -77 -77 -77 -77 -76 -76 -75 -75 -75 -75 -76 -76 -76 -76 -76 -76 -76 -76 -76 -76 -76 -76 -76 -76 -77 -77 -78 -78 -78 -78 -78 -78 -80 -80 -80 -80 -80 -80 -79 -79 -78 -78 -78 -78 -78 -78 -78 -78 -79 -79 -79 -79 -79 -79 -78 -78 -78 -78 -78 -78 -78 -78 -77 -77 -77 -77 -78 -78 -77 -77 -77 -77 -76 -76 -76 -76 -76 -76 -76 -76 -76 -76 -76 -76 -76 -76 -76 -76 -76 -76 -76 -77 -77 -77 -77 -77 -77 -77 -77 -77 -77 -77 -77 -77 -77 -76 -76 -76 -76 -76 -76 -76 -76 -76 -76 -76 -76 -75 -75 -75 -75 -75 -75 -75 -75 -75 -75 -75 -75 -74 -74 -74 -74 -74 -72 -72 -72 -72 -71 -71 -71 -71 -71 -68 -68 -68 -68 -68 -68 -68 -68 -68 -68 -68 -68 -68 
CID
13678086 13678086 13678086 13678086 13678086 13678086 13678086 13678086 13678086 13678086 13678086 13678086 13678086 13678086 13678086 13678086 13678086 13678086 13678086 13678086 13678086 13678086 13678086 13678086 13678086 13678086 13678086 13678086 13678086 13678086 13678086 13678086 13678086 13769742 13769742 13769742 13769742 13769742 13769742 13769742 13769742 13769742 13769742 13769742 13769742 13769742 13769742 13769742 13769742 13769742 13769742 13769742 13769742 13769742 13769742 13769742 13769742 13769742 13769742 13769742 13769742 13769742 13769742 13769742 13769742 13769742 13769742 13769742 13769742 13769742 13769742 13769742 13769742 13769742 13769742 13769742 13769742 13769742 13769742 13769742 13769742 13769742 13769742 13769742 13769742 13769742 13769742 13769742 13769742 13769742 13769742 13769742 13769742 13769742 13769742 13769742 13769742 13769742 13769742 13769742 13769742 13769742 13769742 13769742 13792513 13792513 13792513 13792513 13792513 13792513 13792513 13792513 13792513 13792513 13792513 13792513 13792513 13792513 13792513 13792513 13792513 13792258 13792258 13792258 13792258 13792258 13792258 13792258 13792258 13792258 13792258 13792258 13792258 13792258 13792258 13792258 13792258 13792258 13792258 13792258 13792258 13792258 13792258 13792258 13792258 13792523 13792523 13792523 13792523 13792523 13792523 13792523 13792523 13792523 13792523 13792526 13792526 13792526 13792526 13792526 13792526 13792526 13792526 13792526 13792526 13792526 13792526 13792526 13678086 13678086 13678086 13792526 13792526 13678086 13678086 13678086 13678086 13678086 13678086 13754893 13754893 13754893 13754893 13754893 13754893 13754893 13678086 13678086 13678086 13678086 13678086 13678086 13678086 13678086 13678086 13678086 13678086 13678086 13678086 13678086 13678086 13678086 13678086 13678086 13678086 13678086 13678086 13678086 13678086 13678086 13678086 13792526 13792526 13678086 13678086 13678086 13678086 13678086 13678086 13678086 13678086 13678086 13678086 13678086 13678086 13678086 13678086 13678086 13678086 13678086 13678086 13678086 13678086 13678086 13678086 13678086 13678086 13678086 13678086 13769742 13769742 13769742 13769742 13769742 13769742 13769742 13769742 13769742 13769742 13769742 13769742 13769742 13769742 13769742 13769742 13769742 13769742 13769742 13769742 13769742 13769742 13769742 13769742 13769742 13769742 13769742 13769742 13769742 13769742 13769742 13769742 13769742 13769742 13769742 13769742 13769742 13769742 13769742 13769742 13769742 13769742 13769742 13678086 13678086 13678086 13678086 13678086 13678086 13678086 13678086 13678086 13678086 13678086 13678086 13678086 13678086 13678086 13678086 13678086 13678086 13678086 13678086 13678086 13678086 13678086 13678086 13678086 13678086 13678086 13678086 13678086 13678086 13678086 
RSRP of 5G
-86 -86 -86 -86 -86 -83 -83 -89 -89 -85 -85 -87 -87 -83 -83 -85 -85 -89 -89 -83 -83 -87 -87 -85 -85 -91 -91 -83 -83 -83 -83 -79 -79 -81 -81 -86 -86 -87 -87 -89 -89 -89 -89 -84 -84 -84 -84 -84 -84 -84 -84 -84 -84 -84 -84 -84 -84 -84 -84 -84 -84 -84 -84 -79 -79 -82 -82 -82 -82 -82 -82 -90 -79 -81 -81 -80 -80 -80 -80 -80 -80 -80 -80 -80 -80 -82 -82 -84 -84 -82 -82 -83 -83 -83 -83 -83 -83 -89 -89 -109 -81 -81 -81 -81 -81 -81 -81 -85 -85 -85 -85 -86 -86 -108 -108 -108 -108 -108 -108 -108 -108 -108 -108 -108 -87 -87 -114 -114 -120 -120 -120 -112 -112 -101 -101 -101 -101 -91 -91 -91 -95 -95 -95 -95 -95 -83 -85 -85 -97 -97 -97 -97 -97 -97 -97 -97 -97 -81 -81 -97 -97 -84 -84 -98 -83 -83 -83 -83 -83 -81 -81 -89 -89 -80 -80 -95 -77 -77 -77 -92 -83 -80 -80 -89 -89 -84 -84 -84 -84 -86 -86 -82 -82 -82 -82 -89 -89 -86 -86 -87 -87 -87 -87 -87 -87 -82 -82 -80 -80 -83 -83 -81 -81 -79 -79 -79 -79 -81 -81 -79 -79 -82 -82 -81 -81 -80 -80 -81 -81 -80 -80 -80 -80 -81 -81 -77 -77 -86 -86 -80 -84 -84 -80 -80 -81 -81 -90 -90 -81 -81 -85 -85 -81 -81 -82 -82 -82 -82 -82 -82 -82 -82 -89 -89 -84 -84 -88 -88 -84 -84 -82 -82 -82 -82 -77 -77 -80 -80 -85 -85 -85 -85 -83 -83 -83 -83 -84 -84 -87 -87 -87 -88 -88 -84 -84 -87 -87 -87 -87 -83 -83 -83 -83 -80 -80 -81 -81 -79 -79 -79 -79 -79 -79 
CQI
2147483647 2147483647 2147483647 2147483647 2147483647 2147483647 2147483647 2147483647 2147483647 2147483647 2147483647 2147483647 2147483647 2147483647 2147483647 2147483647 2147483647 2147483647 2147483647 2147483647 2147483647 2147483647 2147483647 2147483647 2147483647 2147483647 2147483647 2147483647 2147483647 2147483647 2147483647 2147483647 2147483647 2147483647 2147483647 2147483647 2147483647 2147483647 2147483647 2147483647 2147483647 2147483647 2147483647 2147483647 2147483647 2147483647 2147483647 2147483647 2147483647 2147483647 2147483647 2147483647 2147483647 2147483647 2147483647 2147483647 2147483647 2147483647 2147483647 2147483647 2147483647 2147483647 2147483647 2147483647 2147483647 2147483647 2147483647 2147483647 2147483647 2147483647 2147483647 2147483647 2147483647 2147483647 2147483647 2147483647 2147483647 2147483647 2147483647 2147483647 2147483647 2147483647 2147483647 2147483647 2147483647 2147483647 2147483647 2147483647 2147483647 2147483647 2147483647 2147483647 2147483647 2147483647 2147483647 2147483647 2147483647 2147483647 2147483647 2147483647 2147483647 2147483647 2147483647 2147483647 2147483647 2147483647 2147483647 2147483647 2147483647 2147483647 2147483647 2147483647 2147483647 2147483647 2147483647 2147483647 2147483647 2147483647 2147483647 2147483647 2147483647 2147483647 2147483647 2147483647 2147483647 2147483647 2147483647 2147483647 2147483647 2147483647 2147483647 2147483647 2147483647 2147483647 2147483647 2147483647 2147483647 2147483647 2147483647 2147483647 2147483647 2147483647 2147483647 2147483647 2147483647 2147483647 2147483647 2147483647 2147483647 2147483647 2147483647 2147483647 2147483647 2147483647 2147483647 2147483647 2147483647 2147483647 2147483647 2147483647 2147483647 2147483647 2147483647 2147483647 2147483647 2147483647 2147483647 2147483647 2147483647 2147483647 2147483647 2147483647 2147483647 2147483647 2147483647 2147483647 2147483647 2147483647 2147483647 2147483647 2147483647 2147483647 2147483647 2147483647 2147483647 2147483647 2147483647 2147483647 2147483647 2147483647 2147483647 2147483647 2147483647 2147483647 2147483647 2147483647 2147483647 2147483647 2147483647 2147483647 2147483647 2147483647 2147483647 2147483647 2147483647 2147483647 2147483647 2147483647 2147483647 2147483647 2147483647 2147483647 2147483647 2147483647 2147483647 2147483647 2147483647 2147483647 2147483647 2147483647 2147483647 2147483647 2147483647 2147483647 2147483647 2147483647 2147483647 2147483647 2147483647 2147483647 2147483647 2147483647 2147483647 2147483647 2147483647 2147483647 2147483647 2147483647 2147483647 2147483647 2147483647 2147483647 2147483647 2147483647 2147483647 2147483647 2147483647 2147483647 2147483647 2147483647 2147483647 2147483647 2147483647 2147483647 2147483647 2147483647 2147483647 2147483647 2147483647 2147483647 2147483647 2147483647 2147483647 2147483647 2147483647 2147483647 2147483647 2147483647 2147483647 2147483647 2147483647 2147483647 2147483647 2147483647 2147483647 2147483647 2147483647 2147483647 2147483647 2147483647 2147483647 2147483647 2147483647 2147483647 2147483647 2147483647 2147483647 2147483647 2147483647 2147483647 2147483647 2147483647 2147483647 2147483647 2147483647 2147483647 2147483647 2147483647 2147483647 2147483647 2147483647 2147483647 2147483647 2147483647 2147483647 2147483647 2147483647 2147483647 2147483647 2147483647 2147483647 2147483647 2147483647 
Altitude
-130.7925567626953 -129.28646850585938 -127.26776123046875 -125.11695098876953 -122.66492462158203 -120.86817932128906 -118.63809967041016 -116.61940002441406 -114.50029754638672 -112.56615447998047 -110.4576187133789 -108.36493682861328 -106.2088394165039 -104.30111694335938 -102.36697387695312 -100.39583587646484 -98.64665222167969 -96.70194244384766 -94.74137115478516 -92.76495361328125 -90.75154113769531 -88.743408203125 -86.8726806640625 -84.97552490234375 -83.02552795410156 -80.76374053955078 -78.7344741821289 -76.5255355834961 -74.51741027832031 -72.46700286865234 -70.28448486328125 -68.3714828491211 -66.34749603271484 -64.27595520019531 -61.92961502075195 -60.048316955566406 -57.95035171508789 -56.09019088745117 -54.071495056152344 -52.015804290771484 -49.960113525390625 -48.11052322387695 -45.84345245361328 -44.02556610107422 -41.95930862426758 -39.771507263183594 -37.906063079833984 -36.01419448852539 -33.984928131103516 -31.7601318359375 -29.93696403503418 -28.483713150024414 -27.12558364868164 -26.221925735473633 -25.63534164428711 -25.03290367126465 -24.30891990661621 -23.933717727661133 -23.48453140258789 -23.257295608520508 -23.236156463623047 -22.924367904663086 -22.57558822631836 -22.623149871826172 -22.51217269897461 -22.438190460205078 -22.253231048583984 -21.95729637145996 -21.682498931884766 -21.61908531188965 -22.24794578552246 -21.053638458251953 -21.2650203704834 -21.693069458007812 -22.31136131286621 -22.46461296081543 -22.306076049804688 -22.237377166748047 -22.269084930419922 -22.237377166748047 -22.121116638183594 -22.115833282470703 -22.321929931640625 -22.35892105102539 -22.454044342041016 -22.454044342041016 -22.496320724487305 -22.50688934326172 -22.46461296081543 -22.496320724487305 -22.522743225097656 -22.612579345703125 -22.728839874267578 -22.739408493041992 -22.612579345703125 -22.7341251373291 -22.70770263671875 -22.269084930419922 -21.640222549438477 -21.164613723754883 -21.021930694580078 -21.132905960083008 -21.095914840698242 -21.560955047607422 -21.788190841674805 -21.856889724731445 -21.994287490844727 -21.952011108398438 -22.015426635742188 -22.158109664916992 -21.941442489624023 -22.269084930419922 -21.814613342285156 -21.560955047607422 -21.97843360900879 -22.094694137573242 -23.257295608520508 -23.75404167175293 -24.726398468017578 -25.936561584472656 -25.87843132019043 -25.846723556518555 -25.55078887939453 -25.30769920349121 -25.61420249938965 -24.752822875976562 -25.091033935546875 -25.175586700439453 -25.408105850219727 -25.328838348388672 -25.582496643066406 -25.778024673461914 -26.264202117919922 -26.354040145874023 -26.54956817626953 -26.750381469726562 -27.019893646240234 -26.803226470947266 -26.935340881347656 -26.940624237060547 -26.871925354003906 -26.797941207885742 -26.914201736450195 -25.735748291015625 -25.386966705322266 -24.499164581298828 -24.715829849243164 -24.055261611938477 -23.162172317504883 -22.099979400634766 -21.767051696777344 -21.75648307800293 -21.608516693115234 -21.529247283935547 -21.830467224121094 -21.809328079223633 -21.989004135131836 -22.105262756347656 -21.99957275390625 -23.045913696289062 -22.77640151977539 -24.30891990661621 -25.719894409179688 -24.044692993164062 -23.880870819091797 -24.155668258666992 -23.933717727661133 -24.314205169677734 -25.223146438598633 -26.718673706054688 -25.830869674682617 -25.445096969604492 -25.56664276123047 -25.233715057373047 -23.701196670532227 -23.37883949279785 -23.384124755859375 -23.53209114074707 -23.63778305053711 -23.717050552368164 -23.923147201538086 -24.208513259887695 -24.446317672729492 -24.208513259887695 -24.21379852294922 -24.446317672729492 -24.372333526611328 -24.340627670288086 -24.589000701904297 -24.742252349853516 -24.826805114746094 -24.81623649597168 -24.784528732299805 -24.56786346435547 -24.451602935791016 -24.604854583740234 -24.71054458618164 -24.409326553344727 -24.4410343170166 -24.46217155456543 -24.55200958251953 -24.32477378845215 -24.28778076171875 -24.002416610717773 -23.986562728881836 -23.875587463378906 -24.123960494995117 -24.01827049255371 -23.944286346435547 -24.097537994384766 -24.055261611938477 -23.960140228271484 -24.002416610717773 -24.049976348876953 -24.21379852294922 -24.028839111328125 -24.800382614135742 -25.397537231445312 -25.191438674926758 -24.293066024780273 -24.081684112548828 -23.785749435424805 -23.648351669311523 -23.68534278869629 -23.542659759521484 -23.510953903198242 -23.537376403808594 -23.521522521972656 -23.584936141967773 -23.579652786254883 -23.558513641357422 -23.658920288085938 -23.75404167175293 -23.727619171142578 -23.627212524414062 -23.193880081176758 -22.691848754882812 -22.29022216796875 -21.693069458007812 -21.904451370239258 -22.052417755126953 -23.590221405029297 -24.943065643310547 -26.528430938720703 -28.23533821105957 -29.704442977905273 -31.189401626586914 -32.563385009765625 -33.636146545410156 -35.41703796386719 -36.86500549316406 -38.297119140625 -40.05158615112305 -41.74264144897461 -43.21703338623047 -44.62272262573242 -46.186946868896484 -47.92556381225586 -49.34710693359375 -50.8267822265625 -52.512550354003906 -54.156044006347656 -55.39263153076172 -56.97270965576172 -58.88043212890625 -60.291404724121094 -61.58083724975586 -63.2296142578125 -64.63002014160156 -66.16253662109375 -67.72148132324219 -69.1641616821289 -70.6596908569336 -72.34017181396484 -73.79342651367188 -75.29952239990234 -76.98529052734375 -78.3011474609375 -80.12960052490234 -81.58284759521484 -83.21577453613281 -84.77471923828125 -86.12227630615234 -87.71820831298828 -89.04991149902344 -90.7039794921875 -92.5377197265625 -94.10722351074219 -95.571044921875 -97.19868469238281 -98.9267349243164 -100.1686019897461 -101.71697998046875 -103.20722198486328 -104.72917175292969 -106.45721435546875 -108.03729248046875 -109.60152435302734 -110.73241424560547 -112.2913589477539 -113.67591094970703 -115.13444519042969 -116.68810272216797 -118.64866638183594 -120.18118286132812 -121.37020874023438 -122.80232238769531 -124.36126708984375 -125.83036804199219 -127.33646392822266 -128.73158264160156 -130.47547912597656 -131.7437744140625 