LTE(1) or 5G(2)
2 2 2 2 2 2 2 2 2 2 2 2 2 2 2 2 2 2 2 2 2 2 2 2 2 2 2 2 2 2 2 2 2 2 2 2 2 2 2 2 2 2 2 2 2 2 2 2 2 2 2 2 2 2 2 2 2 2 2 2 2 2 2 2 2 2 2 2 2 2 2 2 2 2 2 2 2 2 2 2 2 2 2 2 2 2 2 2 2 2 2 2 2 2 2 2 2 2 2 2 2 2 2 2 2 2 2 2 2 2 2 2 2 2 2 2 1 1 1 1 1 1 1 1 1 1 1 1 1 1 1 1 1 1 1 1 1 1 1 1 1 1 1 1 1 1 1 1 1 1 1 1 1 1 1 1 1 1 1 1 1 1 1 1 1 1 1 1 1 1 1 1 1 1 1 1 1 1 1 1 1 1 1 1 1 1 1 1 1 1 1 1 1 1 1 1 1 1 1 1 1 1 1 1 1 1 1 1 1 1 1 1 2 2 2 2 2 2 2 2 2 2 2 2 2 2 2 2 2 2 2 2 2 2 2 2 2 2 2 2 2 2 2 2 2 2 2 2 2 2 2 2 2 2 2 2 2 1 1 2 2 2 2 2 2 2 2 1 1 2 2 2 2 2 2 2 2 2 2 2 2 2 2 2 2 2 2 2 2 2 2 2 2 2 2 2 2 2 2 2 2 2 2 2 2 2 2 2 2 2 2 2 2 2 2 2 2 2 2 2 2 2 2 2 2 2 2 2 2 2 1 1 1 1 1 1 1 1 1 1 1 1 1 1 1 1 1 1 1 1 1 1 1 1 1 1 1 1 1 1 
SNR of LTE
1 1 1 1 1 1 1 1 0 0 0 0 1 1 1 1 2 2 2 2 3 3 3 3 3 2 2 2 2 2 2 2 2 2 2 2 2 2 2 2 1 1 1 1 0 0 0 0 0 0 0 0 0 0 0 0 0 0 0 0 0 -1 -1 -1 -1 -1 -1 -1 -1 -1 -1 -1 -1 -1 -1 -1 -1 -1 -1 -1 -1 -1 -1 -1 -2 -2 -2 -2 -2 -2 -2 -2 -2 -2 -2 -2 -2 -1 -1 -1 -1 -1 -1 -1 -1 -1 -1 -1 -1 -1 -1 -2 -2 -2 -2 -2 -2 -2 -2 -2 -2 -2 -2 -2 -2 -2 -2 -2 -2 -2 -2 -2 -2 -2 -2 -2 -2 -2 -2 -2 -2 -2 -2 -2 -2 -2 -2 -2 -2 -2 -2 -2 -2 -2 -2 -2 0 0 0 0 0 0 0 0 0 0 0 0 0 0 0 0 0 0 0 0 0 0 0 0 0 0 0 0 0 0 0 0 0 0 0 0 0 0 0 0 0 -3 -3 -3 -3 -3 -3 -3 -3 -3 -3 -3 -3 -3 -3 -3 -3 -3 -3 -3 -4 -4 -4 -4 -4 -4 -4 -4 -4 -4 -4 -4 -4 -4 -4 -4 -3 -3 -3 -3 -3 -3 -3 -3 -2 -2 -2 -2 -2 -2 -3 -3 -3 -3 -3 -3 -3 -3 -3 -3 -3 -3 -2 -2 -2 -2 -2 -2 -2 -2 -3 -3 -3 -3 -3 -3 -3 -3 -3 -3 -3 -2 -2 -2 -2 -2 -2 -2 -2 -2 -2 -2 -2 -1 -1 -1 -1 -1 -1 -1 -1 -1 -1 -1 -1 -1 -1 -1 -1 -1 -1 0 0 0 0 0 0 0 0 0 0 1 1 1 1 1 1 0 0 0 0 0 0 0 0 0 0 0 0 0 0 0 0 0 0 0 0 0 0 0 0 0 0 0 0 0 0 0 0 0 0 0 0 0 
SNR of 5G
-2 -2 9 9 8 8 8 6 6 6 6 6 6 6 6 6 6 6 6 6 2 2 0 0 0 0 2 2 2 2 4 4 4 4 4 4 4 4 3 3 2 2 2 2 2 2 4 4 0 0 -3 -3 4 4 4 3 5 5 4 4 4 4 4 4 4 4 0 0 1 1 1 1 1 1 1 1 1 1 0 0 0 0 0 0 -1 -1 0 0 0 0 0 0 -1 -2 -2 -3 -3 7 7 7 7 8 8 8 8 8 8 8 8 8 8 7 7 7 7 7 0 0 0 0 0 0 0 0 0 0 0 0 0 0 0 0 0 0 0 0 0 0 0 0 0 0 0 0 0 0 0 0 0 0 0 0 0 0 0 0 0 0 0 0 0 0 0 0 0 0 0 0 0 0 0 0 0 0 0 0 0 0 0 0 0 0 0 0 0 0 0 0 0 0 0 0 0 0 0 0 0 0 0 0 0 0 0 0 0 0 0 0 0 0 0 0 5 5 5 5 3 3 0 0 -1 -1 -1 -1 0 0 2 2 1 1 0 0 -1 -1 -1 -1 -1 -1 -2 -2 -2 -2 -2 -2 -1 -1 1 1 0 0 0 0 0 0 0 0 0 0 0 0 0 0 0 -1 -1 -1 -1 0 0 1 1 1 1 0 0 0 0 -1 -1 -1 -1 -2 -2 4 4 4 4 4 4 3 3 1 1 3 3 3 3 1 1 1 1 1 1 -2 -2 -3 -3 -3 -3 -3 -3 5 5 4 4 3 3 3 3 2 2 2 2 1 1 1 1 1 1 3 0 0 0 0 0 0 0 0 0 0 0 0 0 0 0 0 0 0 0 0 0 0 0 0 0 0 0 0 0 0 
RSSI
-51 -51 -51 -51 -51 -51 -51 -51 -51 -51 -51 -51 -51 -51 -51 -51 -51 -51 -51 -51 -51 -51 -51 -51 -51 -51 -51 -51 -51 -51 -51 -51 -51 -51 -51 -51 -51 -51 -51 -51 -51 -51 -51 -51 -51 -51 -51 -51 -51 -51 -51 -51 -51 -51 -51 -51 -51 -51 -51 -51 -51 -51 -51 -51 -51 -51 -51 -51 -51 -51 -51 -51 -51 -51 -51 -51 -51 -51 -51 -51 -51 -51 -51 -51 -51 -51 -51 -51 -51 -51 -51 -51 -51 -51 -51 -51 -51 -51 -51 -51 -51 -51 -51 -51 -51 -51 -51 -51 -51 -51 -51 -51 -51 -51 -51 -51 -51 -51 -51 -51 -51 -51 -51 -51 -51 -51 -51 -51 -51 -51 -51 -51 -51 -51 -51 -51 -51 -51 -51 -51 -51 -51 -51 -51 -51 -51 -51 -51 -51 -51 -51 -51 -51 -51 -51 -51 -51 -51 -51 -51 -51 -51 -51 -51 -51 -51 -51 -51 -51 -51 -51 -51 -51 -51 -51 -51 -51 -51 -51 -51 -51 -51 -51 -51 -51 -51 -51 -51 -51 -51 -51 -51 -51 -51 -51 -51 -51 -51 -51 -51 -51 -51 -51 -51 -51 -51 -51 -51 -51 -51 -51 -51 -51 -51 -51 -51 -51 -51 -51 -51 -51 -51 -51 -51 -51 -51 -51 -51 -51 -51 -51 -51 -51 -51 -51 -51 -51 -51 -51 -51 -51 -51 -51 -51 -51 -51 -51 -51 -51 -51 -51 -51 -51 -51 -51 -51 -51 -51 -51 -51 -51 -51 -51 -51 -51 -51 -51 -51 -51 -51 -51 -51 -51 -51 -51 -51 -51 -51 -51 -51 -51 -51 -51 -51 -51 -51 -51 -51 -51 -51 -51 -51 -51 -51 -51 -51 -51 -51 -51 -51 -51 -51 -51 -51 -51 -51 -51 -51 -51 -51 -51 -51 -51 -51 -51 -51 -51 -51 -51 -51 -51 -51 -51 -51 -51 -51 -51 -51 -51 -51 -51 -51 -51 -51 -51 -51 -51 -51 -51 -51 -51 -51 -51 -51 -51 -51 -51 -51 -51 -51 -51 -51 -51 -51 -51 -51 -51 -51 -51 -51 
RSRP
-87 -85 -85 -84 -84 -84 -84 -82 -81 -81 -81 -81 -78 -78 -78 -78 -74 -74 -74 -74 -72 -72 -72 -72 -72 -71 -71 -71 -71 -71 -71 -71 -71 -71 -71 -71 -71 -71 -71 -71 -72 -72 -72 -72 -73 -73 -73 -74 -74 -74 -74 -74 -74 -74 -74 -75 -75 -75 -75 -75 -75 -75 -75 -75 -75 -75 -75 -75 -75 -75 -75 -75 -75 -75 -75 -75 -75 -75 -75 -75 -75 -75 -76 -76 -76 -76 -76 -76 -77 -77 -77 -77 -77 -77 -77 -77 -77 -76 -76 -76 -76 -76 -76 -76 -76 -76 -76 -76 -76 -76 -76 -76 -76 -76 -76 -76 -75 -75 -75 -75 -75 -75 -75 -75 -75 -75 -76 -76 -76 -76 -76 -76 -76 -76 -76 -76 -76 -76 -76 -76 -76 -76 -76 -76 -76 -76 -76 -76 -76 -76 -76 -76 -76 -76 -76 -76 -75 -75 -75 -74 -74 -74 -74 -74 -74 -74 -74 -74 -74 -74 -74 -74 -74 -74 -74 -74 -74 -74 -74 -74 -75 -76 -76 -76 -76 -76 -76 -76 -76 -76 -76 -76 -76 -76 -76 -76 -76 -80 -81 -81 -81 -81 -81 -81 -81 -81 -81 -81 -81 -81 -81 -82 -82 -81 -81 -81 -82 -82 -82 -82 -82 -82 -80 -80 -80 -80 -80 -80 -80 -80 -80 -80 -80 -80 -80 -80 -80 -80 -80 -80 -79 -79 -79 -79 -80 -80 -80 -80 -80 -80 -80 -80 -79 -79 -79 -79 -79 -79 -78 -78 -78 -78 -78 -78 -78 -78 -78 -78 -77 -77 -77 -77 -77 -77 -77 -77 -77 -77 -77 -77 -77 -76 -76 -76 -76 -76 -76 -76 -76 -75 -75 -75 -75 -75 -75 -75 -75 -75 -74 -74 -74 -74 -74 -74 -74 -74 -74 -73 -73 -73 -73 -73 -73 -72 -72 -72 -72 -72 -72 -72 -72 -72 -72 -72 -72 -72 -72 -72 -72 -72 -72 -72 -72 -72 -72 -72 -72 -72 -72 -72 -72 -72 -72 -72 -72 -72 -72 -72 -72 -72 -71 -71 -71 -71 -71 -71 -71 -71 -71 -71 
CID
13754896 13754896 13754896 13769745 13769745 13769745 13754896 13769745 13769745 13769745 13769745 13769745 13769745 13769745 13769745 13769745 13769745 13769745 13769745 13769745 13769745 13769745 13769745 13769745 13769745 13769745 13769745 13769745 13769745 13769745 13769745 13769745 13769745 13769745 13769745 13769745 13769745 13769745 13769745 13769745 13769745 13769745 13769745 13769745 13769745 13769745 13769745 13769745 13769745 13769745 13769745 13769745 13769745 13769745 13769745 13769745 13769745 13769745 13769745 13769745 13769745 13769745 13754896 13754896 13769745 13769745 13769745 13769745 13769745 13769745 13769745 13769745 13769745 13769745 13769745 13769745 13769745 13769745 13769745 13769745 13769745 13769745 13754896 13754896 13769745 13769745 13769745 13769745 13769745 13769745 13769745 13769745 13769745 13769745 13769745 13769745 13769745 13769745 13769745 13769745 13769745 13769745 13769745 13769745 13769745 13769745 13769745 13769745 13769745 13769745 13769745 13769745 13769745 13769745 13769745 13769745 13769745 13769745 13769745 13769745 13769745 13769745 13769745 13769745 13769745 13769745 13754896 13754896 13754896 13754896 13754896 13754896 13754896 13754896 13754896 13754896 13754896 13754896 13754896 13754896 13754896 13754896 13754896 13754896 13754896 13754896 13754896 13754896 13754896 13754896 13754896 13754896 13754896 13754896 13754896 13754896 13754896 13754896 13754896 13754896 13754896 13754896 13754896 13754896 13754896 13754896 13754896 13754896 13754896 13754896 13754896 13754896 13754896 13754896 13754896 13754896 13754896 13754896 13754896 13754896 13754896 13754896 13754896 13754896 13754896 13754896 13754896 13754896 13754896 13754896 13754896 13754896 13754896 13754896 13754896 13754896 13754896 13769745 13769745 13769745 13769745 13769745 13769745 13769745 13769745 13769745 13769745 13769745 13769745 13769745 13769745 13769745 13769745 13754896 13754896 13754896 13754896 13754896 13754896 13754896 13754896 13754896 13754896 13754896 13754896 13754896 13754896 13754896 13754896 13769745 13769745 13769745 13769745 13769745 13769745 13769745 13769745 13792279 13792279 13792279 13792279 13792279 13792279 13792279 13792279 13792279 13792279 13792279 13792279 13792279 13792279 13792279 13792279 13792279 13792279 13792279 13792279 13792279 13792279 13792279 13792279 13792279 13792279 13792279 13792279 13792279 13792279 13792279 13769745 13769745 13769745 13769745 13769745 13769745 13769745 13769745 13769745 13769745 13769745 13769745 13769745 13769745 13769745 13769745 13769745 13769745 13769745 13769745 13769745 13769745 13769745 13769745 13769745 13769745 13769745 13769745 13769745 13769745 13769745 13769745 13769745 13769745 13769745 13769745 13769745 13769745 13769745 13769745 13769745 13769745 13769745 13769745 13769745 13769745 13769745 13769745 13769745 13769745 13769745 13769745 13769745 13769745 13769745 13769745 13769745 13769745 13769745 13769745 13769745 13769745 13769745 13769745 13769745 13769745 13769745 13769745 13769745 13769745 13769745 13769745 13769745 13769745 13769745 13769745 13769745 13769745 13769745 13769745 13769745 13769745 13754896 13754896 13754896 13754896 13754896 13754896 13754896 13754896 13754896 13754896 
RSRP of 5G
-81 -81 -82 -82 -89 -89 -84 -82 -80 -80 -80 -80 -77 -77 -77 -77 -83 -83 -83 -83 -85 -85 -89 -89 -89 -88 -85 -85 -86 -86 -81 -81 -80 -80 -82 -82 -85 -85 -82 -82 -82 -82 -82 -82 -80 -80 -81 -81 -85 -85 -82 -82 -82 -82 -82 -83 -86 -86 -82 -82 -82 -82 -83 -83 -81 -81 -78 -78 -79 -79 -79 -79 -81 -81 -81 -81 -92 -92 -82 -82 -82 -82 -81 -81 -78 -78 -79 -79 -81 -81 -81 -81 -87 -82 -82 -137 -78 -83 -83 -83 -83 -78 -78 -78 -78 -78 -78 -78 -78 -78 -78 -82 -82 -82 -82 -82 -82 -82 -82 -82 -82 -82 -82 -82 -82 -82 -82 -82 -82 -82 -82 -82 -82 -82 -82 -82 -82 -82 -82 -82 -82 -82 -82 -82 -82 -82 -82 -82 -82 -82 -82 -82 -82 -82 -82 -82 -82 -82 -82 -82 -82 -82 -82 -82 -82 -82 -82 -82 -82 -82 -82 -82 -82 -82 -82 -82 -82 -82 -82 -82 -82 -82 -82 -82 -82 -82 -82 -82 -82 -82 -82 -82 -82 -82 -82 -82 -82 -82 -82 -82 -82 -82 -82 -82 -82 -82 -82 -82 -82 -82 -82 -82 -80 -80 -80 -80 -78 -78 -85 -85 -86 -86 -87 -87 -82 -82 -83 -83 -86 -86 -82 -82 -83 -83 -83 -83 -83 -83 -83 -83 -83 -83 -82 -82 -86 -86 -82 -82 -82 -82 -82 -82 -81 -81 -81 -81 -82 -82 -82 -84 -84 -82 -82 -81 -81 -81 -81 -81 -81 -81 -81 -81 -81 -81 -81 -81 -81 -84 -84 -84 -84 -85 -85 -85 -85 -85 -85 -85 -85 -87 -87 -82 -82 -86 -86 -86 -78 -84 -84 -79 -79 -79 -79 -81 -81 -86 -86 -83 -83 -136 -82 -84 -84 -88 -88 -84 -84 -90 -90 -83 -83 -83 -83 -85 -85 -87 -87 -85 -85 -86 -86 -86 -86 -86 -86 -86 -86 -86 -86 -86 -86 -86 -86 -86 -86 -86 -86 -86 -86 -86 -86 -86 -86 -86 -86 -86 -86 -86 -86 -86 
CQI
2147483647 2147483647 2147483647 2147483647 2147483647 2147483647 2147483647 2147483647 2147483647 2147483647 2147483647 2147483647 2147483647 2147483647 2147483647 2147483647 2147483647 2147483647 2147483647 2147483647 2147483647 2147483647 2147483647 2147483647 2147483647 2147483647 2147483647 2147483647 2147483647 2147483647 2147483647 2147483647 2147483647 2147483647 2147483647 2147483647 2147483647 2147483647 2147483647 2147483647 2147483647 2147483647 2147483647 2147483647 2147483647 2147483647 2147483647 2147483647 2147483647 2147483647 2147483647 2147483647 2147483647 2147483647 2147483647 2147483647 2147483647 2147483647 2147483647 2147483647 2147483647 2147483647 2147483647 2147483647 2147483647 2147483647 2147483647 2147483647 2147483647 2147483647 2147483647 2147483647 2147483647 2147483647 2147483647 2147483647 2147483647 2147483647 2147483647 2147483647 2147483647 2147483647 2147483647 2147483647 2147483647 2147483647 2147483647 2147483647 2147483647 2147483647 2147483647 2147483647 2147483647 2147483647 2147483647 2147483647 2147483647 2147483647 2147483647 2147483647 2147483647 2147483647 2147483647 2147483647 2147483647 2147483647 2147483647 2147483647 2147483647 2147483647 2147483647 2147483647 2147483647 2147483647 2147483647 2147483647 2147483647 2147483647 2147483647 2147483647 2147483647 2147483647 2147483647 2147483647 2147483647 2147483647 2147483647 2147483647 2147483647 2147483647 2147483647 2147483647 2147483647 2147483647 2147483647 2147483647 2147483647 2147483647 2147483647 2147483647 2147483647 2147483647 2147483647 2147483647 2147483647 2147483647 2147483647 2147483647 2147483647 2147483647 2147483647 2147483647 2147483647 2147483647 2147483647 2147483647 2147483647 2147483647 2147483647 2147483647 2147483647 2147483647 2147483647 2147483647 2147483647 2147483647 2147483647 2147483647 2147483647 2147483647 2147483647 2147483647 2147483647 2147483647 2147483647 2147483647 2147483647 2147483647 2147483647 2147483647 2147483647 2147483647 2147483647 2147483647 2147483647 2147483647 2147483647 2147483647 2147483647 2147483647 2147483647 2147483647 2147483647 2147483647 2147483647 2147483647 2147483647 2147483647 2147483647 2147483647 2147483647 2147483647 2147483647 2147483647 2147483647 2147483647 2147483647 2147483647 2147483647 2147483647 2147483647 2147483647 2147483647 2147483647 2147483647 2147483647 2147483647 2147483647 2147483647 2147483647 2147483647 2147483647 2147483647 2147483647 2147483647 2147483647 2147483647 2147483647 2147483647 2147483647 2147483647 2147483647 2147483647 2147483647 2147483647 2147483647 2147483647 2147483647 2147483647 2147483647 2147483647 2147483647 2147483647 2147483647 2147483647 2147483647 2147483647 2147483647 2147483647 2147483647 2147483647 2147483647 2147483647 2147483647 2147483647 2147483647 2147483647 2147483647 2147483647 2147483647 2147483647 2147483647 2147483647 2147483647 2147483647 2147483647 2147483647 2147483647 2147483647 2147483647 2147483647 2147483647 2147483647 2147483647 2147483647 2147483647 2147483647 2147483647 2147483647 2147483647 2147483647 2147483647 2147483647 2147483647 2147483647 2147483647 2147483647 2147483647 2147483647 2147483647 2147483647 2147483647 2147483647 2147483647 2147483647 2147483647 2147483647 2147483647 2147483647 2147483647 2147483647 2147483647 2147483647 2147483647 2147483647 2147483647 2147483647 2147483647 2147483647 2147483647 2147483647 2147483647 2147483647 2147483647 2147483647 2147483647 2147483647 2147483647 2147483647 2147483647 2147483647 2147483647 2147483647 2147483647 2147483647 2147483647 2147483647 2147483647 2147483647 2147483647 2147483647 2147483647 2147483647 2147483647 2147483647 2147483647 2147483647 2147483647 2147483647 2147483647 2147483647 2147483647 2147483647 2147483647 2147483647 2147483647 2147483647 2147483647 2147483647 2147483647 2147483647 2147483647 2147483647 2147483647 2147483647 2147483647 2147483647 2147483647 2147483647 2147483647 
Altitude
-62.780426025390625 -62.288963317871094 -61.51213836669922 -60.82514572143555 -59.95848083496094 -59.292625427246094 -58.41010665893555 -57.48530960083008 -56.856449127197266 -55.35563659667969 -53.574745178222656 -51.25482940673828 -49.45808410644531 -47.307273864746094 -45.193450927734375 -43.29629898071289 -41.23004150390625 -38.87313461303711 -36.923133850097656 -34.74061584472656 -32.859317779541016 -30.78777503967285 -28.7637939453125 -26.59184455871582 -24.546724319458008 -22.744693756103516 -20.498760223388672 -18.34266471862793 -16.271121978759766 -14.194295883178711 -12.138606071472168 -10.262592315673828 -8.354869842529297 -6.330888271331787 -4.227638244628906 -2.261786460876465 -0.2113819122314453 1.5985757112503052 3.7943053245544434 5.4272308349609375 7.477635383605957 9.427633285522461 11.343281745910645 13.40689754486084 15.293481826782227 17.37030792236328 19.38372039794922 21.44469451904297 23.244083404541016 25.30769920349121 27.165218353271484 29.569686889648438 31.556676864624023 33.52781295776367 35.61256790161133 37.57577896118164 39.58919143676758 41.30138397216797 43.29365921020508 44.84995651245117 46.35076904296875 47.595279693603516 48.56499481201172 49.3576774597168 50.05259323120117 50.75543975830078 51.67759323120117 51.76742935180664 52.383079528808594 52.49669647216797 52.34608840942383 53.05950164794922 53.48226547241211 53.363365173339844 53.14141082763672 53.632877349853516 53.720069885253906 53.55360794067383 53.26295852661133 52.3777961730957 50.150360107421875 48.48836898803711 46.527801513671875 44.34528350830078 44.47739791870117 42.038578033447266 39.6156120300293 37.57313537597656 37.937767028808594 35.74468231201172 34.629642486572266 33.55687713623047 32.79326248168945 29.59610939025879 29.781068801879883 28.034526824951172 28.016029357910156 26.30119514465332 25.30769920349121 24.367050170898438 24.012985229492188 24.71847152709961 23.862375259399414 23.495100021362305 22.646928787231445 22.40912437438965 23.13046646118164 23.452823638916016 23.71969223022461 23.13839340209961 22.197742462158203 22.08940887451172 23.526805877685547 24.17680549621582 23.857091903686523 23.481887817382812 23.39469337463379 23.304855346679688 23.304855346679688 23.175384521484375 23.10140037536621 23.000993728637695 23.355058670043945 23.156888961791992 23.24144172668457 24.41989517211914 25.690828323364258 27.01460838317871 28.34103012084961 29.218265533447266 30.597532272338867 31.527612686157227 34.65342330932617 36.58228302001953 38.74102020263672 40.685733795166016 42.115203857421875 43.50768280029297 44.98999786376953 45.63999557495117 46.23979187011719 47.05625534057617 47.53715133666992 48.0233268737793 48.40381622314453 48.6495475769043 48.94548034667969 49.719669342041016 49.77251434326172 49.809505462646484 50.581050872802734 50.081661224365234 48.92169952392578 48.77373504638672 51.41600799560547 51.98674011230469 51.238975524902344 50.87434005737305 50.89283752441406 50.932472229003906 50.676170349121094 50.591617584228516 50.61539840698242 50.95625305175781 51.011741638183594 51.030235290527344 51.27068328857422 50.604827880859375 51.79649353027344 52.44913864135742 52.28267288208008 51.61153793334961 49.75666046142578 48.879425048828125 47.50015640258789 45.1538200378418 43.09020233154297 43.15890121459961 40.01459503173828 39.35931396484375 38.561344146728516 35.932281494140625 34.4129753112793 34.39447784423828 31.98208236694336 31.2977352142334 28.578834533691406 28.282899856567383 26.753023147583008 26.19550323486328 24.993268966674805 24.581073760986328 23.86501693725586 23.286359786987305 23.061767578125 22.702417373657227 22.79753875732422 22.594083786010742 21.452621459960938 21.529247283935547 22.123760223388672 22.591442108154297 22.612579345703125 22.792255401611328 22.24794578552246 22.29814910888672 22.22152328491211 22.662782669067383 22.20038604736328 21.925588607788086 21.634939193725586 21.621726989746094 22.11054801940918 21.796117782592773 23.154245376586914 22.993066787719727 23.2625789642334 23.798961639404297 25.39225196838379 27.265625 28.594688415527344 29.350378036499023 30.600173950195312 31.886960983276367 34.206878662109375 35.91642761230469 37.78715896606445 39.66581726074219 41.66073226928711 43.30422592163086 44.52495574951172 44.84995651245117 46.102394104003906 46.659915924072266 47.4420280456543 47.6745491027832 48.18186569213867 48.48572540283203 49.31804275512695 49.36296081542969 49.650970458984375 50.24812316894531 50.12393569946289 50.70523452758789 50.98267364501953 51.10157775878906 51.62738800048828 52.158485412597656 52.710723876953125 53.027793884277344 53.157264709472656 53.49811935424805 53.23125076293945 53.577388763427734 53.59324264526367 53.76234817504883 53.640804290771484 53.62495040893555 53.46377182006836 53.48226547241211 53.492835998535156 53.46641159057617 53.60116958618164 53.35807800292969 52.91153335571289 52.75564193725586 53.24710464477539 53.236534118652344 52.73186111450195 52.48084259033203 50.723731994628906 49.492431640625 48.01011657714844 46.263572692871094 45.19081115722656 43.77983474731445 42.09406661987305 40.73329544067383 40.3765869140625 37.94305419921875 37.203216552734375 36.059112548828125 34.674560546875 32.82761001586914 31.340011596679688 30.04793930053711 28.919687271118164 26.871925354003906 25.476804733276367 23.909936904907227 22.538597106933594 21.220102310180664 19.505266189575195 18.292461395263672 16.574983596801758 15.171936988830566 12.815028190612793 11.581086158752441 11.015640258789062 8.8066987991333 8.822552680969238 7.194911956787109 4.621336936950684 2.967273712158203 2.127030372619629 0.15853643417358398 0.3857719898223877 -2.14552640914917 -4.365036487579346 -6.156497955322266 -8.180480003356934 -9.475193977355957 -10.188608169555664 -11.472753524780273 -12.95242691040039 -15.288196563720703 -17.280471801757812 -17.528844833374023 -20.102420806884766 -21.597946166992188 -23.051197052001953 -24.61542320251465 -25.207292556762695 -27.03046226501465 -28.63167953491211 -29.11785888671875 -30.190622329711914 -31.432491302490234 -33.82110595703125 -36.1198844909668 -37.694679260253906 -39.195491790771484 -40.622318267822266 -42.487762451171875 -43.232887268066406 -44.42719268798828 -45.46296310424805 -47.830440521240234 -49.10930252075195 -50.84263610839844 -52.03165817260742 -53.701576232910156 -53.944664001464844 -57.17352294921875 -58.558074951171875 -59.63612365722656 -61.21091842651367 -62.25197219848633 -62.273109436035156 -62.045875549316406 -62.204410552978516 -62.4686393737793 -62.6483154296875 -62.975955963134766 -63.129207611083984 -63.29831314086914 -63.45156478881836 -63.678802490234375 -63.84790802001953 -63.969451904296875 