LTE(1) or 5G(2)
2 2 2 2 2 2 2 2 2 2 2 2 2 2 2 2 2 2 2 2 2 1 1 1 2 2 2 2 2 2 2 2 2 2 2 2 2 2 2 2 2 2 1 1 1 1 1 2 2 2 2 2 1 1 2 2 2 2 2 2 2 2 2 2 2 2 2 2 2 2 2 2 2 2 2 2 2 2 2 2 2 2 2 2 2 2 2 2 2 2 2 2 2 2 2 2 2 2 2 2 2 2 2 2 2 2 2 2 2 2 2 2 2 2 2 2 2 1 1 2 2 2 2 2 2 2 2 2 2 1 1 1 2 1 1 1 2 2 2 1 1 1 1 1 2 2 2 2 2 2 2 1 1 1 1 1 1 1 1 1 1 1 1 2 2 2 2 2 2 2 2 2 2 2 2 2 2 2 2 2 2 2 2 2 2 2 2 2 2 2 2 2 2 2 2 2 2 2 2 2 2 2 2 2 2 2 2 2 2 2 2 2 2 2 2 2 1 1 1 1 1 1 1 2 2 2 2 2 2 2 2 2 2 2 2 2 2 2 2 2 2 2 2 2 2 2 2 2 2 2 2 2 2 2 2 2 2 2 2 2 2 2 2 2 2 2 2 2 2 2 2 2 2 2 2 2 2 2 2 2 2 1 1 1 1 1 2 2 2 2 2 2 2 2 2 2 1 1 2 2 2 2 2 2 2 2 2 2 2 2 2 2 2 2 2 2 2 2 2 2 2 2 2 2 2 2 2 2 2 2 2 2 2 2 2 2 2 2 2 2 
SNR of LTE
5 5 5 3 3 2 2 2 2 2 2 2 2 2 2 2 2 2 2 2 2 2 2 3 3 3 3 3 3 2 2 2 2 2 2 1 1 1 1 1 1 0 0 0 0 0 -1 -1 -1 -1 -1 -1 -1 -1 -2 -2 -2 -2 -2 -2 -3 -3 -3 -3 -3 -3 -3 -3 -3 -2 -2 -2 -2 -2 -3 -3 -3 -3 -4 -4 -4 -4 -3 -3 -3 -3 -3 -3 -3 -3 -3 -3 -3 -3 -3 -3 -3 -3 -3 -3 -3 -3 -3 -3 -2 -2 -2 -2 -2 -2 -1 -1 -1 -1 0 0 0 0 0 0 0 0 0 0 0 0 0 -1 -1 -1 -1 -1 -1 -1 -1 -2 -2 -2 -2 -2 -3 -3 -3 -3 -4 -4 -4 -4 -4 -4 -4 -4 -4 -4 -4 -4 -4 -4 -4 -4 -4 -4 -3 -3 -3 -3 -3 -3 -3 -2 -2 -1 -1 -1 -1 -1 -1 -1 -1 -2 -2 -2 -2 -2 -2 -2 -2 -2 -2 -3 -3 -3 -3 -3 -3 -3 -3 -3 -3 -3 -2 -2 -2 -3 -3 -3 -3 -3 -3 -3 -3 -3 -3 -3 -3 -5 -5 -5 -5 -5 -7 -7 -6 -6 -6 -6 -6 -6 -6 -5 -5 -5 -5 -4 -4 -4 -4 -4 -2 -1 -1 -1 -1 -1 -1 -1 -1 -2 -2 -2 -2 -2 -2 -2 -2 -3 -3 -3 -3 -3 -3 -3 -3 -4 -4 -4 -4 -4 -4 -4 -4 -4 -4 -4 -3 -3 -3 -3 -3 -2 -2 -2 -2 -2 -2 -2 -2 -2 -2 -2 -2 -2 -2 -2 -2 -2 -1 -1 -1 -1 -1 -1 -1 -1 -1 -1 -1 -1 -1 -1 -1 -1 -1 -1 -1 -1 -1 0 0 0 0 0 0 0 1 1 1 1 2 2 2 2 2 2 2 3 3 3 3 3 
SNR of 5G
9 9 9 2 2 8 8 5 5 5 5 2 2 1 0 -2 -2 0 0 -1 -2 0 0 0 -1 -2 -2 -2 -2 -2 -4 0 0 -1 -1 -2 -2 -2 -2 -1 -1 -3 0 0 0 0 0 -3 -3 -4 -4 -3 0 0 1 1 1 1 1 1 0 0 0 -1 5 5 5 5 5 5 0 0 0 0 -1 -1 -3 -3 0 0 0 0 1 1 2 2 2 2 0 0 0 0 1 1 -1 -1 -2 -2 -2 -2 -2 -2 -2 -2 -3 -4 2 2 2 2 1 1 -2 -4 3 3 1 0 0 -4 -1 -1 -1 2 2 1 1 0 0 0 0 0 1 0 0 0 -2 -2 -3 0 0 0 0 0 1 1 1 1 4 4 1 0 0 0 0 0 0 0 0 0 0 0 0 2 0 -5 -5 3 3 4 4 4 4 -2 -2 -2 -2 -2 -2 -5 -5 -1 -1 -1 -1 -2 -2 -3 -3 -3 -3 -2 -2 1 1 3 3 3 3 3 3 2 2 2 2 1 1 1 1 0 0 -2 -2 -2 -2 -4 0 0 0 0 0 0 0 -4 -4 -4 -4 -4 -4 -3 -3 -3 -3 0 0 0 0 -1 -1 -1 -1 -1 -1 0 0 -1 -1 -2 -2 -2 -2 -1 -1 -1 -1 -1 -1 -1 -1 -4 -4 -2 -3 -3 -3 4 4 2 2 1 1 1 1 0 0 -2 -2 -3 -3 -7 -7 0 0 0 0 0 -1 -1 -2 -2 -2 -2 -1 -1 -2 -2 0 0 -2 -2 0 0 0 0 -1 -1 -4 -4 -2 -2 -4 -7 0 0 -1 -1 -1 -1 -1 -1 0 0 -1 -1 0 0 0 0 2 2 2 2 1 1 2 2 6 6 1 1 
RSSI
-51 -51 -51 -51 -51 -51 -51 -51 -51 -51 -51 -51 -51 -51 -51 -51 -51 -51 -51 -51 -51 -51 -51 -51 -51 -51 -51 -51 -51 -51 -51 -51 -51 -51 -51 -51 -51 -51 -51 -51 -51 -51 -51 -51 -51 -51 -51 -51 -51 -51 -51 -51 -51 -51 -51 -51 -51 -51 -51 -51 -51 -51 -51 -51 -51 -51 -51 -51 -51 -51 -51 -51 -51 -51 -51 -51 -51 -51 -51 -51 -51 -51 -51 -51 -51 -51 -51 -51 -51 -51 -51 -51 -51 -51 -51 -51 -51 -51 -51 -51 -51 -51 -51 -51 -51 -51 -51 -51 -51 -51 -51 -51 -51 -51 -51 -51 -51 -51 -51 -51 -51 -51 -51 -51 -51 -51 -51 -51 -51 -51 -51 -51 -51 -51 -51 -51 -51 -51 -51 -51 -51 -51 -51 -51 -51 -51 -51 -51 -51 -51 -53 -53 -53 -53 -53 -53 -53 -53 -51 -51 -51 -51 -51 -51 -51 -51 -51 -51 -51 -51 -51 -51 -51 -51 -51 -51 -51 -51 -51 -51 -51 -51 -51 -51 -51 -51 -51 -51 -51 -51 -51 -51 -51 -53 -53 -53 -53 -53 -53 -53 -51 -51 -51 -53 -53 -53 -53 -53 -53 -53 -53 -51 -51 -51 -51 -51 -51 -51 -51 -51 -51 -51 -51 -51 -51 -51 -51 -51 -51 -51 -51 -51 -51 -51 -51 -51 -51 -51 -51 -51 -51 -51 -51 -51 -51 -51 -51 -51 -51 -51 -51 -51 -51 -51 -51 -51 -51 -51 -51 -51 -51 -51 -51 -51 -51 -51 -51 -51 -51 -51 -51 -51 -51 -51 -51 -51 -51 -51 -51 -51 -51 -51 -51 -51 -51 -51 -51 -51 -51 -51 -51 -51 -51 -51 -51 -51 -51 -51 -51 -51 -51 -51 -51 -51 -51 -51 -51 -51 -51 -51 -51 -51 -51 -51 -51 -51 -51 -51 -51 -51 -51 -51 -51 -51 -51 -51 -51 -51 -51 -51 -51 -51 -51 -51 -51 -51 -51 -51 -51 -51 
RSRP
-77 -77 -77 -77 -77 -77 -77 -77 -77 -77 -77 -77 -77 -77 -76 -76 -76 -76 -76 -75 -75 -75 -75 -75 -75 -75 -75 -75 -75 -75 -75 -75 -75 -75 -75 -75 -75 -75 -75 -75 -75 -76 -76 -76 -76 -76 -76 -76 -76 -77 -77 -77 -77 -77 -77 -77 -77 -77 -77 -77 -78 -78 -78 -78 -78 -78 -78 -78 -78 -78 -78 -78 -78 -78 -78 -78 -78 -78 -79 -79 -79 -79 -79 -79 -79 -79 -79 -79 -79 -79 -79 -79 -79 -79 -79 -79 -79 -79 -79 -79 -79 -79 -79 -79 -78 -78 -78 -78 -78 -78 -76 -76 -76 -76 -75 -75 -75 -75 -75 -75 -75 -75 -74 -74 -74 -74 -74 -74 -74 -74 -74 -74 -74 -74 -74 -75 -75 -75 -75 -75 -76 -76 -76 -76 -76 -76 -76 -76 -76 -76 -76 -76 -76 -76 -76 -77 -77 -77 -79 -79 -79 -79 -78 -78 -78 -78 -78 -78 -78 -78 -78 -78 -78 -78 -78 -78 -78 -78 -78 -78 -77 -76 -76 -76 -76 -76 -76 -76 -76 -77 -77 -77 -77 -76 -76 -76 -76 -76 -76 -76 -77 -77 -77 -78 -78 -78 -78 -78 -78 -78 -78 -79 -79 -79 -79 -81 -81 -81 -81 -81 -79 -79 -78 -78 -77 -77 -77 -77 -77 -76 -76 -76 -76 -75 -75 -75 -75 -75 -75 -75 -75 -75 -75 -75 -75 -76 -76 -76 -76 -76 -76 -77 -77 -77 -77 -77 -78 -78 -78 -78 -78 -78 -78 -79 -79 -79 -79 -79 -79 -79 -79 -79 -79 -79 -78 -78 -78 -78 -78 -78 -78 -78 -78 -78 -77 -77 -77 -77 -77 -77 -77 -77 -77 -77 -77 -77 -77 -77 -77 -77 -77 -77 -77 -77 -77 -77 -76 -76 -76 -76 -77 -77 -76 -76 -76 -76 -76 -76 -76 -76 -75 -75 -75 -75 -75 -75 -75 -75 -75 -75 -75 -75 -75 -75 -75 -74 -74 -74 -74 -74 
CID
13792258 13792258 13792258 13792258 13792258 13792258 13792258 13792258 13792258 13792258 13792258 13792258 13792258 13792258 13792258 13792258 13792258 13792258 13792258 13792258 13792258 13792258 13792258 13792258 13792258 13792258 13792258 13792258 13792258 13792258 13792258 13792258 13792258 13792258 13792258 13792258 13792258 13792258 13792258 13792258 13792258 13792258 13792258 13792258 13792258 13792258 13792258 13792258 13792258 13792258 13792258 13792258 13792258 13792258 13792258 13792258 13792258 13792258 13792258 13792258 13792258 13792258 13792258 13792258 13792258 13792258 13792258 13792258 13792258 13792258 13792258 13792258 13792258 13792258 13792258 13792258 13792258 13792258 13792258 13792258 13792258 13792258 13792258 13792258 13792258 13792258 13792258 13792258 13792258 13792258 13792258 13792258 13769739 13769739 13769739 13769739 13769739 13769739 13769739 13769739 13769739 13769739 13792513 13792513 13792513 13792513 13792513 13792513 13792513 13792513 13792513 13792513 13792513 13792513 13792513 13792513 13792513 13769739 13769739 13769739 13769739 13769739 13769739 13769739 13769739 13769739 13769739 13769739 13769739 13769739 13769739 13769739 13769739 13769739 13769739 13769739 13769739 13769739 13769739 13769739 13769739 13769739 13769739 13769739 13769739 13769739 13769739 13769739 13769739 13754890 13754890 13754890 13754890 13754890 13754890 13754890 13754890 13754890 13792258 13792258 13792258 13792258 13792258 13792258 13754890 13754890 13754890 13754890 13754890 13754890 13754890 13754890 13754890 13754890 13769739 13769739 13769739 13769739 13769739 13769739 13769739 13769739 13769739 13769739 13769739 13769739 13769739 13769739 13769739 13769739 13769739 13769739 13769739 13792523 13792523 13792523 13792513 13792513 13792513 13792513 13769739 13769739 13769739 13754890 13754890 13754890 13769739 13769739 13769739 13769739 13769739 13769739 13769739 13769739 13769739 13769739 13769739 13769739 13769739 13769739 13769739 13754890 13754890 13754890 13754890 13754890 13754890 13754890 13754890 13754890 13754890 13754890 13754890 13754890 13754890 13754890 13754890 13754890 13754890 13754890 13754890 13792258 13792258 13792258 13792258 13792258 13792258 13792258 13792258 13792258 13792258 13792258 13792258 13792258 13792258 13792258 13792258 13792258 13792258 13792258 13792258 13792258 13792258 13792258 13792258 13792258 13792258 13792258 13792258 13792258 13792258 13792258 13792258 13792258 13792258 13792258 13792258 13792258 13792258 13792258 13792258 13792258 13792258 13792258 13792258 13792258 13792258 13792258 13792258 13792258 13792258 13792258 13792258 13792258 13792258 13792258 13792258 13792258 13792258 13792258 13792258 13792258 13792258 13792258 13792258 13792258 13792258 13792258 13792258 13792258 13792258 13792258 13792258 13792258 13792258 13792258 13792258 13792258 13792258 13792258 13792258 13792258 13792258 13792258 13792258 13792258 13792258 13792258 13792258 13792258 13792258 13792258 13792258 13792258 13792258 13792258 13792258 13792258 13792258 13792258 
RSRP of 5G
-88 -88 -88 -88 -88 -80 -80 -81 -81 -81 -81 -85 -85 -87 -85 -90 -90 -88 -88 -86 -88 -88 -88 -88 -89 -84 -109 -109 -88 -88 -86 -87 -87 -87 -87 -93 -84 -94 -94 -86 -86 -96 -96 -96 -96 -96 -96 -94 -94 -95 -95 -88 -88 -88 -81 -81 -81 -81 -81 -81 -82 -82 -92 -85 -87 -87 -92 -92 -96 -83 -81 -81 -81 -81 -83 -83 -79 -79 -81 -81 -82 -82 -80 -80 -80 -80 -81 -81 -80 -80 -82 -82 -82 -82 -83 -83 -85 -85 -92 -92 -86 -86 -83 -83 -88 -79 -78 -78 -78 -78 -80 -80 -88 -83 -84 -84 -85 -85 -85 -105 -78 -78 -80 -83 -83 -91 -91 -117 -117 -121 -121 -121 -123 -123 -123 -123 -109 -109 -124 -124 -124 -124 -124 -124 -88 -88 -83 -83 -83 -83 -88 -88 -88 -88 -88 -88 -88 -88 -88 -88 -88 -88 -88 -85 -84 -81 -81 -84 -84 -89 -89 -82 -82 -80 -80 -83 -83 -83 -83 -93 -81 -81 -81 -81 -81 -82 -82 -83 -83 -83 -83 -80 -80 -78 -78 -79 -79 -79 -79 -79 -78 -78 -78 -77 -77 -77 -77 -79 -79 -82 -82 -88 -88 -98 -98 -112 -112 -112 -112 -112 -112 -112 -112 -87 -87 -87 -87 -87 -87 -89 -89 -82 -82 -88 -88 -87 -87 -83 -83 -83 -83 -78 -78 -78 -78 -80 -80 -81 -81 -80 -80 -81 -81 -81 -81 -80 -80 -80 -80 -100 -100 -86 -84 -126 -126 -91 -91 -84 -84 -80 -80 -81 -81 -84 -84 -92 -92 -102 -102 -127 -127 -127 -127 -127 -127 -127 -94 -94 -83 -83 -93 -93 -88 -88 -92 -92 -92 -92 -86 -86 -89 -89 -86 -86 -92 -85 -87 -87 -84 -84 -101 -87 -88 -88 -88 -88 -88 -88 -95 -95 -87 -83 -86 -86 -89 -89 -90 -90 -87 -87 -87 -87 -87 -87 -81 -81 -81 -81 -91 -91 
CQI
2147483647 2147483647 2147483647 2147483647 2147483647 2147483647 2147483647 2147483647 2147483647 2147483647 2147483647 2147483647 2147483647 2147483647 2147483647 2147483647 2147483647 2147483647 2147483647 2147483647 2147483647 2147483647 2147483647 2147483647 2147483647 2147483647 2147483647 2147483647 2147483647 2147483647 2147483647 2147483647 2147483647 2147483647 2147483647 2147483647 2147483647 2147483647 2147483647 2147483647 2147483647 2147483647 2147483647 2147483647 2147483647 2147483647 2147483647 2147483647 2147483647 2147483647 2147483647 2147483647 2147483647 2147483647 2147483647 2147483647 2147483647 2147483647 2147483647 2147483647 2147483647 2147483647 2147483647 2147483647 2147483647 2147483647 2147483647 2147483647 2147483647 2147483647 2147483647 2147483647 2147483647 2147483647 2147483647 2147483647 2147483647 2147483647 2147483647 2147483647 2147483647 2147483647 2147483647 2147483647 2147483647 2147483647 2147483647 2147483647 2147483647 2147483647 2147483647 2147483647 2147483647 2147483647 2147483647 2147483647 2147483647 2147483647 2147483647 2147483647 2147483647 2147483647 2147483647 2147483647 2147483647 2147483647 2147483647 2147483647 2147483647 2147483647 2147483647 2147483647 2147483647 2147483647 2147483647 2147483647 2147483647 2147483647 2147483647 2147483647 2147483647 2147483647 2147483647 2147483647 2147483647 2147483647 2147483647 2147483647 2147483647 2147483647 2147483647 2147483647 2147483647 2147483647 2147483647 2147483647 2147483647 2147483647 2147483647 2147483647 2147483647 2147483647 2147483647 2147483647 2147483647 2147483647 2147483647 2147483647 2147483647 2147483647 2147483647 2147483647 2147483647 2147483647 2147483647 2147483647 2147483647 2147483647 2147483647 2147483647 2147483647 2147483647 2147483647 2147483647 2147483647 2147483647 2147483647 2147483647 2147483647 2147483647 2147483647 2147483647 2147483647 2147483647 2147483647 2147483647 2147483647 2147483647 2147483647 2147483647 2147483647 2147483647 2147483647 2147483647 2147483647 2147483647 2147483647 2147483647 2147483647 2147483647 2147483647 2147483647 2147483647 2147483647 2147483647 2147483647 2147483647 2147483647 2147483647 2147483647 2147483647 2147483647 2147483647 2147483647 2147483647 2147483647 2147483647 2147483647 2147483647 2147483647 2147483647 2147483647 2147483647 2147483647 2147483647 2147483647 2147483647 2147483647 2147483647 2147483647 2147483647 2147483647 2147483647 2147483647 2147483647 2147483647 2147483647 2147483647 2147483647 2147483647 2147483647 2147483647 2147483647 2147483647 2147483647 2147483647 2147483647 2147483647 2147483647 2147483647 2147483647 2147483647 2147483647 2147483647 2147483647 2147483647 2147483647 2147483647 2147483647 2147483647 2147483647 2147483647 2147483647 2147483647 2147483647 2147483647 2147483647 2147483647 2147483647 2147483647 2147483647 2147483647 2147483647 2147483647 2147483647 2147483647 2147483647 2147483647 2147483647 2147483647 2147483647 2147483647 2147483647 2147483647 2147483647 2147483647 2147483647 2147483647 2147483647 2147483647 2147483647 2147483647 2147483647 2147483647 2147483647 2147483647 2147483647 2147483647 2147483647 2147483647 2147483647 2147483647 2147483647 2147483647 2147483647 2147483647 2147483647 2147483647 2147483647 2147483647 2147483647 2147483647 2147483647 2147483647 2147483647 2147483647 2147483647 2147483647 2147483647 2147483647 2147483647 2147483647 2147483647 2147483647 2147483647 2147483647 2147483647 2147483647 2147483647 2147483647 2147483647 2147483647 2147483647 2147483647 2147483647 2147483647 2147483647 2147483647 2147483647 2147483647 2147483647 2147483647 2147483647 2147483647 2147483647 2147483647 2147483647 2147483647 2147483647 2147483647 
Altitude
-128.10272216796875 -127.47386169433594 -126.712890625 -125.89378356933594 -124.41939544677734 -122.16289520263672 -120.01736450195312 -117.99866485595703 -115.73688507080078 -113.57550048828125 -111.40354919433594 -109.39542388916016 -107.15477752685547 -105.12022399902344 -102.96941375732422 -100.98770904541016 -98.93730163574219 -96.9873046875 -95.0108871459961 -93.05560302734375 -91.1214599609375 -89.01292419433594 -86.84097290039062 -84.73243713378906 -82.78244018554688 -80.72675323486328 -78.7767562866211 -76.76334381103516 -74.6548080444336 -72.73123168945312 -70.56456756591797 -68.6198501586914 -66.48489379882812 -64.60359954833984 -62.643028259277344 -60.835716247558594 -58.72718048095703 -56.90401077270508 -54.66864776611328 -52.803199768066406 -50.62596893310547 -48.596702575683594 -46.61499786376953 -44.670284271240234 -42.73613739013672 -40.81256103515625 -38.80443572998047 -36.65362548828125 -34.89915466308594 -32.75362777709961 -30.861759185791016 -28.91704559326172 -26.94590950012207 -25.10688591003418 -23.479246139526367 -21.9361572265625 -20.89510154724121 -19.49469757080078 -18.279251098632812 -17.999170303344727 -17.026813507080078 -16.54591941833496 -16.043888092041016 -15.58941650390625 -15.34632682800293 -15.087384223937988 -14.63819694519043 -14.59592056274414 -14.030474662780762 -13.861369132995605 -13.988198280334473 -13.877222061157227 -14.342262268066406 -14.828441619873047 -14.152019500732422 -14.849578857421875 -15.145513534545898 -15.45730209350586 -15.716245651245117 -16.160146713256836 -16.038602828979492 -16.572341918945312 -16.117870330810547 -16.03331756591797 -16.117870330810547 -16.070310592651367 -16.1442928314209 -16.30282974243164 -16.139009475708008 -16.3239688873291 -16.255268096923828 -16.493074417114258 -16.244699478149414 -16.709739685058594 -16.286975860595703 -16.471935272216797 -16.556488037109375 -16.429658889770508 -16.43494415283203 -16.339820861816406 -17.026813507080078 -16.471935272216797 -16.228845596313477 -15.420310974121094 -15.319904327392578 -15.150798797607422 -15.240635871887207 -15.34632682800293 -15.356895446777344 -15.562993049621582 -15.642261505126953 -15.68982219696045 -15.869497299194336 -15.816651344299316 -15.615839004516602 -15.58941650390625 -15.599985122680664 -15.510148048400879 -15.996326446533203 -15.943480491638184 -16.730878829956055 -16.87356185913086 -18.458925247192383 -18.5593318939209 -18.781282424926758 -18.469493865966797 -18.569900512695312 -18.316242218017578 -17.72437286376953 -18.242259979248047 -17.91461753845215 -17.460145950317383 -17.91461753845215 -18.242259979248047 -17.9410400390625 -18.40608024597168 -17.72437286376953 -17.904048919677734 -17.814210891723633 -17.65567398071289 -17.460145950317383 -17.38616180419922 -17.41258430480957 -17.40730094909668 -17.317462921142578 -17.798357009887695 -17.33860206604004 -18.36908721923828 -18.347949981689453 -17.856487274169922 -16.98453712463379 -16.20770835876465 -16.419090270996094 -17.074373245239258 -16.98453712463379 -17.132503509521484 -16.815431594848633 -16.556488037109375 -16.382099151611328 -16.5617733001709 -16.265838623046875 -16.37152862548828 -16.672748565673828 -17.58697509765625 -17.05323600769043 -16.773155212402344 -17.83006477355957 -16.862991333007812 -16.87884521484375 -17.03209686279297 -17.19063377380371 -17.608112335205078 -17.819496154785156 -17.999170303344727 -18.464210510253906 -18.29510498046875 -18.22640609741211 -18.284534454345703 -18.199981689453125 -17.96746253967285 -18.057300567626953 -17.8512020111084 -17.576406478881836 -17.571121215820312 -17.491853713989258 -17.72437286376953 -17.71908950805664 -18.03087615966797 -17.909332275390625 -17.993885040283203 -17.867055892944336 -17.96746253967285 -18.057300567626953 -18.575185775756836 -19.045509338378906 -18.72315216064453 -19.209331512451172 -17.708518981933594 -17.507707595825195 -17.47599983215332 -17.217056274414062 -17.03209686279297 -17.512990951538086 -17.05323600769043 -17.063804626464844 -17.07965850830078 -17.153642654418945 -17.084943771362305 -17.174779891967773 -17.084943771362305 -16.45608139038086 -16.01746368408203 -16.107301712036133 -16.445512771606445 -16.514211654663086 -17.217056274414062 -18.057300567626953 -17.935754776000977 -17.682096481323242 -17.6133975982666 -17.671527862548828 -17.465431213378906 -17.608112335205078 -17.51827621459961 -17.534130096435547 -17.507707595825195 -17.645105361938477 -17.713804244995117 -17.576406478881836 -17.62925148010254 -17.618682861328125 -17.713804244995117 -17.734943389892578 -17.74022674560547 -17.89876365661621 -17.777217864990234 -17.925186157226562 -17.909332275390625 -17.76664924621582 -17.814210891723633 -18.400794982910156 -17.713804244995117 -17.047950744628906 -16.329252243041992 -16.672748565673828 -16.72031021118164 -16.704456329345703 -16.9052677154541 -16.94754409790039 -17.328031539916992 -17.402015686035156 -17.05323600769043 -16.889415740966797 -16.889415740966797 -16.8524227142334 -17.106081008911133 -16.799577713012695 -16.815431594848633 -16.350391387939453 -16.049171447753906 -15.790228843688965 -16.3239688873291 -16.3239688873291 -16.181285858154297 -16.841854095458984 -18.07315444946289 -19.880468368530273 -21.61908531188965 -23.37883949279785 -24.71054458618164 -26.253633499145508 -27.442657470703125 -28.795501708984375 -30.31745147705078 -31.860538482666016 -33.45118713378906 -34.97313690185547 -36.38411331176758 -37.96947479248047 -39.332889556884766 -41.1137809753418 -42.57231903076172 -44.26865768432617 -45.66377639770508 -47.603206634521484 -48.961334228515625 -50.48328399658203 -51.87312316894531 -53.4584846496582 -55.017425537109375 -56.280433654785156 -58.06132507324219 -59.59912872314453 -61.11579513549805 -62.838558197021484 -64.10684967041016 -65.73448944091797 -67.2934341430664 -68.72554779052734 -70.56456756591797 -72.01781463623047 -73.73001098632812 -74.95602416992188 -76.68936157226562 -78.29057312011719 -79.5218734741211 -80.70033264160156 -82.42837524414062 -83.72309112548828 -85.39300537109375 -86.9783706665039 -88.43690490722656 -89.95357513427734 -91.33283996582031 -92.88121032714844 -94.6409683227539 -95.87754821777344 -98.02835845947266 -99.31779479980469 -101.01412963867188 -102.33526611328125 -103.5031509399414 -105.40030670166016 -106.8799819946289 -108.37022399902344 -109.8076171875 -111.08647918701172 -112.96778106689453 -114.59542083740234 -115.93769073486328 -117.74501037597656 -119.26167297363281 -121.01614379882812 -122.16289520263672 -124.12874603271484 -125.78809356689453 -127.13036346435547 -127.98646545410156 -128.39865112304688 -129.14906311035156 