LTE(1) or 5G(2)
2 2 2 2 2 2 2 2 2 2 2 2 2 2 2 2 2 2 2 2 2 2 2 2 2 2 2 2 2 2 2 2 2 2 2 2 2 2 2 2 1 1 1 1 2 2 2 2 2 2 2 2 1 1 1 2 2 2 2 2 2 1 1 1 2 2 2 2 2 2 2 2 2 2 2 2 2 2 2 2 2 2 2 2 2 2 2 2 2 2 2 2 2 2 2 2 2 2 2 2 2 2 1 1 1 2 2 2 2 2 2 2 2 2 2 2 2 2 2 2 2 2 2 2 2 2 2 1 1 2 2 2 2 2 2 2 2 2 2 2 2 2 2 2 2 2 2 2 2 1 1 1 1 1 2 2 2 2 2 2 2 2 2 2 2 2 2 2 2 2 2 2 2 2 2 1 1 2 2 2 2 2 2 2 2 2 2 2 2 2 2 2 2 2 2 2 2 2 2 2 2 2 2 2 2 2 2 2 2 2 2 2 1 1 2 2 2 2 2 2 2 2 2 2 2 2 2 2 2 2 2 2 2 2 2 2 2 2 2 2 2 2 2 2 2 2 2 2 2 2 2 2 2 2 2 2 2 1 1 1 2 2 2 2 2 2 2 2 2 2 2 2 2 2 2 2 2 2 2 2 2 2 2 2 2 2 2 2 2 2 2 2 2 2 2 2 2 2 2 2 2 2 2 2 2 2 2 2 2 2 2 2 2 2 2 2 2 2 2 
SNR of LTE
14 14 14 14 12 12 11 11 11 11 11 8 8 8 8 8 6 6 6 6 6 6 6 6 5 5 5 5 5 5 4 4 4 4 3 3 2 2 0 0 0 0 0 0 0 0 0 0 -2 -2 -2 -2 -2 -2 -2 -2 -2 -2 -2 -2 -2 -2 -2 -2 -2 -2 -2 -2 -2 -2 -2 -2 -2 -2 -2 -2 -2 -2 -2 -2 -2 -2 -2 -2 -3 -3 -3 -3 -3 -3 -3 -3 -3 -3 -3 -3 -3 -3 -3 -3 -3 -3 -3 -3 -3 -3 -3 -3 -3 -4 -4 -4 -4 -4 -4 -4 -4 -4 -4 -4 -4 -4 -4 -4 -4 -4 -3 -3 -3 -3 -3 -3 -3 -1 -1 -1 -1 0 0 0 0 1 1 1 1 1 1 1 1 3 3 3 3 3 3 3 3 3 3 3 3 3 4 4 3 3 3 3 3 3 3 3 2 2 1 1 1 0 0 0 0 0 0 0 0 -1 -1 -1 -1 -1 -1 -1 -2 -2 -2 -2 -2 -2 -2 -4 -4 -4 -4 -4 -4 -4 -4 -4 -4 -3 -3 -3 -3 -3 -3 -3 -3 -3 -3 -3 -2 -1 0 0 0 0 1 1 1 1 1 1 1 1 1 1 0 0 0 0 0 0 0 0 0 0 0 0 0 0 0 0 -1 -1 -1 -1 -1 0 0 0 0 0 0 0 0 0 0 0 0 0 -1 -1 -1 -1 -1 -1 -2 -2 -2 -2 -2 -2 -3 -3 -3 -3 -3 -3 -3 -3 -2 -2 -2 -2 -1 -1 -1 0 0 0 0 0 0 0 0 3 3 3 4 4 4 4 5 5 5 6 6 6 6 
SNR of 5G
12 12 12 12 7 7 10 10 10 10 10 8 8 8 4 4 2 2 2 2 3 3 5 5 4 4 4 4 4 4 3 3 3 3 2 2 1 1 0 2 0 0 0 0 -1 -1 -1 -1 -1 -1 -2 -2 0 0 0 2 2 5 5 0 -1 0 0 0 0 0 1 1 1 1 6 6 3 3 4 4 4 4 4 4 4 4 4 4 1 1 1 -3 0 0 -1 -1 -2 -2 -2 -2 -2 -2 -3 -3 -3 -4 0 0 0 -4 -4 -3 -3 -3 -3 2 2 0 0 0 -1 4 4 4 4 -1 -1 -4 -4 -6 -6 0 0 -3 -3 -3 -3 -2 -2 -1 -1 -1 -1 -1 -1 0 0 -1 -1 0 0 -2 -2 0 0 0 0 0 -2 -1 -1 -1 -1 -1 -1 -5 0 0 1 1 0 0 1 1 0 0 0 0 0 0 0 -1 -1 -2 -2 -2 -2 -2 -2 1 1 2 2 4 4 4 4 4 4 4 4 4 4 4 4 4 4 4 3 0 0 0 0 -1 -1 -1 0 0 1 1 1 1 1 1 2 2 1 1 1 1 2 2 2 2 2 2 2 2 2 2 3 3 5 5 4 4 4 4 4 4 4 4 2 2 2 2 1 1 1 1 0 0 0 0 3 3 1 1 2 1 1 1 -1 -1 -2 -2 1 2 3 3 1 1 0 2 -1 -1 4 4 4 4 5 5 4 4 5 5 3 3 -1 -1 0 0 4 4 4 4 4 4 4 5 6 6 7 8 8 8 10 10 10 11 11 11 6 
RSSI
-51 -51 -51 -51 -51 -51 -51 -51 -51 -51 -51 -51 -51 -51 -51 -51 -51 -51 -51 -51 -51 -51 -51 -51 -51 -51 -51 -51 -51 -51 -51 -51 -51 -51 -51 -51 -51 -51 -51 -51 -51 -51 -51 -51 -51 -51 -51 -51 -51 -51 -51 -51 -51 -51 -51 -51 -51 -51 -51 -51 -51 -51 -51 -51 -51 -51 -51 -51 -51 -51 -51 -51 -51 -51 -51 -51 -51 -51 -51 -51 -51 -51 -51 -51 -51 -51 -51 -51 -51 -51 -51 -51 -51 -51 -51 -51 -51 -51 -51 -51 -51 -51 -51 -51 -51 -51 -51 -51 -51 -51 -51 -51 -51 -51 -51 -51 -51 -51 -51 -51 -51 -51 -51 -51 -51 -51 -51 -51 -51 -51 -51 -51 -51 -51 -51 -51 -51 -51 -51 -51 -51 -51 -51 -51 -51 -51 -51 -51 -51 -51 -51 -51 -51 -51 -51 -51 -51 -51 -51 -51 -51 -51 -51 -51 -51 -51 -51 -51 -51 -51 -51 -51 -51 -51 -51 -51 -51 -51 -51 -51 -51 -51 -51 -51 -51 -51 -51 -51 -51 -51 -51 -51 -51 -51 -51 -51 -51 -51 -51 -51 -51 -51 -51 -51 -51 -51 -51 -51 -51 -51 -51 -51 -51 -51 -51 -51 -51 -51 -51 -51 -51 -51 -51 -51 -51 -51 -51 -51 -51 -51 -51 -51 -51 -51 -51 -51 -51 -51 -51 -51 -51 -51 -51 -51 -51 -51 -51 -51 -51 -51 -51 -51 -51 -51 -51 -51 -51 -51 -51 -51 -51 -51 -51 -51 -51 -51 -51 -51 -51 -51 -51 -51 -51 -51 -51 -51 -51 -51 -51 -51 -51 -51 -51 -51 -51 -51 -51 -51 -51 -51 -51 -51 -51 -51 -51 -51 -51 -51 -51 -51 -51 -51 -51 -51 -51 -51 -51 -51 -51 -51 -51 -51 -51 -51 -51 -51 -51 -51 -51 
RSRP
-67 -67 -67 -67 -68 -68 -68 -68 -68 -68 -68 -69 -69 -69 -69 -69 -69 -69 -69 -69 -69 -69 -70 -70 -70 -70 -70 -70 -70 -70 -70 -70 -70 -70 -70 -70 -71 -71 -72 -72 -72 -72 -72 -74 -74 -74 -74 -74 -76 -76 -76 -76 -76 -76 -76 -77 -77 -77 -77 -77 -77 -77 -77 -77 -77 -77 -77 -77 -77 -77 -77 -77 -77 -77 -77 -77 -77 -77 -77 -77 -77 -77 -77 -77 -78 -78 -78 -78 -78 -78 -78 -78 -78 -78 -78 -78 -78 -78 -79 -79 -79 -78 -78 -78 -78 -78 -78 -78 -78 -79 -79 -79 -79 -79 -79 -79 -79 -79 -79 -79 -79 -79 -79 -79 -79 -79 -78 -77 -77 -77 -77 -77 -77 -76 -76 -76 -76 -76 -75 -75 -75 -75 -75 -75 -75 -74 -74 -74 -74 -73 -73 -73 -73 -73 -73 -73 -73 -73 -73 -73 -73 -73 -72 -72 -72 -72 -72 -72 -72 -72 -72 -72 -72 -72 -74 -74 -74 -74 -74 -74 -75 -75 -75 -75 -75 -76 -76 -77 -77 -77 -77 -77 -77 -77 -77 -77 -77 -77 -77 -78 -78 -78 -78 -78 -78 -78 -78 -78 -78 -77 -77 -77 -77 -77 -77 -77 -77 -77 -77 -77 -76 -74 -73 -73 -73 -73 -73 -73 -72 -72 -72 -72 -72 -72 -73 -73 -73 -73 -73 -73 -72 -72 -72 -73 -73 -73 -73 -73 -74 -74 -74 -74 -74 -74 -74 -74 -74 -74 -74 -74 -74 -74 -74 -75 -75 -75 -75 -75 -75 -75 -76 -76 -76 -76 -76 -76 -77 -77 -77 -78 -78 -78 -78 -78 -78 -78 -78 -78 -78 -78 -78 -78 -78 -78 -75 -75 -75 -74 -74 -73 -73 -73 -73 -73 -73 -71 -71 -71 -70 -70 -70 -70 -69 -69 -69 -69 -69 -69 -69 
CID
13678086 13678086 13678086 13678086 13678086 13678086 13678086 13678086 13678086 13678086 13678086 13678086 13678086 13678086 13678086 13678086 13678086 13678086 13678086 13678086 13678086 13678086 13678086 13678086 13678086 13678086 13678086 13678086 13678086 13678086 13678086 13678086 13678086 13678086 13678086 13678086 13678086 13678086 13678086 13678086 13769742 13769742 13769742 13769742 13769742 13769742 13769742 13769742 13769742 13769742 13769742 13769742 13769742 13769742 13769742 13769742 13769742 13769742 13769742 13769742 13769742 13678086 13678086 13678086 13678086 13678086 13678086 13678086 13769742 13769742 13769742 13769742 13769742 13769742 13769742 13769742 13769742 13769742 13769742 13769742 13769742 13769742 13769742 13769742 13769742 13769742 13769742 13769742 13769742 13769742 13769742 13769742 13769742 13769742 13769742 13769742 13769742 13769742 13769742 13769742 13769742 13769742 13769742 13769742 13769742 13769742 13769742 13769742 13769742 13769742 13769742 13769742 13769742 13769742 13678088 13678088 13678088 13678088 13678088 13678088 13678088 13678088 13678088 13678088 13792526 13792526 13792526 13792526 13792526 13792526 13792526 13792526 13792526 13792526 13792526 13792526 13792526 13792526 13792526 13792526 13792526 13792526 13792526 13792526 13792526 13792526 13792526 13792526 13792526 13792526 13792526 13792526 13792526 13792526 13792526 13792526 13792526 13792526 13792526 13792526 13792526 13792526 13792526 13792526 13678086 13678086 13678086 13678086 13678086 13678086 13678086 13678086 13678086 13678086 13678086 13678086 13678086 13678086 13678086 13678086 13678086 13678086 13678086 13678086 13678086 13678086 13678086 13678086 13678086 13678086 13678086 13678086 13792260 13792260 13792260 13792260 13792260 13792260 13792260 13792260 13792260 13792260 13678086 13678086 13678086 13678086 13678086 13678086 13678086 13678086 13678086 13678086 13678086 13678086 13678086 13678086 13678086 13678086 13678086 13678086 13678086 13678086 13678086 13678086 13678086 13678086 13678086 13678086 13678086 13678086 13678086 13678086 13678086 13678086 13678086 13678086 13678086 13678086 13678086 13678086 13678086 13678086 13678086 13678086 13678086 13678086 13678086 13678086 13678086 13678086 13678086 13678086 13678086 13678086 13678086 13678086 13678086 13769742 13769742 13769742 13769742 13769742 13769742 13769742 13769742 13769742 13769742 13769742 13769742 13769742 13769742 13769742 13769742 13769742 13769742 13769742 13769742 13769742 13769742 13769742 13769742 13769742 13769742 13769742 13769742 13769742 13769742 13769742 13769742 13769742 13769742 13769742 13678086 13678086 13678086 13678086 13678086 13678086 13678086 13678086 13678086 13678086 13678086 13678086 13678086 13678086 13678086 13678086 13678086 13678086 13678086 13678086 13678086 13678086 13678086 13678086 13678086 13678086 13678086 
RSRP of 5G
-82 -82 -82 -82 -73 -73 -75 -75 -75 -75 -75 -80 -80 -80 -84 -84 -81 -81 -87 -87 -91 -91 -82 -82 -82 -82 -82 -82 -80 -80 -82 -82 -82 -82 -84 -84 -84 -84 -82 -112 -103 -103 -103 -103 -82 -82 -82 -82 -88 -88 -86 -86 -86 -86 -86 -86 -86 -91 -91 -99 -87 -88 -88 -88 -80 -80 -79 -79 -94 -94 -85 -85 -90 -90 -86 -86 -86 -86 -86 -86 -86 -86 -86 -86 -76 -76 -80 -82 -81 -81 -82 -82 -84 -84 -91 -91 -86 -86 -89 -89 -96 -84 -84 -84 -84 -97 -97 -93 -93 -83 -83 -83 -83 -84 -84 -91 -82 -82 -82 -82 -81 -120 -120 -81 -81 2147483647 2147483647 -125 -125 -92 -92 -93 -93 -84 -84 -87 -87 -87 -87 -98 -98 -90 -90 -89 -89 -82 -82 -100 -86 -86 -86 -86 -86 -86 -94 -85 -90 -90 -84 -84 -83 -83 -83 -83 -91 -91 -87 -87 -80 -80 -87 -87 -81 -81 -88 -88 -88 -80 -80 -80 -80 -81 -81 -81 -81 -79 -79 -78 -78 -77 -77 -77 -79 -79 -79 -79 -79 -79 -79 -76 -76 -76 -77 -77 -77 -92 -92 -88 -88 -103 -103 -96 -96 -96 -84 -84 -84 -84 -84 -84 -83 -83 -83 -83 -83 -83 -84 -84 -84 -84 -84 -84 -85 -85 -85 -85 -76 -76 -74 -74 -77 -77 -77 -77 -77 -77 -77 -77 -80 -80 -80 -80 -81 -81 -81 -81 -95 -86 -86 -86 -86 -86 -89 -89 -89 -78 -89 -89 -99 -99 -83 -83 -88 -81 -80 -80 -87 -87 -84 -83 -79 -79 -85 -85 -79 -79 -84 -84 -80 -80 -88 -88 -82 -82 -91 -91 -83 -83 -83 -83 -83 -83 -83 -83 -83 -84 -79 -79 -85 -76 -76 -76 -74 -74 -74 -73 -75 -75 -82 
CQI
2147483647 2147483647 2147483647 2147483647 2147483647 2147483647 2147483647 2147483647 2147483647 2147483647 2147483647 2147483647 2147483647 2147483647 2147483647 2147483647 2147483647 2147483647 2147483647 2147483647 2147483647 2147483647 2147483647 2147483647 2147483647 2147483647 2147483647 2147483647 2147483647 2147483647 2147483647 2147483647 2147483647 2147483647 2147483647 2147483647 2147483647 2147483647 2147483647 2147483647 2147483647 2147483647 2147483647 2147483647 2147483647 2147483647 2147483647 2147483647 2147483647 2147483647 2147483647 2147483647 2147483647 2147483647 2147483647 2147483647 2147483647 2147483647 2147483647 2147483647 2147483647 2147483647 2147483647 2147483647 2147483647 2147483647 2147483647 2147483647 2147483647 2147483647 2147483647 2147483647 2147483647 2147483647 2147483647 2147483647 2147483647 2147483647 2147483647 2147483647 2147483647 2147483647 2147483647 2147483647 2147483647 2147483647 2147483647 2147483647 2147483647 2147483647 2147483647 2147483647 2147483647 2147483647 2147483647 2147483647 2147483647 2147483647 2147483647 2147483647 2147483647 2147483647 2147483647 2147483647 2147483647 2147483647 2147483647 2147483647 2147483647 2147483647 2147483647 2147483647 2147483647 2147483647 2147483647 2147483647 2147483647 2147483647 2147483647 2147483647 2147483647 2147483647 2147483647 2147483647 2147483647 2147483647 2147483647 2147483647 2147483647 2147483647 2147483647 2147483647 2147483647 2147483647 2147483647 2147483647 2147483647 2147483647 2147483647 2147483647 2147483647 2147483647 2147483647 2147483647 2147483647 2147483647 2147483647 2147483647 2147483647 2147483647 2147483647 2147483647 2147483647 2147483647 2147483647 2147483647 2147483647 2147483647 2147483647 2147483647 2147483647 2147483647 2147483647 2147483647 2147483647 2147483647 2147483647 2147483647 2147483647 2147483647 2147483647 2147483647 2147483647 2147483647 2147483647 2147483647 2147483647 2147483647 2147483647 2147483647 2147483647 2147483647 2147483647 2147483647 2147483647 2147483647 2147483647 2147483647 2147483647 2147483647 2147483647 2147483647 2147483647 2147483647 2147483647 2147483647 2147483647 2147483647 2147483647 2147483647 2147483647 2147483647 2147483647 2147483647 2147483647 2147483647 2147483647 2147483647 2147483647 2147483647 2147483647 2147483647 2147483647 2147483647 2147483647 2147483647 2147483647 2147483647 2147483647 2147483647 2147483647 2147483647 2147483647 2147483647 2147483647 2147483647 2147483647 2147483647 2147483647 2147483647 2147483647 2147483647 2147483647 2147483647 2147483647 2147483647 2147483647 2147483647 2147483647 2147483647 2147483647 2147483647 2147483647 2147483647 2147483647 2147483647 2147483647 2147483647 2147483647 2147483647 2147483647 2147483647 2147483647 2147483647 2147483647 2147483647 2147483647 2147483647 2147483647 2147483647 2147483647 2147483647 2147483647 2147483647 2147483647 2147483647 2147483647 2147483647 2147483647 2147483647 2147483647 2147483647 2147483647 2147483647 2147483647 2147483647 2147483647 2147483647 2147483647 2147483647 2147483647 2147483647 2147483647 2147483647 2147483647 2147483647 2147483647 2147483647 2147483647 2147483647 2147483647 2147483647 2147483647 2147483647 2147483647 2147483647 2147483647 2147483647 2147483647 2147483647 2147483647 2147483647 2147483647 2147483647 2147483647 2147483647 2147483647 2147483647 2147483647 2147483647 2147483647 2147483647 2147483647 2147483647 2147483647 2147483647 2147483647 2147483647 2147483647 
Altitude
-63.546688079833984 -62.92839431762695 -62.09343719482422 -60.465797424316406 -58.293846130371094 -56.18002700805664 -54.23003005981445 -51.97881317138672 -49.933692932128906 -48.00483322143555 -45.9967041015625 -44.099552154541016 -41.964595794677734 -39.998741149902344 -37.73695755004883 -35.89264678955078 -33.96907424926758 -31.97679901123047 -29.947532653808594 -28.02924156188965 -26.153226852416992 -24.155668258666992 -21.878028869628906 -19.67437171936035 -17.78778839111328 -15.621123313903809 -13.850799560546875 -11.805679321289062 -9.829258918762207 -7.78942346572876 -5.64389705657959 -3.5617852210998535 -1.6646325588226318 0.29593467712402344 2.280282497406006 4.084955215454102 6.045522689819336 7.731293678283691 8.909748077392578 10.151616096496582 11.094907760620117 12.1306791305542 12.809743881225586 13.531085014343262 14.099173545837402 14.355474472045898 14.84693717956543 15.034538269042969 15.57884693145752 15.718887329101562 15.961977005004883 16.176000595092773 16.41644859313965 16.392667770385742 16.342464447021484 16.265838623046875 16.635757446289062 16.715024948120117 16.757301330566406 16.910552978515625 17.082300186157227 17.103439331054688 17.034740447998047 16.77579689025879 16.794292449951172 17.127220153808594 17.201202392578125 17.111366271972656 16.8524227142334 17.040023803710938 17.217056274414062 19.534330368041992 21.983718872070312 23.653636932373047 23.899368286132812 25.328838348388672 26.7292423248291 28.996313095092773 30.713790893554688 32.84346389770508 34.68777084350586 36.47923278808594 37.89284896850586 39.23512649536133 40.28675079345703 41.084716796875 41.84833526611328 42.178619384765625 42.815406799316406 43.45219421386719 43.92780303955078 44.35321044921875 44.556663513183594 44.62272262573242 45.00320816040039 45.14324951171875 44.892234802246094 45.00056838989258 45.00849533081055 45.661136627197266 45.959712982177734 45.46296310424805 45.251583099365234 45.465606689453125 45.679630279541016 45.79324722290039 46.1763801574707 46.20280075073242 46.287353515625 46.250362396240234 46.324344635009766 46.08654022216797 46.813167572021484 46.90300369262695 46.86601257324219 46.22393798828125 44.757476806640625 43.40199279785156 42.37678909301758 41.00544738769531 39.491424560546875 38.069881439208984 36.38939666748047 34.650779724121094 33.208099365234375 32.02964401245117 30.97537612915039 29.913183212280273 28.483713150024414 27.041030883789062 25.21786117553711 23.90729522705078 22.417051315307617 21.5266056060791 21.117053985595703 20.097135543823242 20.025793075561523 19.18819236755371 18.921323776245117 18.524982452392578 18.355876922607422 17.943681716918945 17.80099868774414 17.07965850830078 16.651609420776367 16.8233585357666 17.148357391357422 17.238195419311523 17.124576568603516 16.828641891479492 16.746732711791992 16.675390243530273 16.508926391601562 16.786365509033203 16.54591941833496 16.45608139038086 16.685958862304688 16.33717918395996 16.598764419555664 17.608112335205078 17.264617919921875 17.314821243286133 17.72437286376953 18.971527099609375 20.96644401550293 22.155466079711914 23.48453140258789 25.331480026245117 27.27883529663086 29.244688034057617 31.057287216186523 33.017852783203125 34.616432189941406 36.849151611328125 37.92720031738281 39.10829544067383 40.3475227355957 41.09528732299805 41.81398391723633 42.683292388916016 43.09284591674805 43.67150115966797 44.094268798828125 44.4166259765625 44.82353591918945 45.243656158447266 45.58186721801758 45.64792251586914 45.75361633300781 45.28329086303711 45.79060745239258 46.27678680419922 46.3164176940918 46.805240631103516 47.027191162109375 47.249141693115234 47.20686721801758 47.03776168823242 47.19101333618164 47.090606689453125 47.109100341796875 47.05097198486328 47.1751594543457 47.18308639526367 47.48166275024414 47.3838996887207 47.304630279541016 47.35747528076172 46.75239562988281 44.395484924316406 42.892032623291016 41.80605697631836 40.624961853027344 38.936546325683594 37.557281494140625 35.45403289794922 34.711551666259766 33.24773406982422 33.11561965942383 31.049360275268555 28.399160385131836 27.09916114807129 25.957698822021484 25.20465087890625 23.236156463623047 22.22152328491211 21.38920783996582 20.58331298828125 19.875185012817383 19.68758201599121 18.69144630432129 18.80242156982422 18.490633010864258 18.318885803222656 17.938398361206055 17.153642654418945 16.239416122436523 17.161569595336914 17.54469871520996 17.45486068725586 17.01888656616211 16.453439712524414 16.181285858154297 15.874781608581543 15.980472564697266 16.582910537719727 17.650390625 17.80364227294922 17.86969757080078 17.83006477355957 17.457504272460938 17.388805389404297 17.436365127563477 17.20648765563965 17.03209686279297 17.174779891967773 17.09551239013672 16.9422607421875 17.325389862060547 17.41258430480957 17.222341537475586 16.239416122436523 15.261774063110352 13.731897354125977 12.487386703491211 11.081696510314941 10.820111274719238 9.871535301208496 8.584748268127441 6.986172199249268 5.7310919761657715 3.8709311485290527 0.478251576423645 -1.3264214992523193 -2.821948528289795 -3.2077205181121826 -4.793085098266602 -5.918693542480469 -7.09186315536499 -7.947959899902344 -9.411779403686523 -11.250802040100098 -13.30649185180664 -15.46787166595459 -17.07965850830078 -17.9410400390625 -19.0296573638916 -20.57802963256836 -21.856889724731445 -22.77640151977539 -24.694692611694336 -26.21135711669922 -27.38981056213379 -28.605257034301758 -29.688589096069336 -30.42842674255371 -32.9967155456543 -34.03777313232422 -35.8292350769043 -37.271915435791016 -37.758094787597656 -39.45443344116211 -41.72679138183594 -44.19995880126953 -45.875160217285156 -45.806461334228516 -46.65727233886719 -47.608489990234375 -48.36418151855469 -50.884910583496094 -52.597103118896484 -54.62636947631836 -55.93693923950195 -57.60157012939453 -59.01254653930664 -60.66661071777344 -62.01945495605469 -63.419857025146484 -64.49262237548828 