LTE(1) or 5G(2)
2 2 2 2 2 2 2 2 2 2 2 2 2 2 2 2 2 2 2 2 2 2 2 2 2 2 2 2 2 2 2 2 2 2 2 2 2 2 2 2 2 2 2 2 2 2 2 2 2 2 2 2 2 2 2 2 2 2 2 2 2 2 2 2 2 2 2 2 2 2 2 2 2 1 1 2 2 2 2 2 2 2 2 2 2 2 2 2 2 2 2 2 2 2 2 2 2 2 2 2 2 2 2 2 2 2 2 2 2 2 2 2 2 2 2 2 2 2 2 2 2 1 1 1 1 1 1 1 1 1 1 1 1 1 1 1 1 1 1 1 1 1 1 1 1 1 1 1 1 1 1 1 1 1 1 1 1 1 1 1 1 1 1 2 2 2 2 2 2 2 2 2 2 2 2 2 2 2 2 2 2 2 1 1 2 2 2 2 2 2 2 2 2 2 2 2 2 2 2 2 2 2 2 2 2 2 2 2 2 2 2 2 2 2 2 2 2 2 2 2 2 2 2 2 2 2 2 2 2 2 1 1 2 2 2 2 2 2 2 2 2 2 2 2 2 2 2 2 2 2 2 2 2 2 2 2 2 2 2 2 2 2 2 2 2 2 2 2 2 2 2 2 2 2 2 2 2 2 2 2 2 2 2 2 2 2 2 2 2 2 2 2 2 2 2 2 1 1 1 1 2 2 2 2 2 2 2 2 2 2 2 2 2 2 2 2 2 2 2 2 2 2 2 2 2 2 2 2 2 2 2 2 2 2 2 2 2 2 2 2 2 2 2 2 2 2 2 2 2 2 2 2 2 2 2 2 2 2 2 2 2 2 2 2 2 2 2 2 2 2 2 2 2 2 2 
SNR of LTE
5 5 5 5 4 4 3 3 2 2 2 1 1 1 1 1 1 1 1 1 0 0 0 0 0 0 -1 -1 -1 -1 -1 -1 -1 -1 0 0 0 0 0 0 0 0 0 0 -1 -1 -1 -1 -1 -1 -1 -1 -1 -1 -2 -2 -2 -2 -1 -1 -1 -1 -1 -1 -2 -2 -2 -2 -2 -2 -2 -2 -2 -2 -3 -3 -3 -3 -3 -3 -4 -5 -5 -5 -5 -5 -5 -5 -5 -5 -5 -5 -5 -5 -5 -5 -5 -5 -5 -4 -4 -4 -4 -4 -3 -3 -3 -3 -3 -2 -2 -1 -1 -1 -1 -1 -1 -1 -1 -1 -1 -1 -1 -1 -1 -1 -1 -1 -1 -1 -1 -1 -1 -1 -1 -1 -1 -1 -1 -1 -1 -1 -1 -1 -1 -1 -1 -1 -1 -1 -1 -1 -1 -1 -1 -1 -1 -1 -1 -1 -1 -1 -2 -2 -2 0 0 0 0 0 0 1 1 1 1 1 1 1 1 1 1 1 1 1 1 1 1 1 0 0 0 0 0 0 -1 -1 -1 -1 -2 -2 -3 -3 -3 -3 -3 -3 -4 -4 -4 -4 -5 -5 -5 -5 -5 -5 -5 -5 -5 -5 -5 -5 -4 -4 -4 -4 -4 -4 -4 -4 -4 -4 -2 -2 -2 -2 -2 -2 -2 -2 -2 -2 -2 -2 -2 -2 -2 -2 -3 -3 -3 -3 -3 -3 -4 -4 -4 -4 -4 -5 -5 -5 -5 -5 -5 -5 -5 -5 -4 -4 -4 -4 -3 -3 -3 -3 -3 -3 -3 -3 -3 -3 -3 -3 -2 -2 -2 -2 -2 -2 -3 -3 -3 -3 -3 -3 -2 -2 -2 -2 -3 -3 -3 -3 -3 -2 -2 -2 -2 -2 -2 -2 -2 -2 -2 -2 -2 -2 -2 -2 -2 -2 -2 -2 -2 -2 -2 -2 -2 -2 -2 -2 -2 -2 -2 -2 -2 -2 -2 -2 -2 -2 -2 -2 -2 -2 -2 -2 -2 -2 -2 -2 -1 -1 -1 -1 -1 1 1 1 1 1 2 2 2 2 3 3 3 3 3 3 3 3 3 
SNR of 5G
-1 -1 -1 -1 10 10 8 8 8 8 8 7 14 14 7 7 7 7 7 7 6 6 1 1 -1 -1 0 0 1 1 2 2 1 1 3 3 2 2 2 2 1 1 -2 -2 0 0 0 0 0 0 0 0 -1 -1 -1 -1 -3 -3 -3 -3 0 0 -1 -1 -1 -1 -2 -2 -2 -2 -1 -1 -1 0 0 3 3 -1 -1 -2 -2 -2 -2 -2 -2 -2 -2 -1 -1 0 0 -1 -1 -1 -1 0 0 -1 -1 -1 -2 6 6 7 7 7 7 7 7 8 8 7 7 7 7 7 7 7 7 7 7 0 0 0 0 0 0 0 0 0 0 0 0 0 0 0 0 0 0 0 0 0 0 0 0 0 0 0 0 0 0 0 0 0 0 0 0 0 0 0 0 0 0 -1 -1 -1 -1 1 1 2 2 2 2 0 0 -4 -4 -2 -2 -2 -2 -2 0 0 -2 -2 -2 -2 -3 -3 -4 -4 -4 -4 -6 -6 -6 -6 -5 -5 -1 -1 0 0 2 2 3 3 3 3 3 3 3 3 3 3 3 3 3 3 3 3 2 2 4 4 4 4 1 1 0 0 2 2 1 1 0 0 0 0 0 0 -1 -1 -2 -2 -2 -2 -2 -2 -1 -1 -1 -1 0 0 0 0 0 0 -1 -1 -2 -2 -2 -2 -2 -2 -1 -1 -1 -1 -2 -2 2 2 2 2 2 2 2 2 0 0 1 1 1 1 1 1 0 0 -3 -3 -3 -3 0 0 0 0 0 0 -1 -1 -1 -1 -2 -2 -2 -2 -5 -5 -1 -1 -4 -4 -4 -4 -4 -4 1 1 2 2 -1 -1 -3 -3 -2 -2 -2 -2 -2 -2 0 0 0 0 1 1 1 1 1 1 1 1 11 11 11 11 8 8 12 12 4 4 4 10 10 10 10 10 10 10 10 11 11 11 11 11 11 11 11 11 10 
RSSI
-51 -51 -51 -51 -51 -51 -51 -51 -51 -51 -51 -51 -51 -51 -51 -51 -51 -51 -51 -51 -51 -51 -51 -51 -51 -51 -51 -51 -51 -51 -51 -51 -51 -51 -51 -51 -51 -51 -51 -51 -51 -51 -51 -51 -51 -51 -51 -51 -51 -51 -51 -51 -51 -51 -51 -51 -51 -51 -51 -51 -51 -51 -51 -51 -51 -51 -51 -51 -51 -51 -51 -51 -51 -51 -51 -51 -51 -51 -51 -51 -51 -51 -51 -51 -51 -51 -51 -51 -51 -51 -51 -51 -51 -51 -51 -51 -51 -51 -51 -51 -51 -51 -51 -51 -51 -51 -51 -51 -51 -51 -51 -51 -51 -51 -51 -51 -51 -51 -51 -51 -51 -51 -51 -51 -51 -51 -51 -51 -51 -51 -51 -51 -51 -51 -51 -51 -51 -51 -51 -51 -51 -51 -51 -51 -51 -51 -51 -51 -51 -51 -51 -51 -51 -51 -51 -51 -51 -51 -51 -51 -51 -51 -51 -51 -51 -51 -51 -51 -51 -51 -51 -51 -51 -51 -51 -51 -51 -51 -51 -51 -51 -51 -51 -51 -51 -51 -51 -51 -51 -51 -51 -51 -51 -51 -51 -51 -51 -51 -51 -51 -51 -51 -51 -51 -51 -51 -51 -51 -51 -51 -51 -51 -51 -51 -51 -51 -51 -51 -51 -51 -51 -51 -51 -51 -51 -51 -51 -51 -51 -51 -51 -51 -51 -51 -51 -51 -51 -51 -51 -51 -51 -51 -51 -51 -51 -51 -51 -51 -51 -51 -51 -51 -51 -51 -51 -51 -51 -51 -51 -51 -51 -51 -51 -51 -51 -51 -51 -51 -51 -51 -51 -51 -51 -51 -51 -51 -51 -51 -51 -51 -51 -51 -51 -51 -51 -51 -51 -51 -51 -51 -51 -51 -51 -51 -51 -51 -51 -51 -51 -51 -51 -51 -51 -51 -51 -51 -51 -51 -51 -51 -51 -51 -51 -51 -51 -51 -51 -51 -51 -51 -51 -51 -51 -51 -51 -51 -51 -51 -51 -51 -51 -51 -51 -51 -51 -51 -51 -51 -51 -51 -51 -51 -51 -51 -51 -51 -51 -51 -51 -51 -51 -51 -51 -51 -51 -51 -51 -51 -51 -51 -51 -51 -51 -51 -51 -51 -51 -51 -51 -51 -51 -51 -51 -51 -51 
RSRP
-84 -84 -83 -83 -82 -82 -82 -82 -81 -81 -81 -81 -81 -79 -79 -79 -79 -79 -79 -79 -77 -77 -75 -75 -75 -75 -74 -74 -74 -74 -74 -74 -74 -74 -74 -74 -73 -73 -73 -73 -74 -74 -74 -74 -75 -75 -75 -75 -75 -75 -75 -75 -75 -75 -75 -75 -75 -75 -74 -74 -74 -74 -75 -75 -76 -76 -76 -76 -76 -76 -76 -76 -76 -76 -76 -76 -76 -77 -77 -77 -77 -77 -77 -77 -77 -78 -78 -78 -78 -78 -78 -78 -78 -78 -78 -78 -78 -78 -78 -78 -78 -78 -78 -78 -78 -78 -78 -78 -78 -77 -77 -77 -77 -77 -77 -77 -77 -76 -76 -76 -76 -76 -76 -76 -76 -76 -76 -76 -76 -76 -76 -76 -76 -76 -76 -76 -76 -76 -76 -76 -76 -76 -76 -76 -76 -76 -76 -76 -76 -76 -76 -76 -76 -76 -76 -76 -76 -76 -76 -76 -76 -76 -76 -76 -76 -75 -75 -75 -75 -74 -74 -74 -74 -74 -74 -74 -74 -74 -74 -74 -74 -74 -74 -74 -74 -74 -74 -74 -75 -75 -75 -75 -76 -76 -78 -78 -78 -78 -78 -78 -79 -80 -80 -80 -80 -80 -81 -81 -81 -81 -82 -82 -82 -82 -80 -80 -80 -80 -80 -80 -80 -80 -80 -80 -80 -80 -80 -79 -79 -79 -79 -79 -79 -79 -79 -79 -79 -79 -79 -79 -79 -79 -79 -79 -79 -79 -79 -79 -79 -79 -80 -80 -80 -80 -80 -80 -80 -80 -79 -79 -79 -79 -79 -79 -79 -79 -79 -79 -78 -78 -78 -78 -77 -77 -77 -77 -77 -77 -77 -77 -77 -77 -76 -76 -76 -76 -76 -76 -76 -76 -76 -76 -76 -76 -76 -76 -77 -77 -77 -77 -77 -77 -77 -77 -77 -77 -77 -77 -77 -77 -77 -77 -76 -76 -76 -76 -76 -76 -76 -76 -76 -76 -75 -75 -75 -75 -75 -75 -75 -75 -74 -74 -74 -74 -74 -74 -73 -73 -73 -73 -73 -73 -73 -73 -73 -73 -73 -73 -73 -73 -73 -73 -72 -72 -72 -72 -72 -74 -74 -74 -74 -74 -75 -75 -75 -75 -76 -76 -76 -76 -76 -76 -76 -76 -78 
CID
13792279 13792279 13754896 13754896 13754896 13754896 13754896 13754896 13754896 13754896 13754896 13769745 13769745 13769745 13769745 13769745 13769745 13769745 13769745 13769745 13769745 13769745 13769745 13769745 13769745 13769745 13769745 13769745 13769745 13769745 13769745 13769745 13769745 13769745 13769745 13769745 13769745 13769745 13769745 13769745 13769745 13769745 13769745 13769745 13769745 13769745 13769745 13769745 13769745 13769745 13769745 13769745 13769745 13769745 13769745 13769745 13769745 13769745 13769745 13769745 13769745 13769745 13769745 13769745 13769745 13769745 13769745 13769745 13769745 13769745 13769745 13769745 13769745 13769745 13769745 13769745 13769745 13754896 13754896 13754896 13754896 13754896 13754896 13754896 13754896 13754896 13754896 13754896 13754896 13754896 13769745 13769745 13769745 13769745 13769745 13769745 13769745 13769745 13769745 13769745 13769745 13769745 13769745 13769745 13769745 13769745 13769745 13769745 13769745 13769745 13769745 13769745 13769745 13769745 13769745 13769745 13769745 13769745 13769745 13769745 13769745 13769745 13769745 13769745 13769745 13769745 13769745 13769745 13769745 13769745 13769745 13769745 13769745 13754896 13754896 13754896 13754896 13754896 13754896 13754896 13754896 13754896 13754896 13754896 13754896 13754896 13754896 13754896 13754896 13754896 13754896 13754896 13754896 13754896 13754896 13754896 13754896 13754896 13754896 13754896 13754896 13754896 13754896 13754896 13754896 13754896 13754896 13754896 13754896 13754896 13754896 13754896 13754896 13754896 13754896 13754896 13754896 13754896 13754896 13754896 13754896 13754896 13754896 13754896 13754896 13754896 13754896 13754896 13754896 13754896 13754896 13754896 13754896 13754896 13754896 13754896 13754896 13754896 13754896 13754896 13754896 13769745 13769745 13769745 13769745 13769745 13792534 13792534 13792534 13792534 13754896 13754896 13754896 13754896 13754896 13754896 13754896 13754896 13754896 13754896 13754896 13754896 13754896 13754896 13754896 13754896 13754896 13754896 13754896 13754896 13754896 13754896 13754896 13754896 13754896 13754896 13754896 13754896 13769745 13769745 13769745 13769745 13769745 13769745 13769745 13769745 13769745 13769745 13769745 13769745 13769745 13769745 13769745 13769745 13769745 13769745 13769745 13769745 13769745 13792279 13792279 13792279 13792279 13792279 13792279 13792279 13792279 13792279 13792279 13792279 13792279 13792279 13792279 13792279 13769745 13769745 13769745 13769745 13769745 13754896 13754896 13754896 13754896 13754896 13754896 13754896 13754896 13769745 13769745 13769745 13769745 13769745 13769745 13769745 13769745 13769745 13769745 13769745 13769745 13769745 13769745 13769745 13769745 13769745 13769745 13769745 13769745 13769745 13769745 13769745 13769745 13769745 13769745 13769745 13769745 13769745 13769745 13769745 13769745 13769745 13769745 13769745 13769745 13769745 13769745 13769745 13754888 13754888 13754888 13754888 13754888 13754888 13754888 13754888 13754888 13754888 13754888 13754888 13754888 13754888 13754888 13754888 13754888 13754888 13769745 13769745 13769745 13769745 13769745 13769745 13769745 13769745 13769745 13769745 13754896 13754896 13754896 13792279 13792279 13792279 13792279 13792279 13792279 13792279 13792279 13754896 13754896 13754896 13754896 13754896 13754896 13754896 13754896 13754896 13754896 
RSRP of 5G
-85 -85 -82 -82 -79 -79 -81 -81 -84 -84 -84 -77 -73 -73 -77 -77 -77 -77 -77 -77 -85 -85 -87 -87 -95 -95 -90 -90 -81 -81 -85 -85 -84 -84 -86 -86 -83 -83 -88 -88 -85 -85 -83 -83 -89 -89 -95 -95 -83 -83 -88 -88 -96 -96 -87 -87 -84 -84 -84 -84 -104 -104 -82 -82 -88 -88 -83 -83 -83 -83 -87 -87 -83 -83 -83 -83 -83 -82 -82 -82 -82 -85 -85 -89 -89 -84 -84 -80 -80 -80 -80 -79 -79 -81 -81 -82 -82 -84 -84 2147483647 -79 -80 -80 -83 -83 -77 -77 -77 -77 -81 -81 -79 -79 -79 -79 -79 -79 -83 -83 -83 -83 -83 -83 -83 -83 -83 -83 -83 -83 -83 -83 -83 -83 -83 -83 -83 -83 -83 -83 -83 -83 -83 -83 -83 -83 -83 -83 -83 -83 -83 -83 -83 -83 -83 -83 -83 -83 -83 -83 -83 -83 -83 -83 -82 -82 -87 -87 -84 -84 -76 -76 -81 -81 -79 -79 -89 -89 -81 -81 -85 -85 2147483647 2147483647 2147483647 -80 -80 -80 -80 -81 -81 -82 -82 -83 -83 -85 -85 -85 -85 -88 -80 -80 -80 -78 -78 -78 -78 -83 -83 -87 -87 -78 -78 -78 -78 -80 -80 -80 -80 -80 -80 -80 -80 -80 -80 -85 -85 -85 -85 -89 -89 -89 -89 -84 -84 -86 -86 -83 -83 -82 -82 -85 -85 -82 -82 -86 -86 -85 -85 -87 -87 -82 -82 -84 -84 -81 -81 -81 -81 -80 -79 -81 -81 -82 -82 -82 -82 -82 -82 -80 -80 -79 -79 -90 -79 -80 -80 -84 -84 -87 -87 -83 -83 -89 -89 -81 -81 -80 -80 -85 -85 -81 -81 2147483647 2147483647 -84 -84 -84 -84 -84 -84 -86 -86 -91 -91 -91 -81 -84 -84 -82 -82 -116 -81 -84 -84 -84 -84 -102 -102 -87 -87 -87 -87 -86 -86 -87 -87 -89 -89 -84 -84 -84 -84 -84 -84 -87 -87 -84 -84 -84 -84 -84 -84 -84 -84 -78 -78 -75 -75 -75 -75 -72 -72 -77 -77 -83 -83 -83 -83 -83 -83 -83 -83 -84 -84 -84 -82 -81 -81 -81 -81 -81 -81 -81 -81 -80 
CQI
2147483647 2147483647 2147483647 2147483647 2147483647 2147483647 2147483647 2147483647 2147483647 2147483647 2147483647 2147483647 2147483647 2147483647 2147483647 2147483647 2147483647 2147483647 2147483647 2147483647 2147483647 2147483647 2147483647 2147483647 2147483647 2147483647 2147483647 2147483647 2147483647 2147483647 2147483647 2147483647 2147483647 2147483647 2147483647 2147483647 2147483647 2147483647 2147483647 2147483647 2147483647 2147483647 2147483647 2147483647 2147483647 2147483647 2147483647 2147483647 2147483647 2147483647 2147483647 2147483647 2147483647 2147483647 2147483647 2147483647 2147483647 2147483647 2147483647 2147483647 2147483647 2147483647 2147483647 2147483647 2147483647 2147483647 2147483647 2147483647 2147483647 2147483647 2147483647 2147483647 2147483647 2147483647 2147483647 2147483647 2147483647 2147483647 2147483647 2147483647 2147483647 2147483647 2147483647 2147483647 2147483647 2147483647 2147483647 2147483647 2147483647 2147483647 2147483647 2147483647 2147483647 2147483647 2147483647 2147483647 2147483647 2147483647 2147483647 2147483647 2147483647 2147483647 2147483647 2147483647 2147483647 2147483647 2147483647 2147483647 2147483647 2147483647 2147483647 2147483647 2147483647 2147483647 2147483647 2147483647 2147483647 2147483647 2147483647 2147483647 2147483647 2147483647 2147483647 2147483647 2147483647 2147483647 2147483647 2147483647 2147483647 2147483647 2147483647 2147483647 2147483647 2147483647 2147483647 2147483647 2147483647 2147483647 2147483647 2147483647 2147483647 2147483647 2147483647 2147483647 2147483647 2147483647 2147483647 2147483647 2147483647 2147483647 2147483647 2147483647 2147483647 2147483647 2147483647 2147483647 2147483647 2147483647 2147483647 2147483647 2147483647 2147483647 2147483647 2147483647 2147483647 2147483647 2147483647 2147483647 2147483647 2147483647 2147483647 2147483647 2147483647 2147483647 2147483647 2147483647 2147483647 2147483647 2147483647 2147483647 2147483647 2147483647 2147483647 2147483647 2147483647 2147483647 2147483647 2147483647 2147483647 2147483647 2147483647 2147483647 2147483647 2147483647 2147483647 2147483647 2147483647 2147483647 2147483647 2147483647 2147483647 2147483647 2147483647 2147483647 2147483647 2147483647 2147483647 2147483647 2147483647 2147483647 2147483647 2147483647 2147483647 2147483647 2147483647 2147483647 2147483647 2147483647 2147483647 2147483647 2147483647 2147483647 2147483647 2147483647 2147483647 2147483647 2147483647 2147483647 2147483647 2147483647 2147483647 2147483647 2147483647 2147483647 2147483647 2147483647 2147483647 2147483647 2147483647 2147483647 2147483647 2147483647 2147483647 2147483647 2147483647 2147483647 2147483647 2147483647 2147483647 2147483647 2147483647 2147483647 2147483647 2147483647 2147483647 2147483647 2147483647 2147483647 2147483647 2147483647 2147483647 2147483647 2147483647 2147483647 2147483647 2147483647 2147483647 2147483647 2147483647 2147483647 2147483647 2147483647 2147483647 2147483647 2147483647 2147483647 2147483647 2147483647 2147483647 2147483647 2147483647 2147483647 2147483647 2147483647 2147483647 2147483647 2147483647 2147483647 2147483647 2147483647 2147483647 2147483647 2147483647 2147483647 2147483647 2147483647 2147483647 2147483647 2147483647 2147483647 2147483647 2147483647 2147483647 2147483647 2147483647 2147483647 2147483647 2147483647 2147483647 2147483647 2147483647 2147483647 2147483647 2147483647 2147483647 2147483647 2147483647 2147483647 2147483647 2147483647 2147483647 2147483647 2147483647 2147483647 2147483647 2147483647 2147483647 2147483647 2147483647 2147483647 2147483647 2147483647 2147483647 2147483647 2147483647 2147483647 2147483647 2147483647 2147483647 2147483647 2147483647 2147483647 2147483647 2147483647 2147483647 2147483647 2147483647 2147483647 2147483647 2147483647 2147483647 2147483647 2147483647 2147483647 2147483647 2147483647 2147483647 2147483647 2147483647 2147483647 2147483647 2147483647 2147483647 2147483647 2147483647 2147483647 2147483647 2147483647 2147483647 2147483647 2147483647 2147483647 2147483647 2147483647 2147483647 
Altitude
-62.78571319580078 -62.125144958496094 -61.24790954589844 -60.50807189941406 -59.79465866088867 -59.0548210144043 -58.130027770996094 -57.369049072265625 -56.761329650878906 -55.926368713378906 -54.95929718017578 -53.210113525390625 -51.25482940673828 -48.94548034667969 -47.03776168823242 -44.62272262573242 -42.751991271972656 -40.770286560058594 -38.778011322021484 -36.717037200927734 -34.8093147277832 -32.80647277832031 -30.586963653564453 -28.621110916137695 -26.644689559936523 -24.499164581298828 -22.528026580810547 -20.451200485229492 -18.33738136291504 -16.37152862548828 -14.379254341125488 -12.270719528198242 -10.315437316894531 -8.41828441619873 -6.278042793273926 -4.4020280838012695 -2.420322895050049 -0.5760157108306885 1.4426815509796143 3.2499969005584717 5.37702751159668 7.551618576049805 9.5148286819458 11.6312894821167 13.36462116241455 15.31197738647461 17.153642654418945 19.278030395507812 21.206890106201172 23.558513641357422 25.194082260131836 27.09916114807129 29.017452239990234 31.015010833740234 32.76683807373047 34.68248748779297 36.613990783691406 38.89162826538086 40.78614044189453 42.683292388916016 44.51702880859375 46.01255798339844 47.28877639770508 48.247920989990234 49.4395866394043 50.42515563964844 51.112144470214844 51.52434158325195 51.965599060058594 52.3777961730957 52.9353141784668 53.159908294677734 53.46377182006836 53.55360794067383 53.7702751159668 53.873321533203125 53.89710235595703 54.076778411865234 54.23267364501953 54.53653335571289 54.33836364746094 54.581451416015625 54.8747444152832 54.09791564941406 53.26295852661133 52.11885452270508 50.958892822265625 49.12251281738281 47.589996337890625 46.12353515625 44.14447021484375 43.753414154052734 41.269676208496094 39.92475891113281 38.4080924987793 37.551998138427734 35.969276428222656 34.711551666259766 32.74834442138672 31.472124099731445 30.61602783203125 29.226192474365234 28.70037841796875 27.934120178222656 26.544282913208008 26.393674850463867 25.828227996826172 25.254854202270508 24.610139846801758 24.48331069946289 24.15038299560547 24.668270111083984 23.724977493286133 24.861154556274414 24.53087043762207 23.58757972717285 23.526805877685547 25.0223331451416 25.34204864501953 25.202009201049805 24.993268966674805 24.612781524658203 24.446317672729492 24.446317672729492 24.60221290588379 24.60221290588379 25.014406204223633 24.44896125793457 24.49652099609375 24.369691848754883 24.417253494262695 24.631277084350586 25.471519470214844 27.3845272064209 29.27111053466797 29.868263244628906 30.277816772460938 31.2977352142334 32.95179748535156 35.491024017333984 36.96012878417969 38.73837661743164 41.30402374267578 42.59345626831055 44.20524215698242 44.50381851196289 46.168453216552734 47.307273864746094 47.50015640258789 48.039180755615234 48.83186340332031 49.093448638916016 49.50300216674805 50.012962341308594 49.84385681152344 50.282470703125 50.594261169433594 51.31560134887695 51.009098052978516 51.305030822753906 50.18470764160156 52.792633056640625 53.218040466308594 52.96702194213867 52.33551788330078 52.13734817504883 51.722511291503906 51.97616958618164 52.16377258300781 52.90096664428711 53.077999114990234 53.735923767089844 53.62759017944336 53.0859260559082 52.91153335571289 53.66986846923828 53.32901382446289 53.73328399658203 52.819053649902344 51.598323822021484 50.57048034667969 49.71702575683594 46.70747756958008 45.30178451538086 43.57902526855469 41.27231979370117 40.28410720825195 38.756874084472656 38.138580322265625 34.568870544433594 35.129032135009766 32.5501708984375 32.97293472290039 32.418060302734375 29.323955535888672 28.63167953491211 27.635541915893555 26.713388442993164 25.809730529785156 24.66298484802246 25.381683349609375 25.138593673706055 25.400178909301758 24.411968231201172 24.187376022338867 23.13046646118164 22.83188819885254 23.481887817382812 23.62985610961914 24.08696937561035 24.18473243713379 24.03148078918457 24.19794464111328 24.060546875 23.61664390563965 23.851806640625 24.1424560546875 23.767253875732422 23.756685256958008 23.28371810913086 23.08819007873535 22.897945404052734 23.571725845336914 24.95363426208496 25.199365615844727 26.77151870727539 28.81928062438965 30.36501121520996 31.421920776367188 32.23310089111328 33.55952072143555 33.794681549072266 35.73675537109375 36.82008743286133 39.09508514404297 40.58797073364258 42.622520446777344 43.203819274902344 44.14447021484375 44.680850982666016 46.28471374511719 47.34162139892578 47.307273864746094 47.790809631347656 48.18186569213867 49.251983642578125 49.83328628540039 49.64568328857422 49.7830810546875 50.3564567565918 50.21641540527344 50.6708869934082 50.668243408203125 51.735721588134766 52.61031723022461 53.014583587646484 52.70543670654297 53.19161605834961 53.75706100463867 53.89446258544922 54.17718505859375 54.45990753173828 54.512752532958984 54.0847053527832 54.31722640991211 54.32514953613281 54.27230453491211 54.137550354003906 54.359500885009766 54.52860641479492 54.48897171020508 54.55767059326172 54.35685729980469 53.638160705566406 53.63551712036133 54.362144470214844 54.04771423339844 54.0847053527832 53.96580123901367 52.937957763671875 50.67881393432617 50.38816452026367 48.387962341308594 47.08003616333008 45.91743469238281 44.90544509887695 43.69792556762695 41.59731674194336 41.14813232421875 39.07130432128906 37.05524826049805 36.468666076660156 34.18045425415039 32.494686126708984 30.806270599365234 30.132492065429688 28.23533821105957 26.367250442504883 25.796520233154297 24.07375717163086 22.501604080200195 20.023151397705078 19.41278648376465 17.264617919921875 15.462587356567383 15.396530151367188 14.273563385009766 12.236370086669922 10.53738784790039 8.65080451965332 7.387797832489014 3.55914306640625 4.248776435852051 1.9790631532669067 0.11097550392150879 -0.7292675971984863 -1.6857707500457764 -4.132516384124756 -4.513003826141357 -6.838204860687256 -8.365439414978027 -10.072347640991211 -11.573160171508789 -12.561369895935059 -14.146734237670898 -16.334537506103516 -17.402015686035156 -18.665023803710938 -20.79998016357422 -22.195100784301758 -23.56908416748047 -24.974773406982422 -26.776803970336914 -28.09794044494629 -29.392654418945312 -31.44834327697754 -32.510536193847656 -33.75240707397461 -35.03126907348633 -37.01825714111328 -38.207279205322266 -40.07801055908203 -41.64752197265625 -42.44020462036133 -44.07312774658203 -45.69548416137695 -46.98491287231445 -48.306053161621094 -50.0658073425293 -50.113365173339844 -52.311737060546875 -54.8747444152832 -56.232872009277344 -57.8710823059082 -57.5804328918457 -59.09181213378906 -59.82636642456055 -59.79465866088867 -59.921485900878906 -60.03246307373047 -60.423519134521484 -60.909698486328125 -61.03124237060547 -61.15278625488281 -61.628395080566406 -61.755226135253906 -61.98774719238281 -62.10400390625 -62.331241607666016 -62.38408660888672 -62.59018325805664 -62.89668655395508 -63.25075149536133 -63.47270202636719 -63.85847473144531 