LTE(1) or 5G(2)
2 2 2 2 2 2 2 2 2 2 2 2 2 2 2 2 2 2 2 2 2 2 2 2 2 2 2 2 2 2 2 2 2 2 2 2 2 2 2 2 2 2 2 2 2 2 2 2 2 2 2 2 2 2 2 2 2 2 2 2 2 2 2 2 2 2 2 2 2 2 2 2 2 2 2 1 1 1 2 2 2 2 2 2 2 2 2 2 2 2 2 2 2 2 2 2 2 2 2 2 2 2 2 2 2 2 2 2 2 2 2 2 2 2 2 2 2 2 2 2 2 2 2 2 2 2 2 2 2 2 2 2 2 2 2 2 2 2 2 2 2 2 2 2 2 2 2 2 2 2 1 1 2 2 2 2 2 2 2 2 2 2 2 2 2 2 2 2 2 2 2 2 2 2 2 2 2 2 2 2 2 2 2 2 2 2 2 2 2 2 2 2 2 2 2 2 2 2 2 2 2 2 2 2 2 2 2 2 2 2 2 2 2 2 2 2 2 2 2 2 2 2 2 2 2 2 2 2 2 2 2 2 2 2 2 2 2 2 2 2 2 2 2 2 2 2 2 2 2 2 2 2 2 2 2 2 2 2 2 2 2 2 2 2 2 2 2 2 2 2 2 2 2 2 2 2 2 2 2 2 2 2 2 2 2 2 2 2 2 2 2 2 2 2 2 2 2 2 2 2 2 2 2 2 2 2 2 2 2 2 2 2 2 2 2 2 2 2 2 2 2 2 2 2 2 2 2 2 2 2 2 2 2 2 2 
SNR of LTE
9 9 9 9 9 9 9 9 9 9 9 9 9 9 9 9 9 9 9 9 8 8 8 8 8 8 8 8 7 7 6 6 6 6 6 6 6 5 4 4 4 4 4 2 2 2 2 2 2 2 1 1 0 0 0 0 0 0 -1 -1 -1 -1 -2 -2 -2 -3 -3 -3 -3 -3 -3 -3 -3 -3 -4 -4 -4 -4 -4 -4 -4 -4 -4 -4 -4 -4 -4 -4 -4 -4 -4 -4 -4 -4 -4 -4 -2 -2 -2 -2 -2 -2 -2 -2 -2 -2 -1 -1 -1 -1 -2 -2 -2 -2 -2 -2 -2 -2 -2 -2 -2 -2 -2 -2 -2 -2 -2 -2 -3 -3 -3 -3 -3 -3 -3 -3 -4 -4 -4 -4 -4 -4 -4 -4 -4 -4 -4 -4 -4 -4 -2 -1 -1 -1 0 0 0 0 0 1 1 1 1 1 2 2 2 2 3 2 2 2 2 2 2 2 2 2 0 0 0 -1 -1 -1 -1 -1 -1 -1 -1 -1 -1 -1 -1 -1 -1 -1 -1 -1 -1 -1 -2 -2 -2 -2 -1 -1 -1 -1 0 0 0 0 1 1 1 1 1 2 2 2 2 3 3 3 4 4 5 5 5 5 4 4 3 3 3 2 2 2 2 2 2 0 0 0 -1 -1 -1 -1 -2 -2 -2 -2 -3 -3 -3 -3 -3 -3 -3 -3 -3 -3 -3 -3 -3 -3 -3 -3 -3 -3 -3 -3 -2 -2 -2 -2 -2 -2 -2 -2 -2 -2 -2 -2 -2 -2 -2 -2 -2 -2 -2 -2 0 0 0 0 0 0 0 0 0 2 3 3 3 3 3 3 3 3 5 5 5 5 5 5 5 5 5 5 5 5 5 5 6 6 6 6 6 6 6 6 6 6 6 
SNR of 5G
6 6 6 6 6 6 6 6 6 6 6 6 6 9 9 9 9 9 9 9 5 5 5 5 5 5 5 5 2 2 1 1 1 1 0 0 -1 -1 -1 -1 0 0 0 1 -5 -2 4 4 2 2 2 2 3 3 3 4 4 4 3 3 5 5 4 4 5 5 5 5 3 3 1 1 1 1 3 0 0 0 -1 -1 3 3 3 3 3 3 3 3 3 3 3 3 3 3 3 3 4 4 4 4 4 4 4 4 4 4 4 4 4 4 3 3 0 0 2 2 1 1 1 1 -2 -2 0 -1 -1 -1 -3 -3 -1 -1 -1 -1 -1 -1 -1 -1 0 0 0 0 0 0 -2 -2 -2 -2 -2 -2 -3 -3 0 0 0 0 -2 -2 -2 -3 0 -3 1 1 0 0 -1 -1 2 2 3 3 3 3 2 2 2 2 2 2 0 0 -3 -4 2 2 3 3 -1 -1 0 0 1 1 2 2 2 1 0 0 2 2 2 2 3 3 3 3 3 3 1 1 -2 -2 -1 -1 1 1 0 0 0 0 -1 -1 0 0 0 0 1 1 1 1 1 1 1 1 2 2 4 4 4 4 4 4 4 4 2 2 1 1 0 0 0 0 0 0 -3 -3 4 4 4 4 4 4 4 4 4 4 4 4 4 4 3 3 -3 -6 1 1 0 0 -1 -1 0 0 0 0 5 5 5 5 2 2 2 2 4 4 3 3 3 3 3 3 3 8 10 10 10 10 10 10 10 10 7 5 5 5 5 5 5 5 5 5 5 5 5 5 10 10 10 10 9 9 9 9 9 9 9 
RSSI
-51 -51 -51 -51 -51 -51 -51 -51 -51 -51 -51 -51 -51 -51 -51 -51 -51 -51 -51 -51 -51 -51 -51 -51 -51 -51 -51 -51 -51 -51 -51 -51 -51 -51 -51 -51 -51 -51 -51 -51 -51 -51 -51 -51 -51 -51 -51 -51 -51 -51 -51 -51 -51 -51 -51 -51 -51 -51 -51 -51 -51 -51 -51 -51 -51 -51 -51 -51 -51 -51 -51 -51 -51 -51 -51 -51 -51 -51 -51 -51 -51 -51 -51 -51 -51 -51 -51 -51 -51 -51 -51 -51 -51 -51 -51 -51 -51 -51 -51 -51 -51 -51 -51 -51 -51 -51 -51 -51 -51 -51 -51 -51 -51 -51 -51 -51 -51 -51 -51 -51 -51 -51 -51 -51 -51 -51 -51 -51 -51 -51 -51 -51 -51 -51 -51 -51 -51 -51 -51 -51 -51 -51 -51 -51 -51 -51 -51 -51 -51 -51 -51 -51 -51 -51 -51 -51 -51 -51 -51 -51 -51 -51 -51 -51 -51 -51 -51 -51 -51 -51 -51 -51 -51 -51 -51 -51 -51 -51 -51 -51 -51 -51 -51 -51 -51 -51 -51 -51 -51 -51 -51 -51 -51 -51 -51 -51 -51 -51 -51 -51 -51 -51 -51 -51 -51 -51 -51 -51 -51 -51 -51 -51 -51 -51 -51 -51 -51 -51 -51 -51 -51 -51 -51 -51 -51 -51 -51 -51 -51 -51 -51 -51 -51 -51 -51 -51 -51 -51 -51 -51 -51 -51 -51 -51 -51 -51 -51 -51 -51 -51 -51 -51 -51 -51 -51 -51 -51 -51 -51 -51 -51 -51 -51 -51 -51 -51 -51 -51 -51 -51 -51 -51 -51 -51 -51 -51 -51 -51 -51 -51 -51 -51 -51 -51 -51 -51 -51 -51 -51 -51 -51 -51 -51 -51 -51 -51 -51 -51 -51 -51 -51 -51 -51 -51 -51 -51 -51 -51 -51 -51 -51 -51 -51 -51 -51 -51 -51 -51 -51 -51 -51 -51 -51 -51 -51 -51 -51 -51 -51 -51 -51 -51 -51 -51 -51 
RSRP
-70 -70 -70 -70 -70 -70 -70 -70 -70 -70 -70 -70 -70 -68 -68 -68 -68 -68 -68 -68 -68 -68 -68 -68 -68 -68 -68 -68 -67 -67 -67 -67 -67 -67 -67 -67 -67 -67 -67 -67 -67 -67 -67 -68 -68 -68 -68 -69 -69 -69 -70 -70 -71 -71 -71 -71 -71 -71 -72 -72 -72 -72 -74 -74 -74 -75 -75 -75 -76 -76 -76 -76 -76 -77 -77 -77 -77 -77 -77 -77 -77 -77 -77 -77 -77 -77 -77 -77 -77 -77 -77 -77 -77 -77 -77 -77 -77 -77 -76 -76 -76 -76 -76 -76 -75 -75 -75 -75 -75 -75 -76 -76 -76 -76 -76 -76 -76 -76 -76 -76 -76 -76 -77 -77 -77 -77 -77 -77 -78 -78 -78 -78 -79 -79 -79 -79 -80 -80 -80 -79 -79 -79 -79 -79 -79 -77 -77 -77 -77 -77 -76 -75 -75 -75 -74 -74 -74 -73 -73 -73 -73 -73 -73 -73 -73 -73 -73 -73 -72 -72 -72 -72 -72 -72 -72 -72 -72 -72 -73 -73 -73 -75 -75 -75 -75 -75 -75 -75 -76 -76 -76 -76 -76 -76 -76 -76 -76 -76 -76 -76 -77 -77 -77 -77 -76 -74 -74 -74 -73 -73 -73 -72 -71 -71 -71 -71 -71 -68 -68 -68 -68 -67 -67 -67 -67 -67 -67 -67 -67 -67 -67 -67 -68 -68 -68 -69 -69 -69 -69 -69 -69 -71 -71 -71 -72 -72 -72 -72 -73 -73 -74 -74 -75 -75 -75 -75 -75 -75 -75 -75 -75 -75 -75 -75 -75 -75 -75 -75 -75 -75 -77 -77 -76 -76 -76 -76 -76 -76 -76 -76 -76 -76 -76 -75 -74 -74 -74 -74 -74 -74 -74 -74 -72 -71 -71 -71 -71 -71 -71 -71 -71 -68 -67 -67 -67 -67 -67 -67 -67 -67 -67 -67 -67 -67 -67 -67 -67 -67 -67 -67 -67 -67 -67 -67 -68 -69 -69 -69 -69 -69 -69 -69 -69 -69 -69 
CID
13678086 13678086 13678086 13678086 13678086 13678086 13678086 13678086 13678086 13678086 13678086 13678086 13678086 13678086 13678086 13678086 13678086 13678086 13678086 13678086 13678086 13678086 13678086 13678086 13678086 13678086 13678086 13678086 13678086 13678086 13678086 13678086 13678086 13678086 13678086 13678086 13678086 13678086 13678086 13678086 13678086 13678086 13678086 13678086 13678086 13769742 13769742 13769742 13769742 13769742 13769742 13769742 13769742 13769742 13769742 13769742 13769742 13769742 13769742 13769742 13769742 13769742 13769742 13769742 13769742 13769742 13769742 13769742 13769742 13678086 13678086 13678086 13678086 13678086 13678086 13769742 13769742 13769742 13769742 13769742 13769742 13769742 13769742 13769742 13769742 13769742 13769742 13769742 13769742 13769742 13769742 13769742 13769742 13769742 13769742 13769742 13769742 13769742 13769742 13769742 13769742 13769742 13769742 13769742 13769742 13769742 13769742 13769742 13769742 13769742 13769742 13769742 13769742 13769742 13769742 13769742 13769742 13769742 13769742 13769742 13769742 13769742 13769742 13769742 13769742 13769742 13769742 13769742 13769742 13769742 13769742 13769742 13769742 13769742 13769742 13769742 13769742 13769742 13792526 13792526 13792526 13792526 13792526 13792526 13792526 13792526 13792526 13792526 13792526 13792526 13792526 13792526 13792526 13792526 13792526 13792526 13792526 13792526 13792526 13792526 13792526 13678086 13678086 13678086 13678086 13678086 13678086 13678086 13678086 13678086 13678086 13769742 13769742 13769742 13769742 13769742 13769742 13769742 13769742 13769742 13769742 13769742 13792526 13678086 13678086 13678086 13792526 13792526 13792526 13792526 13792526 13792526 13792526 13792526 13792526 13678086 13678086 13678086 13678086 13678086 13678086 13678086 13678086 13678086 13678086 13678086 13678086 13678086 13678086 13678086 13678086 13678086 13678086 13678086 13678086 13678086 13678086 13678086 13678086 13678086 13678086 13678086 13678086 13678086 13678086 13678086 13678086 13678086 13678086 13678086 13678086 13678086 13678086 13678086 13678086 13678086 13678086 13678086 13678086 13678086 13678086 13678086 13678086 13678086 13678086 13678086 13678086 13678086 13678086 13678086 13678086 13678086 13678086 13678086 13769742 13769742 13769742 13769742 13769742 13769742 13769742 13769742 13769742 13769742 13769742 13769742 13769742 13769742 13769742 13769742 13769742 13769742 13769742 13769742 13769742 13769742 13769742 13769742 13769742 13769742 13769742 13769742 13769742 13678086 13678086 13678086 13678086 13678086 13678086 13678086 13678086 13678086 13678086 13678086 13678086 13678086 13678086 13678086 13678086 13678086 13678086 13678086 13678086 13678086 13678086 13678086 13678086 13678086 13678086 13678086 13678086 13678086 13678086 13678086 13678086 13678086 13678086 13678086 13678086 13678086 13678086 13678086 13678086 13678086 13678086 13678086 13678086 13678086 13678086 13678086 13678086 13678086 13678086 13678086 13678086 
RSRP of 5G
-85 -85 -85 -85 -85 -85 -85 -85 -85 -85 -85 -85 -85 -81 -81 -81 -81 -81 -81 -81 -83 -83 -83 -83 -83 -83 -83 -83 -88 -88 -86 -86 -83 -83 -84 -84 -85 -85 -86 -86 -83 -83 -89 -81 -84 -84 -84 -84 -85 -85 -83 -83 -83 -83 -83 -84 -84 -84 -91 -91 -84 -84 -88 -88 -81 -81 -81 -81 -89 -89 -89 -89 -87 -87 -84 -83 -83 -83 -83 -83 -83 -83 -83 -83 -83 -83 -83 -83 -83 -83 -83 -83 -83 -83 -83 -83 -80 -80 -82 -82 -82 -82 -82 -82 -87 -87 -85 -85 -85 -85 -90 -90 -91 -81 -81 -81 -85 -85 -85 -85 -84 -84 -85 -82 -82 -82 -86 -86 -92 -92 -92 -92 -82 -82 -82 -82 -90 -90 -82 -82 -82 -85 -88 -88 -92 -92 -90 -90 -94 -94 -94 -94 -82 -82 -93 -93 -91 -83 -90 -81 -80 -80 -87 -87 -92 -81 -79 -79 -78 -78 -78 -78 -79 -79 -78 -78 -78 -78 -79 -79 -81 -75 -76 -76 -77 -77 -79 -79 -80 -80 -81 -81 -82 -82 -80 -82 -84 -84 -73 -73 -75 -75 -71 -71 -75 -75 -75 -75 -83 -79 -100 -100 -82 -82 -88 -88 -87 -87 -92 -92 -81 -81 -89 -89 -83 -83 -87 -87 -83 -83 -85 -85 -88 -88 -79 -79 -75 -75 -75 -75 -75 -79 -79 -79 -82 -82 -81 -81 -83 -83 -83 -83 -93 -93 -85 -85 -84 -84 -84 -84 -84 -84 -84 -84 -84 -84 -84 -84 -84 -84 -80 -80 -85 -83 -84 -84 -88 -88 -86 -86 -87 -87 -85 -84 -84 -84 -84 -84 -88 -88 -88 -88 -89 -89 -85 -85 -85 -85 -85 -85 -85 -81 -78 -78 -78 -78 -78 -78 -78 -78 -85 -81 -81 -81 -81 -81 -81 -81 -81 -81 -81 -81 -81 -81 -81 -81 -81 -81 -80 -80 -82 -82 -82 -82 -82 
CQI
2147483647 2147483647 2147483647 2147483647 2147483647 2147483647 2147483647 2147483647 2147483647 2147483647 2147483647 2147483647 2147483647 2147483647 2147483647 2147483647 2147483647 2147483647 2147483647 2147483647 2147483647 2147483647 2147483647 2147483647 2147483647 2147483647 2147483647 2147483647 2147483647 2147483647 2147483647 2147483647 2147483647 2147483647 2147483647 2147483647 2147483647 2147483647 2147483647 2147483647 2147483647 2147483647 2147483647 2147483647 2147483647 2147483647 2147483647 2147483647 2147483647 2147483647 2147483647 2147483647 2147483647 2147483647 2147483647 2147483647 2147483647 2147483647 2147483647 2147483647 2147483647 2147483647 2147483647 2147483647 2147483647 2147483647 2147483647 2147483647 2147483647 2147483647 2147483647 2147483647 2147483647 2147483647 2147483647 2147483647 2147483647 2147483647 2147483647 2147483647 2147483647 2147483647 2147483647 2147483647 2147483647 2147483647 2147483647 2147483647 2147483647 2147483647 2147483647 2147483647 2147483647 2147483647 2147483647 2147483647 2147483647 2147483647 2147483647 2147483647 2147483647 2147483647 2147483647 2147483647 2147483647 2147483647 2147483647 2147483647 2147483647 2147483647 2147483647 2147483647 2147483647 2147483647 2147483647 2147483647 2147483647 2147483647 2147483647 2147483647 2147483647 2147483647 2147483647 2147483647 2147483647 2147483647 2147483647 2147483647 2147483647 2147483647 2147483647 2147483647 2147483647 2147483647 2147483647 2147483647 2147483647 2147483647 2147483647 2147483647 2147483647 2147483647 2147483647 2147483647 2147483647 2147483647 2147483647 2147483647 2147483647 2147483647 2147483647 2147483647 2147483647 2147483647 2147483647 2147483647 2147483647 2147483647 2147483647 2147483647 2147483647 2147483647 2147483647 2147483647 2147483647 2147483647 2147483647 2147483647 2147483647 2147483647 2147483647 2147483647 2147483647 2147483647 2147483647 2147483647 2147483647 2147483647 2147483647 2147483647 2147483647 2147483647 2147483647 2147483647 2147483647 2147483647 2147483647 2147483647 2147483647 2147483647 2147483647 2147483647 2147483647 2147483647 2147483647 2147483647 2147483647 2147483647 2147483647 2147483647 2147483647 2147483647 2147483647 2147483647 2147483647 2147483647 2147483647 2147483647 2147483647 2147483647 2147483647 2147483647 2147483647 2147483647 2147483647 2147483647 2147483647 2147483647 2147483647 2147483647 2147483647 2147483647 2147483647 2147483647 2147483647 2147483647 2147483647 2147483647 2147483647 2147483647 2147483647 2147483647 2147483647 2147483647 2147483647 2147483647 2147483647 2147483647 2147483647 2147483647 2147483647 2147483647 2147483647 2147483647 2147483647 2147483647 2147483647 2147483647 2147483647 2147483647 2147483647 2147483647 2147483647 2147483647 2147483647 2147483647 2147483647 2147483647 2147483647 2147483647 2147483647 2147483647 2147483647 2147483647 2147483647 2147483647 2147483647 2147483647 2147483647 2147483647 2147483647 2147483647 2147483647 2147483647 2147483647 2147483647 2147483647 2147483647 2147483647 2147483647 2147483647 2147483647 2147483647 2147483647 2147483647 2147483647 2147483647 2147483647 2147483647 2147483647 2147483647 2147483647 2147483647 2147483647 2147483647 2147483647 2147483647 2147483647 2147483647 2147483647 2147483647 2147483647 2147483647 2147483647 2147483647 2147483647 2147483647 2147483647 2147483647 2147483647 2147483647 2147483647 2147483647 2147483647 2147483647 2147483647 2147483647 2147483647 2147483647 2147483647 2147483647 2147483647 2147483647 2147483647 2147483647 2147483647 2147483647 2147483647 2147483647 2147483647 2147483647 2147483647 2147483647 2147483647 2147483647 
Altitude
-117.7027359008789 -117.16899108886719 -116.18606567382812 -115.49378967285156 -114.67996978759766 -114.04054260253906 -113.47509765625 -112.75111389160156 -111.96900177001953 -111.36127471923828 -110.53160095214844 -109.7494888305664 -108.9356689453125 -107.83647918701172 -106.09786987304688 -104.31169128417969 -101.90721893310547 -99.94136810302734 -97.79584503173828 -95.82998657226562 -93.84828186035156 -91.75032043457031 -89.6840591430664 -87.55438995361328 -85.6413803100586 -83.40602111816406 -81.2974853515625 -79.25236511230469 -77.4080581665039 -75.53204345703125 -73.37594604492188 -71.2885513305664 -69.4072494506836 -67.08733367919922 -65.17961120605469 -63.0499382019043 -61.18977737426758 -59.09181213378906 -57.10482406616211 -55.16011047363281 -53.151981353759766 -50.83734893798828 -49.06174087524414 -46.93206787109375 -44.95036315917969 -42.66743850708008 -40.91825485229492 -38.688175201416016 -36.83329772949219 -35.501590728759766 -34.22273254394531 -33.371917724609375 -32.51582336425781 -31.818262100219727 -31.326799392700195 -30.808914184570312 -30.507694244384766 -30.037368774414062 -29.80484962463379 -29.56175994873047 -29.281679153442383 -28.98046112060547 -28.73737144470215 -28.7637939453125 -28.705663681030273 -28.47842788696289 -28.525989532470703 -28.991029739379883 -30.771921157836914 -32.436553955078125 -34.18574142456055 -35.41703796386719 -37.493865966796875 -38.60362243652344 -39.819068908691406 -41.335731506347656 -43.06378173828125 -44.612152099609375 -46.028411865234375 -47.2332878112793 -48.89792251586914 -50.604827880859375 -51.76742935180664 -52.96702194213867 -54.74263000488281 -55.67271041870117 -56.491817474365234 -57.16823959350586 -57.268646240234375 -58.066612243652344 -57.88693618774414 -58.87514877319336 -58.711326599121094 -59.25563430786133 -59.852787017822266 -59.340187072753906 -59.049537658691406 -58.58978271484375 -58.67961883544922 -58.721893310546875 -58.87514877319336 -58.92799377441406 -59.12351989746094 -59.340187072753906 -59.25563430786133 -59.32433319091797 -59.31376647949219 -59.551570892333984 -59.46173095703125 -59.53571701049805 -59.334903717041016 -59.2344970703125 -58.88043212890625 -58.33083724975586 -57.01498794555664 -55.561737060546875 -53.6434440612793 -52.734500885009766 -52.34344482421875 -51.41336441040039 -49.4105224609375 -47.471092224121094 -45.36255645751953 -43.43898391723633 -41.5312614440918 -40.130855560302734 -38.978824615478516 -37.87435531616211 -37.03411102294922 -36.16744613647461 -35.45403289794922 -34.624359130859375 -33.82110595703125 -33.73126983642578 -33.51460266113281 -33.012569427490234 -32.76948165893555 -32.790618896484375 -32.7589111328125 -32.373138427734375 -32.235740661621094 -31.886960983276367 -31.28980827331543 -31.231678009033203 -31.131271362304688 -29.857694625854492 -29.72029685974121 -29.7625732421875 -29.683305740356445 -29.773141860961914 -29.56175994873047 -29.62517547607422 -29.567045211791992 -29.482492446899414 -29.456069946289062 -29.482492446899414 -29.778427124023438 -29.82598876953125 -29.614604949951172 -29.905256271362305 -30.354442596435547 -31.997936248779297 -34.03248596191406 -34.88330078125 -35.987770080566406 -37.86906814575195 -39.618255615234375 -40.981666564941406 -41.99101638793945 -43.01093292236328 -44.57516098022461 -45.954429626464844 -47.20686721801758 -49.220279693603516 -50.61539840698242 -52.05807876586914 -53.81254959106445 -54.71092224121094 -55.4771842956543 -56.428401947021484 -57.54872512817383 -58.272708892822266 -58.10360336303711 -58.79059600830078 -59.1816520690918 -59.556854248046875 -59.73124313354492 -61.8133544921875 -61.54384231567383 -61.85034942626953 -60.89384460449219 -60.40766525268555 -60.31254577636719 -60.402381896972656 -60.30197525024414 -60.22799301147461 -60.31254577636719 -60.2332763671875 -60.7036018371582 -60.74587631225586 -60.481651306152344 -60.74059295654297 -60.328399658203125 -60.05888748168945 -59.28205871582031 -59.57270812988281 -59.01782989501953 -57.939781188964844 -55.70970153808594 -53.8231201171875 -53.10441970825195 -52.26417922973633 -50.61011505126953 -48.87678146362305 -46.87922286987305 -44.411338806152344 -42.350364685058594 -40.85483932495117 -39.47557067871094 -38.6987419128418 -37.72638702392578 -36.80158996582031 -35.90321731567383 -34.788177490234375 -34.12760925292969 -33.60972595214844 -33.35078048706055 -32.80118942260742 -32.27273178100586 -32.16704177856445 -32.056068420410156 -31.93452262878418 -31.82354736328125 -32.38370895385742 -32.278018951416016 -31.469482421875 -30.62395477294922 -30.528833389282227 -30.58167839050293 -30.71907615661621 -30.946311950683594 -30.91460418701172 -30.888181686401367 -30.703222274780273 -30.682085037231445 -30.396718978881836 -29.93696403503418 -29.704442977905273 -29.773141860961914 -29.58818244934082 -29.73615074157715 -29.58289909362793 -29.20769500732422 -29.133712768554688 -29.086151123046875 -29.662166595458984 -30.264604568481445 -31.881677627563477 -33.40362548828125 -34.856876373291016 -36.5373649597168 -37.83207702636719 -39.491424560546875 -40.53776550292969 -42.350364685058594 -43.9463005065918 -45.27272033691406 -47.027191162109375 -48.35361099243164 -49.45808410644531 -51.4609260559082 -53.10441970825195 -54.568241119384766 -56.47067642211914 -57.46417236328125 -58.67433547973633 -60.31254577636719 -61.79750061035156 -63.187339782714844 -64.32351684570312 -65.90888214111328 -68.1653823852539 -69.86172485351562 -71.4735107421875 -72.93733215332031 -73.48163604736328 -75.96009063720703 -76.70520782470703 -79.4056167602539 -80.73204040527344 -81.38203430175781 -82.63447570800781 -84.16170501708984 -85.583251953125 -87.24259948730469 -88.743408203125 -91.3539810180664 -92.65397644042969 -93.55235290527344 -94.64624786376953 -96.87632751464844 -97.28852844238281 -99.27023315429688 -100.68649291992188 -102.3405532836914 -103.81494140625 -105.6856689453125 -107.48770141601562 -108.88810729980469 -110.27265930175781 -111.4563980102539 -112.96249389648438 -112.86737060546875 -113.78160095214844 -114.07225036621094 -114.17265319824219 -114.19908142089844 -114.43159484863281 -114.5795669555664 -114.73809814453125 -115.00761413574219 -115.25070190429688 -115.44622802734375 -115.84257507324219 -115.96939849853516 -116.06452178955078 -116.19664001464844 -116.54013061523438 -116.80435943603516 -117.16371154785156 -117.45964050292969 -117.43321990966797 -117.62874603271484 -118.20476531982422 -118.76493072509766 