LTE(1) or 5G(2)
2 2 2 2 2 2 2 2 2 2 2 2 2 2 2 2 2 2 2 2 2 2 2 2 2 2 2 2 2 2 2 2 2 2 2 2 2 2 2 2 2 2 2 2 2 2 2 2 2 2 2 1 1 1 2 2 2 2 2 1 1 1 2 2 2 2 2 2 2 2 2 2 2 2 2 2 2 2 2 2 2 2 2 2 2 2 2 2 2 2 2 2 2 2 2 2 2 2 2 2 2 2 2 2 2 2 2 1 1 2 2 2 2 2 2 2 2 2 2 2 2 2 2 2 1 1 1 1 2 2 2 2 2 2 1 1 1 2 2 2 2 1 1 2 2 2 2 2 2 2 2 2 2 2 2 2 2 2 2 2 2 2 2 2 2 2 2 2 2 2 2 2 2 2 2 2 2 2 2 2 2 2 2 2 2 2 2 2 2 2 2 2 2 2 2 2 2 2 2 2 2 2 2 2 2 2 2 2 2 2 2 2 2 2 2 2 2 2 2 2 2 2 2 2 2 2 2 2 2 2 2 2 2 2 2 2 2 2 2 2 2 2 2 2 2 2 2 2 2 2 2 2 2 2 2 2 2 2 1 1 2 2 2 2 2 2 2 2 2 2 2 2 2 2 2 2 2 2 2 2 2 2 2 2 2 2 2 2 2 2 2 2 2 2 2 2 2 2 2 2 2 2 2 2 2 2 2 2 2 2 2 2 2 2 2 2 2 
SNR of LTE
12 11 11 11 11 11 11 11 11 11 9 9 9 9 9 9 9 9 9 8 8 8 8 8 8 8 8 8 8 8 8 8 4 4 4 4 4 2 2 2 2 2 1 1 0 0 0 0 0 -1 -1 -1 -1 -1 -1 -1 -1 -1 -1 -1 -1 -1 -2 -2 -2 -2 -2 -2 -3 -3 -3 -3 -3 -3 -3 -3 -3 -3 -3 -3 -3 -3 -3 -3 -4 -4 -3 -3 -3 -3 -3 -3 -2 -2 -2 -2 -2 -2 -2 -2 -2 -2 -2 -2 -2 -2 -2 -2 -2 -2 -2 -2 -2 -2 -2 -2 -2 -2 -2 -2 -2 -2 -2 -2 -2 -2 -2 -2 -1 -1 -1 -1 -1 -1 -1 -1 -1 -1 -1 -1 0 0 0 0 0 1 1 1 2 2 2 2 2 3 3 3 3 3 3 3 3 4 4 4 4 4 4 4 4 3 3 2 2 2 2 0 0 0 0 0 0 0 0 -2 -2 -3 -3 -3 -3 -3 -3 -3 -3 -4 -4 -4 -4 -4 -4 -4 -4 -4 -4 -5 -5 -5 -5 -5 -5 -5 -5 -5 -5 -5 -5 -5 -5 -5 -5 -5 -5 -4 -4 -3 -2 -2 -2 -2 -2 -2 -2 -2 -2 0 0 0 0 0 0 0 0 0 0 0 0 0 0 0 0 0 0 0 0 0 0 0 0 0 0 0 0 0 0 0 0 0 0 -1 -1 -1 -1 -1 -1 -1 -2 -2 -2 -2 -2 -2 -2 -2 -2 -2 -2 -2 -2 -2 -2 -2 -2 0 0 0 0 0 0 0 1 1 3 3 3 3 3 4 4 4 4 4 4 4 5 5 5 5 5 
SNR of 5G
8 8 8 8 8 8 8 8 8 8 5 5 5 5 2 2 2 2 2 2 3 3 4 4 4 4 4 4 4 4 4 4 4 4 2 2 2 2 2 2 0 0 -1 -1 -1 -1 0 0 -1 -1 -2 0 0 0 3 3 3 3 0 0 0 0 -2 -2 0 0 2 2 -2 -2 5 5 2 2 2 2 4 4 4 4 4 4 4 4 2 1 1 1 1 1 0 0 -2 -2 -2 -2 -2 -2 -1 -1 -3 -3 -4 -4 -6 -6 -5 0 0 2 2 3 3 0 0 -2 -2 -1 -2 5 5 1 1 -2 0 0 0 0 -3 -3 -3 -3 -3 -3 0 0 0 -3 -3 -3 -3 0 0 0 0 -2 -2 -2 -3 -1 -1 -1 -1 -2 -2 -2 -2 -1 -1 -1 -1 0 0 -1 -5 0 0 -2 -2 0 0 -2 -2 -2 -2 -1 -1 -2 -2 -1 -1 -1 -1 -2 -2 -1 -1 0 0 2 2 3 3 4 4 4 4 4 4 4 4 4 4 2 2 0 0 -1 -1 -1 -1 -1 -1 -1 -1 -1 -1 2 2 2 2 1 1 1 1 2 2 3 3 3 3 3 3 2 2 2 2 3 3 3 3 3 3 3 3 3 3 3 3 3 3 3 3 2 2 2 2 1 0 0 3 3 3 3 4 4 4 2 -1 -1 -1 -2 2 2 0 0 -1 -1 -1 -1 0 0 -2 -2 5 5 5 5 5 5 5 4 4 4 2 2 2 2 2 2 1 1 3 3 4 4 4 4 4 4 4 4 10 10 10 10 5 
RSSI
-51 -51 -51 -51 -51 -51 -51 -51 -51 -51 -51 -51 -51 -51 -51 -51 -51 -51 -51 -51 -51 -51 -51 -51 -51 -51 -51 -51 -51 -51 -51 -51 -51 -51 -51 -51 -51 -51 -51 -51 -51 -51 -51 -51 -51 -51 -51 -51 -51 -51 -51 -51 -51 -51 -51 -51 -51 -51 -51 -51 -51 -51 -51 -51 -51 -51 -51 -51 -51 -51 -51 -51 -51 -51 -51 -51 -51 -51 -51 -51 -51 -51 -51 -51 -51 -51 -51 -51 -51 -51 -51 -51 -51 -51 -51 -51 -51 -51 -51 -51 -51 -51 -51 -51 -51 -51 -51 -51 -51 -51 -51 -51 -51 -51 -51 -51 -51 -51 -51 -51 -51 -51 -51 -51 -51 -51 -51 -51 -51 -51 -51 -51 -51 -51 -51 -51 -51 -51 -51 -51 -51 -51 -51 -51 -51 -51 -51 -51 -51 -51 -51 -51 -51 -51 -51 -51 -51 -51 -51 -51 -51 -51 -51 -51 -51 -51 -51 -51 -51 -51 -51 -51 -51 -51 -51 -51 -51 -51 -51 -51 -51 -51 -51 -51 -51 -51 -51 -51 -51 -51 -51 -51 -51 -51 -51 -51 -51 -51 -51 -51 -51 -51 -51 -51 -51 -51 -51 -51 -51 -51 -51 -51 -51 -51 -51 -51 -51 -51 -51 -51 -51 -51 -51 -51 -51 -51 -51 -51 -51 -51 -51 -51 -51 -51 -51 -51 -51 -51 -51 -51 -51 -51 -51 -51 -51 -51 -51 -51 -51 -51 -51 -51 -51 -51 -51 -51 -51 -51 -51 -51 -51 -51 -51 -51 -51 -51 -51 -51 -51 -51 -51 -51 -51 -51 -51 -51 -51 -51 -51 -51 -51 -51 -51 -51 -51 -51 -51 -51 -51 -51 -51 -51 -51 -51 -51 -51 -51 -51 -51 -51 -51 -51 -51 -51 -51 -51 -51 -51 -51 -51 -51 -51 -51 -51 -51 -51 -51 
RSRP
-68 -68 -68 -68 -68 -68 -68 -68 -68 -68 -68 -68 -68 -68 -67 -67 -67 -67 -67 -67 -67 -67 -67 -67 -67 -67 -67 -67 -67 -67 -67 -67 -68 -68 -68 -68 -68 -71 -71 -71 -71 -71 -72 -72 -73 -73 -74 -74 -74 -75 -75 -76 -76 -76 -76 -76 -77 -77 -77 -77 -77 -77 -77 -77 -77 -77 -77 -77 -78 -78 -78 -78 -78 -78 -78 -78 -78 -78 -78 -78 -78 -78 -78 -78 -79 -79 -79 -79 -79 -79 -79 -79 -79 -79 -79 -79 -79 -79 -79 -79 -78 -78 -78 -78 -77 -77 -77 -77 -77 -76 -76 -76 -76 -76 -76 -76 -76 -76 -76 -76 -76 -76 -76 -76 -76 -76 -76 -76 -76 -76 -76 -76 -76 -76 -76 -76 -76 -76 -76 -76 -76 -76 -76 -76 -76 -75 -75 -75 -74 -74 -74 -74 -74 -73 -73 -73 -73 -73 -73 -73 -73 -73 -73 -72 -72 -72 -72 -72 -72 -72 -72 -73 -73 -73 -73 -75 -75 -75 -75 -75 -75 -75 -75 -76 -76 -76 -76 -77 -77 -78 -78 -78 -78 -79 -79 -79 -79 -79 -79 -79 -79 -79 -79 -79 -79 -79 -79 -79 -79 -79 -79 -80 -80 -80 -80 -79 -79 -78 -78 -78 -78 -77 -77 -75 -74 -74 -74 -74 -74 -74 -74 -74 -74 -73 -73 -73 -73 -73 -73 -73 -73 -73 -73 -73 -73 -73 -73 -73 -73 -73 -73 -73 -73 -74 -74 -74 -74 -74 -74 -74 -74 -74 -74 -74 -75 -75 -75 -75 -75 -75 -76 -76 -76 -76 -77 -77 -77 -77 -77 -77 -77 -77 -77 -77 -77 -77 -77 -77 -77 -77 -77 -73 -73 -73 -72 -72 -72 -72 -71 -71 -69 -69 -69 -69 -69 -68 -68 -68 -68 -68 -68 -68 -68 -68 -68 -68 -68 
CID
13678086 13678086 13678086 13678086 13678086 13678086 13678086 13678086 13678086 13678086 13678086 13678086 13678086 13678086 13678086 13678086 13678086 13678086 13678086 13678086 13678086 13678086 13678086 13678086 13678086 13678086 13678086 13678086 13678086 13678086 13678086 13678086 13678086 13678086 13678086 13678086 13678086 13678086 13678086 13769742 13769742 13769742 13769742 13769742 13769742 13769742 13769742 13769742 13769742 13769742 13769742 13769742 13769742 13769742 13769742 13769742 13769742 13769742 13769742 13769742 13792261 13792261 13792261 13792261 13792261 13792261 13678086 13678086 13678086 13769742 13769742 13769742 13769742 13769742 13769742 13769742 13769742 13769742 13769742 13769742 13769742 13769742 13769742 13769742 13769742 13769742 13769742 13769742 13769742 13769742 13769742 13769742 13769742 13769742 13769742 13769742 13769742 13769742 13678088 13678088 13678088 13678088 13678088 13678088 13678088 13678088 13678088 13678088 13678088 13678088 13678088 13678088 13678088 13678088 13678088 13678088 13678088 13678088 13678088 13678088 13678088 13678088 13678088 13678088 13678088 13792526 13792526 13792526 13792526 13792526 13792526 13792526 13792526 13792526 13792526 13792526 13792526 13792526 13792526 13792526 13792526 13792526 13792526 13792526 13792526 13792526 13792526 13792526 13792526 13792526 13792526 13792526 13792526 13792526 13792526 13792526 13792526 13792526 13792526 13792526 13792526 13792526 13792526 13792526 13792526 13678086 13678086 13678086 13678086 13678086 13678086 13678086 13678086 13678086 13678086 13678086 13678086 13678086 13678086 13678086 13678086 13678086 13678086 13678086 13678086 13678086 13678086 13678086 13678086 13678086 13678086 13678086 13678086 13678086 13792260 13792260 13792260 13792260 13792260 13792260 13792260 13792260 13792260 13678086 13678086 13678086 13678086 13678086 13678086 13678086 13678086 13678086 13678086 13678086 13678086 13678086 13678086 13678086 13678086 13678086 13678086 13678086 13678086 13678086 13678086 13678086 13678086 13678086 13678086 13678086 13678086 13678086 13678086 13678086 13678086 13678086 13678086 13678086 13678086 13678086 13678086 13678086 13678086 13678086 13678086 13678086 13678086 13678086 13678086 13678086 13678086 13678086 13678086 13678086 13678086 13678086 13678086 13678086 13678086 13678086 13769742 13769742 13769742 13769742 13769742 13769742 13769742 13769742 13769742 13769742 13769742 13769742 13769742 13769742 13769742 13769742 13769742 13769742 13769742 13769742 13769742 13769742 13769742 13769742 13678086 13678086 13678086 13678086 13678086 13678086 13678086 13678086 13678086 13678086 13678086 13678086 13678086 13678086 13678086 13678086 13678086 13678086 13678086 13678086 13678086 13678086 13678086 13678086 13678086 13678086 13678086 13678086 13678086 13678086 13678086 13678086 13678086 
RSRP of 5G
-80 -80 -80 -80 -80 -80 -80 -80 -80 -80 -82 -82 -82 -82 -82 -82 -82 -82 -80 -80 -89 -89 -82 -82 -82 -82 -82 -82 -82 -82 -82 -82 -84 -84 -86 -86 -88 -88 -81 -81 -83 -83 -92 -92 -88 -88 -96 -96 -113 -113 -85 -85 -85 -85 -82 -82 -102 -85 -99 -99 -99 -99 -84 -84 -84 -84 -81 -81 -85 -85 -85 -85 -94 -94 -86 -86 -82 -82 -82 -82 -82 -82 -82 -82 -89 -76 -76 -76 -80 -80 -82 -82 -83 -83 -85 -85 -85 -85 -83 -83 -91 -80 -103 -103 -98 -98 -105 -105 -105 -82 -82 -83 -83 -87 -87 -98 -98 -91 -81 -84 -84 -95 -95 -135 -135 -135 -135 -135 -109 -109 -94 -94 -96 -96 -96 -96 -96 -93 -93 -93 -96 -96 -96 -87 -87 -84 -84 -107 -85 -86 -86 -88 -88 -92 -92 -97 -97 -87 -87 -87 -87 -85 -85 -87 -85 -87 -87 -82 -82 -80 -80 -82 -82 -82 -82 -87 -87 -81 -81 -81 -81 -81 -81 -81 -81 -80 -80 -79 -79 -77 -77 -79 -79 -78 -78 -78 -78 -78 -77 -77 -77 -77 -77 -77 -77 -82 -82 -81 -81 -97 -82 -81 -81 -81 -81 -88 -83 -84 -84 -84 -84 -81 -81 -81 -84 -83 -83 -86 -86 -86 -86 -86 -86 -86 -86 -85 -85 -76 -76 -76 -76 -76 -76 -76 -76 -76 -76 -76 -76 -76 -76 -76 -76 -81 -81 -79 -79 -90 -90 -90 -86 -86 -86 -86 -83 -83 -83 -80 -85 -85 -96 -83 -84 -84 -81 -81 -80 -80 -81 -81 -82 -82 -82 -82 -79 -79 -83 -83 -83 -83 -83 -85 -85 -85 -85 -85 -85 -85 -80 -80 -86 -86 -82 -82 -80 -80 -80 -80 -80 -80 -80 -80 -74 -74 -78 -78 -84 
CQI
2147483647 2147483647 2147483647 2147483647 2147483647 2147483647 2147483647 2147483647 2147483647 2147483647 2147483647 2147483647 2147483647 2147483647 2147483647 2147483647 2147483647 2147483647 2147483647 2147483647 2147483647 2147483647 2147483647 2147483647 2147483647 2147483647 2147483647 2147483647 2147483647 2147483647 2147483647 2147483647 2147483647 2147483647 2147483647 2147483647 2147483647 2147483647 2147483647 2147483647 2147483647 2147483647 2147483647 2147483647 2147483647 2147483647 2147483647 2147483647 2147483647 2147483647 2147483647 2147483647 2147483647 2147483647 2147483647 2147483647 2147483647 2147483647 2147483647 2147483647 2147483647 2147483647 2147483647 2147483647 2147483647 2147483647 2147483647 2147483647 2147483647 2147483647 2147483647 2147483647 2147483647 2147483647 2147483647 2147483647 2147483647 2147483647 2147483647 2147483647 2147483647 2147483647 2147483647 2147483647 2147483647 2147483647 2147483647 2147483647 2147483647 2147483647 2147483647 2147483647 2147483647 2147483647 2147483647 2147483647 2147483647 2147483647 2147483647 2147483647 2147483647 2147483647 2147483647 2147483647 2147483647 2147483647 2147483647 2147483647 2147483647 2147483647 2147483647 2147483647 2147483647 2147483647 2147483647 2147483647 2147483647 2147483647 2147483647 2147483647 2147483647 2147483647 2147483647 2147483647 2147483647 2147483647 2147483647 2147483647 2147483647 2147483647 2147483647 2147483647 2147483647 2147483647 2147483647 2147483647 2147483647 2147483647 2147483647 2147483647 2147483647 2147483647 2147483647 2147483647 2147483647 2147483647 2147483647 2147483647 2147483647 2147483647 2147483647 2147483647 2147483647 2147483647 2147483647 2147483647 2147483647 2147483647 2147483647 2147483647 2147483647 2147483647 2147483647 2147483647 2147483647 2147483647 2147483647 2147483647 2147483647 2147483647 2147483647 2147483647 2147483647 2147483647 2147483647 2147483647 2147483647 2147483647 2147483647 2147483647 2147483647 2147483647 2147483647 2147483647 2147483647 2147483647 2147483647 2147483647 2147483647 2147483647 2147483647 2147483647 2147483647 2147483647 2147483647 2147483647 2147483647 2147483647 2147483647 2147483647 2147483647 2147483647 2147483647 2147483647 2147483647 2147483647 2147483647 2147483647 2147483647 2147483647 2147483647 2147483647 2147483647 2147483647 2147483647 2147483647 2147483647 2147483647 2147483647 2147483647 2147483647 2147483647 2147483647 2147483647 2147483647 2147483647 2147483647 2147483647 2147483647 2147483647 2147483647 2147483647 2147483647 2147483647 2147483647 2147483647 2147483647 2147483647 2147483647 2147483647 2147483647 2147483647 2147483647 2147483647 2147483647 2147483647 2147483647 2147483647 2147483647 2147483647 2147483647 2147483647 2147483647 2147483647 2147483647 2147483647 2147483647 2147483647 2147483647 2147483647 2147483647 2147483647 2147483647 2147483647 2147483647 2147483647 2147483647 2147483647 2147483647 2147483647 2147483647 2147483647 2147483647 2147483647 2147483647 2147483647 2147483647 2147483647 2147483647 2147483647 2147483647 2147483647 2147483647 2147483647 2147483647 2147483647 2147483647 2147483647 2147483647 2147483647 2147483647 2147483647 2147483647 2147483647 2147483647 2147483647 2147483647 2147483647 2147483647 2147483647 2147483647 2147483647 2147483647 2147483647 2147483647 2147483647 2147483647 2147483647 2147483647 2147483647 2147483647 2147483647 2147483647 2147483647 2147483647 2147483647 2147483647 
Altitude
-63.85847473144531 -63.29831314086914 -62.357666015625 -60.18571472167969 -57.83937454223633 -55.90523147583008 -54.10319900512695 -52.20604705810547 -49.8280029296875 -47.72475051879883 -45.92800521850586 -44.06784439086914 -41.95402526855469 -39.908905029296875 -37.99589920043945 -36.19386672973633 -33.87395095825195 -31.812976837158203 -29.62517547607422 -27.712169647216797 -25.651195526123047 -23.79631805419922 -21.693069458007812 -19.72193145751953 -17.460145950317383 -15.652830123901367 -13.623563766479492 -11.721126556396484 -9.654869079589844 -7.905683517456055 -5.696742534637451 -3.339834213256836 -1.548372507095337 0.6262189149856567 2.584143877029419 4.563207149505615 6.217270374298096 7.4247894287109375 8.656089782714844 9.863608360290527 10.78840446472168 11.721126556396484 12.505882263183594 13.050190925598145 13.663198471069336 14.107100486755371 14.379254341125488 14.514010429382324 14.624985694885254 14.8363676071167 14.976408004760742 15.232708930969238 15.549781799316406 15.684537887573242 16.006895065307617 16.02010726928711 16.014822006225586 16.284334182739258 16.279048919677734 16.28961944580078 16.252626419067383 16.194496154785156 16.244699478149414 16.358318328857422 16.424373626708984 16.55384635925293 16.86563491821289 16.90791130065918 16.794292449951172 16.48250389099121 16.791650772094727 17.70587730407715 19.71664810180664 21.84632110595703 22.800182342529297 23.632497787475586 25.360544204711914 27.255054473876953 29.279037475585938 31.29509162902832 33.1763916015625 34.991634368896484 36.52415084838867 37.95626449584961 39.206058502197266 40.09122085571289 40.88654708862305 41.610530853271484 42.025367736816406 42.69386291503906 42.960731506347656 43.03471374511719 43.240814208984375 43.98593521118164 44.02028274536133 44.08369827270508 44.59101486206055 44.40605545043945 44.12861633300781 44.64385986328125 45.624141693115234 45.32292556762695 45.28064727783203 45.12739562988281 45.8619499206543 45.521095275878906 45.03227233886719 45.2066650390625 45.63471221923828 46.168453216552734 46.599143981933594 46.599143981933594 46.4670295715332 46.591217041015625 46.20280075073242 46.06275939941406 45.312355041503906 44.01763916015625 42.78898239135742 42.120487213134766 40.624961853027344 38.80707550048828 37.38817596435547 35.863582611083984 34.838382720947266 33.18167495727539 31.28716468811035 29.90789794921875 28.515419006347656 27.165218353271484 25.56664276123047 24.24814796447754 22.67070960998535 22.092052459716797 21.259735107421875 20.53575325012207 19.96502113342285 19.246322631835938 18.992664337158203 18.62803077697754 18.27396583557129 18.083723068237305 17.69795036315918 17.148357391357422 16.162790298461914 16.26055335998535 16.93433380126953 16.94754409790039 16.92112159729004 16.88677215576172 16.551204681396484 16.527423858642578 16.6146183013916 16.617259979248047 16.627830505371094 16.286975860595703 16.236772537231445 16.305471420288086 16.109943389892578 16.104660034179688 16.326610565185547 17.246122360229492 17.58697509765625 18.036161422729492 19.0296573638916 21.574167251586914 23.312782287597656 24.049976348876953 25.151805877685547 26.92477035522461 28.906476974487305 30.777206420898438 32.63472366333008 34.4658203125 36.32333755493164 37.58106231689453 38.86256408691406 39.922115325927734 41.042442321777344 41.761138916015625 42.30809020996094 42.85504150390625 43.404632568359375 44.00707244873047 44.35849380493164 44.66499710083008 44.9450798034668 45.169673919677734 45.251583099365234 45.2066650390625 44.667640686035156 45.30178451538086 45.90422439575195 46.173736572265625 46.51723098754883 46.77353286743164 46.704833984375 46.799957275390625 46.82902145385742 46.9664192199707 47.0483283996582 47.12495422363281 47.159305572509766 47.28877639770508 47.243858337402344 47.4129638671875 47.027191162109375 46.678409576416016 46.533084869384766 46.69162368774414 45.33613586425781 42.63044738769531 41.09264373779297 39.758296966552734 38.910125732421875 36.904640197753906 35.68919372558594 34.59793472290039 32.41277313232422 31.369075775146484 30.222328186035156 28.372737884521484 27.165218353271484 25.717252731323242 24.28249740600586 22.874164581298828 21.933515548706055 21.288801193237305 20.448556900024414 19.72193145751953 19.04286766052246 18.480064392089844 18.165632247924805 17.99652671813965 17.980674743652344 17.5235595703125 16.857707977294922 16.773155212402344 17.333316802978516 17.135147094726562 17.626609802246094 17.90669059753418 17.547340393066406 17.380878448486328 17.346529006958008 17.37030792236328 17.30160903930664 17.30425262451172 17.359739303588867 17.328031539916992 17.283113479614258 17.5235595703125 17.362380981445312 17.33595848083496 16.971324920654297 17.03209686279297 17.298967361450195 17.423154830932617 17.22762680053711 16.99774742126465 16.781082153320312 15.721529960632324 15.179863929748535 13.990839958190918 12.521736145019531 10.981290817260742 9.512186050415039 8.177837371826172 6.571335315704346 5.1101579666137695 3.5010128021240234 2.0504045486450195 0.3461378812789917 -1.1361777782440186 -2.499591112136841 -3.905280828475952 -5.453653335571289 -6.991456985473633 -8.592674255371094 -10.336575508117676 -11.234949111938477 -13.036979675292969 -13.655271530151367 -13.607710838317871 -17.687381744384766 -19.25160789489746 -21.2650203704834 -22.173961639404297 -23.90729522705078 -25.180870056152344 -26.83493423461914 -28.325176239013672 -30.22761344909668 -30.62395477294922 -32.90687942504883 -34.5926513671875 -34.428829193115234 -35.74468231201172 -38.26012420654297 -40.66459655761719 -42.059715270996094 -42.7625617980957 -44.458900451660156 -46.4141845703125 -47.249141693115234 -47.90970993041992 -49.38938522338867 -51.18613052368164 -52.38572311401367 -53.854827880859375 -55.33449935913086 -57.68612289428711 -59.3983154296875 -60.38124465942383 -61.903194427490234 -63.76335525512695 -64.91010284423828 