LTE(1) or 5G(2)
2 2 2 2 2 2 2 2 2 2 2 2 2 2 2 2 2 2 2 2 2 2 2 2 2 2 2 2 2 2 2 2 2 2 2 2 2 2 2 1 1 2 2 2 2 2 2 2 2 1 1 2 2 2 2 2 2 2 2 2 2 2 2 2 2 2 2 2 2 2 2 2 2 2 2 2 2 2 2 2 2 2 2 2 2 2 2 2 2 2 2 2 2 2 2 2 2 2 2 2 2 2 2 2 2 2 2 2 2 2 2 2 2 2 2 2 2 2 2 2 2 2 2 2 2 2 2 2 2 2 2 2 2 2 2 2 2 2 2 2 2 2 2 2 2 2 2 2 2 2 2 2 2 1 1 2 2 2 2 2 2 2 2 2 2 2 2 2 2 2 2 2 2 2 2 2 2 1 1 1 2 2 2 2 2 2 2 2 2 2 2 2 2 2 2 2 2 2 2 2 2 2 1 1 1 1 2 2 2 2 2 2 2 2 2 2 2 2 2 2 2 2 2 2 2 2 2 2 2 2 2 2 2 2 2 2 2 2 2 2 2 2 2 2 2 2 2 2 2 2 2 2 2 2 2 2 2 2 2 2 2 2 2 2 2 2 2 2 2 2 2 2 2 2 2 2 2 2 2 2 2 2 2 2 2 2 2 2 2 2 2 2 2 2 2 2 2 2 2 2 2 2 2 2 2 2 2 2 2 2 2 2 2 2 2 2 2 2 2 2 2 2 2 1 1 2 2 2 2 2 2 2 2 2 2 2 2 2 2 2 2 2 2 2 2 2 2 2 2 2 2 2 2 2 2 2 2 2 2 2 2 2 2 2 2 2 2 2 2 2 2 2 2 2 2 2 2 2 2 2 
SNR of LTE
2 2 2 2 2 2 2 0 0 0 0 0 0 0 0 -1 -1 -1 -1 -1 -1 -1 -1 -1 -1 -1 -1 -1 -1 -1 -1 -1 -1 -1 -1 -1 -1 -1 -1 -2 -2 -2 -2 -2 -2 -2 -2 -2 -2 -2 -2 -2 -2 -2 -2 -2 -2 -2 -2 -2 -2 -2 -2 -2 -2 -2 -1 -1 -1 -1 -1 -1 -1 -1 -2 -2 -2 -2 -2 -2 -2 -3 -3 -3 -3 -3 -3 -4 -4 -5 -5 -5 -5 -5 -6 -6 -6 -6 -6 -6 -6 -6 -6 -6 -6 -6 -6 -5 -5 -5 -5 -2 -2 -2 -2 -2 -2 0 0 0 0 0 0 3 3 3 3 3 3 4 4 4 4 4 4 4 4 3 3 3 3 3 3 3 3 2 2 2 2 2 2 1 1 0 0 0 0 0 0 -1 -1 -1 -1 -1 -1 -2 -2 -2 -2 -2 -2 -3 -3 -3 -3 -3 -3 -3 -3 -3 -3 -3 -3 -3 -3 -3 -2 -2 -2 -2 -3 -3 -3 -3 -3 -2 -1 -1 -1 -1 -1 -1 0 0 0 0 0 0 -1 -1 -1 -1 -1 -1 -1 -1 -1 0 0 0 0 0 0 0 0 0 0 0 0 0 0 0 0 0 0 0 0 0 0 0 0 0 0 0 0 0 0 0 0 -2 -2 -2 -2 -2 -3 -3 -4 -4 -4 -4 -4 -4 -4 -4 -4 -4 -4 -4 -4 -4 -4 -4 -4 -4 -4 -4 -4 -4 -4 -4 -4 -4 -4 -4 -4 -4 -4 -4 -4 -4 -5 -5 -4 -4 -4 -4 -4 -4 -4 -4 -4 -4 -3 -3 -3 -3 -3 -3 -4 -4 -4 -4 -4 -4 -4 -4 -4 -4 -4 -4 -4 -4 -4 -4 -4 -4 -4 -4 -4 -4 -4 -4 -4 -4 -3 -3 -3 -3 -3 -3 -3 -3 -3 -3 -3 -2 -2 -2 -2 -2 -2 -2 -2 -1 -1 -1 -1 -1 -1 -1 -1 -1 -1 0 0 0 0 0 0 0 1 1 1 1 1 1 1 1 1 1 
SNR of 5G
10 10 10 10 10 10 10 7 7 11 11 7 7 7 7 6 6 4 4 2 2 1 1 1 1 2 2 3 3 3 3 3 3 3 3 4 4 3 3 0 0 -1 -1 1 1 0 0 -3 -3 0 0 3 3 3 3 3 3 3 3 3 3 3 3 3 3 3 4 4 4 4 4 3 3 3 3 3 3 -1 -1 0 0 0 0 0 0 0 0 0 0 0 0 7 7 7 7 7 7 7 7 9 9 9 9 8 8 8 8 7 7 7 7 6 6 5 5 5 5 4 4 4 4 4 4 2 2 2 2 2 2 2 2 2 2 -1 -1 0 0 3 3 2 2 0 0 0 0 0 0 -1 -1 -1 -1 -2 -2 0 0 -2 -2 -2 -2 -1 -1 -1 -1 0 0 -1 -1 3 3 4 4 4 4 2 2 3 3 0 0 0 0 0 1 1 0 1 -2 -2 -3 -3 -3 -3 -1 -1 -3 -3 -4 -4 -4 -4 -4 -4 0 0 0 0 0 -1 3 3 3 3 3 3 3 3 3 3 1 1 0 0 1 1 0 0 0 0 0 0 0 0 0 0 0 0 -1 -1 0 0 -1 -1 -4 -6 0 -2 -2 -2 -7 -8 0 0 2 2 2 2 2 2 2 2 4 4 4 4 4 4 3 3 3 3 4 4 4 4 2 2 2 2 1 1 1 1 2 2 1 1 -5 -5 3 3 -2 -2 0 0 0 0 3 3 3 3 3 3 3 3 3 3 3 3 3 3 3 3 2 2 1 1 0 0 1 1 1 1 0 0 0 2 2 2 2 0 0 -1 -1 -3 -3 3 3 3 3 3 4 -2 -2 3 3 2 2 0 0 0 0 0 0 0 0 1 1 1 1 1 1 1 1 2 2 8 8 3 3 3 3 3 3 3 3 3 3 3 3 3 
RSSI
-51 -51 -51 -51 -51 -51 -51 -51 -51 -51 -51 -51 -51 -51 -51 -51 -51 -51 -51 -51 -51 -51 -51 -51 -51 -51 -51 -51 -51 -51 -51 -51 -51 -51 -51 -51 -51 -51 -51 -51 -53 -53 -53 -51 -51 -51 -51 -51 -51 -51 -51 -51 -51 -51 -51 -51 -51 -51 -51 -51 -51 -51 -51 -51 -51 -51 -51 -51 -51 -51 -51 -51 -51 -51 -51 -51 -51 -51 -51 -51 -51 -51 -51 -51 -51 -51 -51 -51 -51 -51 -51 -51 -51 -51 -51 -51 -51 -51 -51 -51 -51 -51 -51 -51 -51 -51 -51 -51 -51 -51 -51 -51 -51 -51 -51 -51 -51 -51 -51 -51 -51 -51 -51 -51 -51 -51 -51 -51 -51 -51 -51 -51 -51 -51 -51 -51 -51 -51 -51 -51 -51 -51 -51 -51 -51 -51 -51 -51 -51 -51 -51 -51 -51 -51 -51 -51 -51 -51 -51 -51 -51 -51 -51 -51 -51 -51 -51 -51 -51 -51 -51 -51 -51 -51 -51 -51 -51 -51 -51 -51 -51 -51 -51 -51 -51 -51 -51 -51 -51 -51 -51 -51 -51 -51 -51 -51 -51 -51 -51 -51 -51 -51 -51 -51 -51 -51 -51 -51 -51 -51 -51 -51 -51 -51 -51 -51 -51 -51 -51 -51 -51 -51 -51 -51 -51 -51 -51 -51 -51 -51 -51 -51 -51 -51 -51 -51 -51 -51 -51 -51 -51 -51 -51 -51 -51 -51 -51 -51 -51 -51 -51 -51 -51 -51 -51 -51 -51 -51 -51 -51 -51 -53 -53 -53 -53 -53 -51 -51 -51 -51 -51 -51 -51 -51 -51 -51 -51 -51 -51 -51 -51 -51 -51 -51 -51 -51 -51 -51 -51 -51 -51 -51 -51 -51 -51 -51 -51 -51 -51 -51 -51 -51 -51 -51 -51 -51 -51 -51 -51 -51 -51 -51 -51 -51 -51 -51 -51 -51 -51 -51 -51 -51 -51 -51 -51 -51 -51 -51 -51 -51 -51 -51 -51 -51 -51 -51 -51 -51 -51 -51 -51 -51 -51 -51 -51 -51 -51 -51 -51 -51 -51 -51 -51 -51 -51 -51 -51 -51 -51 -51 -51 -51 -51 -51 -51 -51 -51 -51 -51 -51 -51 -51 -51 -51 -51 -51 -51 -51 -51 -51 
RSRP
-78 -78 -78 -78 -78 -78 -78 -77 -77 -77 -77 -77 -77 -76 -76 -76 -76 -75 -75 -75 -75 -75 -75 -75 -75 -75 -75 -75 -75 -75 -75 -75 -75 -75 -75 -75 -75 -75 -75 -76 -77 -77 -77 -77 -77 -77 -77 -77 -77 -77 -77 -78 -78 -78 -78 -78 -78 -78 -78 -78 -78 -78 -78 -78 -78 -78 -78 -78 -78 -78 -78 -78 -78 -78 -78 -78 -78 -78 -78 -78 -78 -78 -78 -78 -78 -78 -78 -78 -78 -78 -78 -78 -78 -78 -78 -78 -78 -78 -78 -79 -79 -79 -79 -79 -79 -79 -79 -77 -77 -77 -77 -75 -75 -75 -75 -75 -75 -74 -74 -74 -74 -74 -74 -73 -73 -73 -73 -73 -73 -73 -73 -73 -73 -73 -73 -72 -72 -73 -73 -73 -73 -72 -72 -72 -72 -72 -72 -71 -71 -71 -71 -71 -71 -71 -71 -72 -72 -72 -72 -73 -73 -73 -73 -73 -73 -74 -74 -74 -75 -75 -75 -76 -77 -77 -77 -77 -77 -77 -77 -77 -77 -76 -76 -76 -75 -75 -75 -75 -75 -75 -75 -75 -75 -75 -75 -74 -73 -73 -73 -73 -73 -73 -73 -73 -72 -72 -72 -72 -72 -72 -72 -72 -72 -72 -72 -72 -72 -73 -73 -73 -74 -75 -75 -75 -75 -75 -75 -75 -75 -75 -76 -76 -77 -77 -77 -78 -78 -78 -78 -77 -77 -77 -77 -76 -76 -76 -76 -76 -76 -77 -77 -77 -77 -77 -77 -77 -77 -77 -77 -77 -77 -77 -77 -77 -77 -77 -77 -78 -78 -78 -78 -78 -78 -78 -79 -79 -79 -79 -78 -78 -78 -78 -78 -78 -78 -78 -78 -78 -78 -78 -78 -78 -78 -78 -78 -78 -78 -78 -78 -78 -78 -78 -78 -78 -78 -78 -78 -78 -78 -78 -78 -78 -78 -78 -78 -78 -78 -78 -78 -78 -78 -78 -78 -78 -78 -78 -78 -78 -78 -78 -78 -78 -78 -78 -78 -78 -78 -78 -78 -78 -78 -78 -78 -78 -78 -78 -78 -77 -77 -77 -77 -77 -77 -76 -76 -76 -76 -76 -76 -76 -76 -76 -76 -75 -75 -75 -75 -75 -75 -75 -75 -75 -75 -75 -75 -75 -75 -75 -75 -75 
CID
13792258 13792258 13792258 13792258 13792258 13792258 13792258 13792258 13792258 13792258 13792258 13792258 13792258 13792258 13792258 13792258 13792258 13792258 13792258 13792258 13792258 13792258 13792258 13792258 13792258 13792258 13792258 13792258 13792258 13792258 13792258 13792258 13792258 13792258 13792258 13792258 13792258 13792258 13792258 13769739 13769739 13769739 13769739 13769739 13769739 13769739 13769739 13769739 13769739 13769739 13769739 13769739 13769739 13769739 13769739 13769739 13769739 13769739 13769739 13769739 13769739 13769739 13769739 13769739 13769739 13769739 13792258 13792258 13792258 13792258 13792258 13792258 13792258 13792258 13792258 13792258 13792258 13792258 13792258 13792258 13792258 13792258 13792258 13792258 13792258 13792258 13792258 13792258 13792258 13792258 13792258 13792258 13792258 13792258 13792513 13792513 13792513 13792513 13792513 13769739 13769739 13769739 13769739 13769739 13769739 13769739 13769739 13769739 13769739 13769739 13769739 13769739 13769739 13769739 13769739 13769739 13769739 13769739 13769739 13769739 13769739 13769739 13769739 13769739 13769739 13769739 13769739 13769739 13769739 13769739 13769739 13769739 13769739 13769739 13769739 13769739 13769739 13769739 13769739 13769739 13769739 13769739 13769739 13769739 13769739 13769739 13769739 13769739 13769739 13769739 13769739 13769739 13769739 13769739 13769739 13769739 13769739 13769739 13769739 13769739 13769739 13769739 13769739 13769739 13769739 13754890 13754890 13754890 13754890 13754890 13754890 13754890 13754890 13754890 13754890 13754890 13754890 13792258 13792258 13792258 13792258 13754890 13754890 13754890 13754890 13754890 13754890 13754890 13754890 13754890 13769739 13769739 13769739 13769739 13769739 13769739 13769739 13769739 13769739 13769739 13769739 13769739 13769739 13769739 13769739 13769739 13769739 13769739 13769739 13792513 13792513 13792513 13792513 13792513 13792513 13792513 13792513 13792513 13792513 13792513 13792513 13792513 13792513 13792513 13792513 13792513 13792513 13792513 13792513 13792513 13792513 13792513 13792513 13792513 13792513 13792513 13792513 13792513 13792513 13792513 13792513 13792513 13792513 13792513 13792513 13792513 13792513 13792513 13792513 13792257 13792257 13792257 13792257 13792257 13792257 13792257 13754890 13754890 13754890 13792257 13792257 13792258 13792258 13792258 13792258 13792258 13792258 13754890 13754890 13754890 13792258 13792258 13792258 13792258 13792258 13792258 13792258 13792258 13792258 13792258 13792258 13792258 13792258 13792258 13792258 13792258 13792258 13792258 13792258 13792258 13792258 13792258 13792258 13792258 13792258 13792258 13792258 13792258 13792258 13792258 13792258 13792258 13792258 13792258 13792258 13792258 13792258 13792258 13792258 13792258 13792258 13792258 13792258 13792258 13792258 13792258 13792258 13792258 13792258 13792258 13792258 13792258 13792258 13769739 13769739 13769739 13769739 13769739 13769739 13769739 13769739 13769739 13769739 13769739 13769739 13769739 13769739 13769739 13769739 13769739 13792258 13792258 13792258 13792258 13792258 13792258 13792258 13792258 13792258 13792258 13792258 13792258 13792258 13792258 13792258 13792258 13792258 13792258 13792258 13792258 13792258 13792258 13792258 13792258 13792258 13792258 13792258 13792258 13792258 13792258 13792258 13792258 13792258 13792258 13792258 13792258 13792258 13792258 13792258 13792258 
RSRP of 5G
-84 -84 -84 -84 -84 -84 -84 -83 -83 -75 -75 -81 -81 -80 -80 -81 -81 -88 -88 -81 -81 -90 -90 -83 -83 -85 -85 -85 -85 -85 -85 -85 -85 -85 -85 -89 -89 -87 -87 -87 -87 -85 -85 -82 -82 -93 -93 -115 -115 -115 -115 -84 -84 -84 -84 -84 -84 -84 -84 -84 -84 -84 -84 -84 -84 -84 -83 -83 -83 -88 -88 -82 -82 -82 -82 -93 -81 -81 -81 -80 -80 -81 -81 -81 -81 -80 -80 -86 -86 -84 -84 -80 -80 -80 -80 -81 -81 -81 -81 -80 -80 -80 -80 -82 -82 -82 -82 -79 -79 -79 -79 -80 -80 -83 -83 -83 -83 -82 -82 -82 -82 -82 -82 -88 -88 -85 -85 -87 -87 -87 -87 -89 -89 -77 -77 -81 -81 -79 -79 -89 -89 -83 -83 -88 -88 -87 -87 -91 -91 -88 -88 -95 -95 -95 -95 -82 -82 -91 -91 -91 -91 -83 -83 -83 -83 -97 -97 -79 -79 -74 -74 -81 -81 -91 -91 -79 -79 -79 -79 -79 -93 -93 -81 -81 -86 -83 -84 -84 -85 -85 -83 -83 -80 -80 -80 -80 -86 -86 -86 -86 -86 -86 -86 -86 -86 -86 -89 -77 -76 -76 -76 -76 -76 -76 -76 -76 -76 -78 -80 -80 -82 -82 -80 -80 -79 -79 -81 -81 -79 -79 -80 -80 -78 -78 -78 -80 -82 -82 -81 -80 -80 -80 -96 -82 -96 -82 -87 -87 -112 -85 -90 -79 -86 -86 -82 -82 -81 -81 -81 -81 -81 -81 -80 -80 -80 -80 -78 -78 -78 -78 -77 -77 -77 -77 -79 -79 -79 -79 -81 -81 -81 -81 -81 -81 -80 -80 -79 -79 -80 -80 -89 -89 -89 -89 -81 -81 -83 -83 -83 -83 -87 -87 -84 -84 -84 -84 -84 -84 -90 -90 -94 -94 -92 -92 -88 -88 -85 -85 -87 -87 -83 -83 -114 -114 -114 -87 -87 -86 -86 -85 -85 -87 -87 -112 -82 -83 -83 -83 -83 -83 -83 -84 -84 -83 -83 -82 -82 -90 -80 -86 -86 -85 -85 -86 -86 -82 -82 -82 -82 -82 -82 -81 -81 -75 -75 -79 -79 -85 -85 -90 -82 -82 -82 -82 -82 -82 -82 -82 -82 -82 
CQI
2147483647 2147483647 2147483647 2147483647 2147483647 2147483647 2147483647 2147483647 2147483647 2147483647 2147483647 2147483647 2147483647 2147483647 2147483647 2147483647 2147483647 2147483647 2147483647 2147483647 2147483647 2147483647 2147483647 2147483647 2147483647 2147483647 2147483647 2147483647 2147483647 2147483647 2147483647 2147483647 2147483647 2147483647 2147483647 2147483647 2147483647 2147483647 2147483647 2147483647 2147483647 2147483647 2147483647 2147483647 2147483647 2147483647 2147483647 2147483647 2147483647 2147483647 2147483647 2147483647 2147483647 2147483647 2147483647 2147483647 2147483647 2147483647 2147483647 2147483647 2147483647 2147483647 2147483647 2147483647 2147483647 2147483647 2147483647 2147483647 2147483647 2147483647 2147483647 2147483647 2147483647 2147483647 2147483647 2147483647 2147483647 2147483647 2147483647 2147483647 2147483647 2147483647 2147483647 2147483647 2147483647 2147483647 2147483647 2147483647 2147483647 2147483647 2147483647 2147483647 2147483647 2147483647 2147483647 2147483647 2147483647 2147483647 2147483647 2147483647 2147483647 2147483647 2147483647 2147483647 2147483647 2147483647 2147483647 2147483647 2147483647 2147483647 2147483647 2147483647 2147483647 2147483647 2147483647 2147483647 2147483647 2147483647 2147483647 2147483647 2147483647 2147483647 2147483647 2147483647 2147483647 2147483647 2147483647 2147483647 2147483647 2147483647 2147483647 2147483647 2147483647 2147483647 2147483647 2147483647 2147483647 2147483647 2147483647 2147483647 2147483647 2147483647 2147483647 2147483647 2147483647 2147483647 2147483647 2147483647 2147483647 2147483647 2147483647 2147483647 2147483647 2147483647 2147483647 2147483647 2147483647 2147483647 2147483647 2147483647 2147483647 2147483647 2147483647 2147483647 2147483647 2147483647 2147483647 2147483647 2147483647 2147483647 2147483647 2147483647 2147483647 2147483647 2147483647 2147483647 2147483647 2147483647 2147483647 2147483647 2147483647 2147483647 2147483647 2147483647 2147483647 2147483647 2147483647 2147483647 2147483647 2147483647 2147483647 2147483647 2147483647 2147483647 2147483647 2147483647 2147483647 2147483647 2147483647 2147483647 2147483647 2147483647 2147483647 2147483647 2147483647 2147483647 2147483647 2147483647 2147483647 2147483647 2147483647 2147483647 2147483647 2147483647 2147483647 2147483647 2147483647 2147483647 2147483647 2147483647 2147483647 2147483647 2147483647 2147483647 2147483647 2147483647 2147483647 2147483647 2147483647 2147483647 2147483647 2147483647 2147483647 2147483647 2147483647 2147483647 2147483647 2147483647 2147483647 2147483647 2147483647 2147483647 2147483647 2147483647 2147483647 2147483647 2147483647 2147483647 2147483647 2147483647 2147483647 2147483647 2147483647 2147483647 2147483647 2147483647 2147483647 2147483647 2147483647 2147483647 2147483647 2147483647 2147483647 2147483647 2147483647 2147483647 2147483647 2147483647 2147483647 2147483647 2147483647 2147483647 2147483647 2147483647 2147483647 2147483647 2147483647 2147483647 2147483647 2147483647 2147483647 2147483647 2147483647 2147483647 2147483647 2147483647 2147483647 2147483647 2147483647 2147483647 2147483647 2147483647 2147483647 2147483647 2147483647 2147483647 2147483647 2147483647 2147483647 2147483647 2147483647 2147483647 2147483647 2147483647 2147483647 2147483647 2147483647 2147483647 2147483647 2147483647 2147483647 2147483647 2147483647 2147483647 2147483647 2147483647 2147483647 2147483647 2147483647 2147483647 2147483647 2147483647 2147483647 2147483647 2147483647 2147483647 2147483647 2147483647 2147483647 2147483647 2147483647 2147483647 2147483647 2147483647 2147483647 2147483647 2147483647 2147483647 2147483647 2147483647 2147483647 2147483647 2147483647 2147483647 2147483647 2147483647 2147483647 2147483647 2147483647 2147483647 2147483647 2147483647 2147483647 2147483647 2147483647 2147483647 2147483647 2147483647 2147483647 2147483647 2147483647 2147483647 2147483647 2147483647 2147483647 2147483647 2147483647 2147483647 2147483647 2147483647 2147483647 2147483647 2147483647 2147483647 2147483647 2147483647 2147483647 2147483647 2147483647 2147483647 
Altitude
-62.2308349609375 -61.59668731689453 -60.8674201965332 -60.043033599853516 -59.21864318847656 -58.563358306884766 -57.849945068359375 -56.845882415771484 -55.588157653808594 -53.26824188232422 -51.159706115722656 -49.28369140625 -47.027191162109375 -45.15117645263672 -43.02150344848633 -40.976383209228516 -38.94711685180664 -36.88614273071289 -34.782894134521484 -32.80647277832031 -30.840621948242188 -28.7637939453125 -26.84021759033203 -24.472740173339844 -22.51217269897461 -20.398353576660156 -18.51705551147461 -16.47722053527832 -14.495514869689941 -12.503240585327148 -10.431697845458984 -8.270317077636719 -6.040238380432129 -4.269914627075195 -2.0134127140045166 -0.047560930252075195 1.989632248878479 3.863004446029663 5.953042984008789 7.913610458374023 9.929665565490723 11.974784851074219 13.948563575744629 16.125797271728516 17.980674743652344 19.951810836791992 21.981077194213867 24.27457046508789 26.163795471191406 28.274972915649414 30.164199829101562 32.359928131103516 34.10118865966797 36.23614501953125 38.30240249633789 40.47434997558594 42.183902740478516 43.975364685058594 45.312355041503906 46.42475128173828 47.92820739746094 48.665401458740234 49.162147521972656 49.85442352294922 50.29304122924805 50.958892822265625 51.40279769897461 51.883689880371094 51.640602111816406 52.17962646484375 52.41743087768555 52.49669647216797 52.578609466552734 52.800559997558594 52.869258880615234 53.27352523803711 52.7952766418457 52.24832534790039 51.154422760009766 50.528202056884766 48.525360107421875 46.53044509887695 44.93186950683594 43.58430862426758 41.51012420654297 40.609107971191406 38.709312438964844 37.544071197509766 35.76581954956055 34.915008544921875 33.5489501953125 32.03228759765625 30.4337100982666 29.49834632873535 27.352819442749023 26.6473331451416 23.986562728881836 23.24144172668457 21.629653930664062 19.650590896606445 19.51583480834961 17.013601303100586 16.609333038330078 13.700190544128418 12.061980247497559 10.833322525024414 10.204462051391602 8.613813400268555 8.080073356628418 5.855278968811035 3.8128013610839844 2.079469680786133 0.7583326101303101 -0.4174792766571045 -1.2260150909423828 -2.1296727657318115 -2.790241241455078 -3.3609724044799805 -4.52357292175293 -4.2382073402404785 -5.147149562835693 -5.374384880065918 -5.807718276977539 -5.934547424316406 -6.357311248779297 -6.737798690795898 -7.007310390472412 -7.002025604248047 -6.832920074462891 -7.070724964141846 -7.292675971984863 -7.541049957275391 -7.22926139831543 -7.408936023712158 -6.843489646911621 -5.517067909240723 -3.419102430343628 -2.7691030502319336 -2.0398354530334473 -2.2142255306243896 -1.511380672454834 0.5760157108306885 2.1296727657318115 3.3134114742279053 5.844709873199463 8.352228164672852 10.495111465454102 12.704052925109863 14.844294548034668 16.87356185913086 18.879047393798828 21.143476486206055 23.34449005126953 24.834732055664062 27.635541915893555 29.58025550842285 30.8511905670166 32.69813919067383 34.796104431152344 36.925777435302734 38.62211608886719 40.09386444091797 40.37130355834961 41.565608978271484 43.703208923339844 45.14589309692383 45.806461334228516 46.34812545776367 46.98227310180664 48.50157928466797 49.296905517578125 49.47393798828125 49.661537170410156 50.12657928466797 50.20584487915039 50.69730758666992 50.890193939208984 51.09629440307617 51.63531494140625 51.085723876953125 49.07231140136719 49.08287811279297 50.07637405395508 49.73552322387695 49.71174240112305 48.298126220703125 46.48552322387695 45.2595100402832 43.190608978271484 41.747928619384766 40.29996109008789 38.923336029052734 37.3274040222168 35.78431701660156 34.915008544921875 32.89630889892578 32.2885856628418 30.695295333862305 28.75586700439453 27.849567413330078 25.881072998046875 25.03026008605957 22.432905197143555 21.50811004638672 20.15526580810547 18.778640747070312 17.75872230529785 16.577627182006836 14.196937561035156 13.229865074157715 11.644500732421875 7.781496524810791 9.229462623596191 8.196333885192871 6.645318984985352 5.617474555969238 4.103451251983643 2.2697134017944336 1.706908941268921 -0.07926821708679199 -1.310567855834961 -2.9276394844055176 -4.576418399810791 -4.771946907043457 -5.464222431182861 -6.151213645935059 -6.7430830001831055 -6.568693161010742 -6.917472839355469 -7.282106876373291 -7.498773574829102 -7.398366928100586 -7.477635383605957 -7.551618576049805 -7.4195051193237305 -7.646740913391113 -7.334952354431152 -7.387797832489014 -7.1024322509765625 -6.721944808959961 -5.733734130859375 -3.4508097171783447 -1.8918681144714355 -1.2682914733886719 -0.15325188636779785 1.5060961246490479 3.3424763679504395 5.7125959396362305 7.086578369140625 9.351007461547852 11.145111083984375 13.121532440185547 15.330472946166992 17.853845596313477 20.00201416015625 22.010141372680664 23.999773025512695 25.79387855529785 27.891843795776367 29.503629684448242 31.51175880432129 33.40098571777344 35.32191848754883 37.18736267089844 39.277400970458984 40.989593505859375 41.666015625 43.34650421142578 45.48674392700195 46.48288345336914 48.025970458984375 48.96662139892578 49.3576774597168 49.727596282958984 50.385520935058594 50.81885528564453 51.238975524902344 51.33673858642578 51.55604934692383 51.812347412109375 52.010520935058594 51.9893798828125 52.11092758178711 52.364585876464844 52.42007064819336 52.28267288208008 51.53226852416992 51.56925964355469 52.029014587402344 51.75950241088867 51.78328323364258 51.77007293701172 51.011741638183594 49.4105224609375 47.51601028442383 45.687557220458984 44.398128509521484 43.29894256591797 42.06764221191406 40.59853744506836 39.2668342590332 37.76866149902344 36.44752502441406 35.0391960144043 33.83695983886719 32.45240783691406 31.05992889404297 29.65159797668457 28.156070709228516 26.62619400024414 25.172943115234375 23.545303344726562 22.097335815429688 20.2662410736084 18.810348510742188 17.391447067260742 15.872138977050781 14.194295883178711 12.566654205322266 10.989216804504395 9.414422035217285 8.114422798156738 6.552839279174805 5.065238952636719 3.596134662628174 1.989632248878479 0.6922757625579834 -0.7768285274505615 -2.3621928691864014 -3.936988115310669 -5.485360622406006 -6.949180603027344 -8.613813400268555 -9.913811683654785 -11.472753524780273 -13.110962867736816 -14.511367797851562 -15.964618682861328 -17.423154830932617 -18.892257690429688 -20.65201187133789 -21.04306983947754 -21.58209228515625 -22.480466842651367 -23.104042053222656 -25.57192611694336 -27.70159912109375 -30.063793182373047 -30.925174713134766 -33.504032135009766 -34.11175537109375 -35.913787841796875 -36.569068908691406 -37.73167037963867 -39.982887268066406 -41.7637825012207 -42.49304962158203 -43.86703109741211 -47.053611755371094 -48.55442428588867 -49.04060363769531 -51.27068328857422 -53.019866943359375 -54.082061767578125 -56.10076141357422 -56.97799301147461 -58.76945495605469 -60.25969696044922 -60.50807189941406 -61.51213836669922 -62.109291076660156 -62.1779899597168 -62.23611831665039 -62.336524963378906 -62.44221496582031 -62.76457595825195 -62.9918098449707 -63.13977813720703 -63.44099807739258 -63.768638610839844 