LTE(1) or 5G(2)
2 2 2 2 2 2 2 2 2 2 2 2 2 2 2 2 2 2 2 2 2 2 2 2 2 2 2 2 2 2 2 2 2 2 2 2 2 2 2 2 2 2 2 2 2 2 2 2 2 2 2 2 2 2 2 2 2 2 2 2 2 2 2 2 2 2 2 2 2 2 2 2 2 2 2 2 2 2 2 2 2 2 2 2 2 2 2 2 2 2 2 2 2 2 2 2 2 2 2 2 2 2 2 2 1 1 1 1 1 1 1 2 2 2 2 2 2 2 2 2 2 2 2 2 2 1 1 1 1 1 1 1 1 1 1 1 1 2 2 2 2 2 1 1 2 2 2 2 2 2 2 2 2 2 2 2 2 2 2 2 2 2 2 2 2 2 2 2 2 2 2 2 2 1 1 1 1 1 1 1 1 1 2 2 2 2 2 2 2 2 2 2 2 2 2 2 2 2 2 2 2 2 2 2 2 2 2 2 2 2 2 2 2 2 2 2 2 2 2 2 2 2 2 2 2 2 2 2 2 2 2 2 2 2 2 2 2 2 2 2 2 2 2 2 2 2 2 2 2 2 2 2 2 2 2 2 2 2 2 2 2 2 2 2 2 2 2 2 2 2 2 2 2 2 2 2 2 2 2 2 2 2 2 2 2 2 2 2 2 2 2 2 2 2 2 2 2 2 2 2 2 2 2 2 2 2 2 2 2 2 2 2 2 2 2 2 2 2 2 2 2 
SNR of LTE
14 13 13 13 13 12 10 10 10 10 10 10 8 8 8 7 7 7 7 6 6 6 6 6 5 5 5 5 5 5 5 5 5 5 5 4 2 2 2 2 2 1 0 0 0 -1 -1 -1 -1 -2 -2 -2 -2 -2 -2 -3 -3 -3 -3 -3 -3 -3 -3 -3 -3 -3 -4 -4 -4 -3 -3 -3 -2 -2 -2 -2 -2 -2 -2 -2 -2 -2 -2 -2 -2 -2 -2 -2 -2 -2 -1 -1 -1 -1 -1 -1 -1 -1 -2 -2 -2 -2 -2 -2 -2 -2 -2 -2 -2 -2 -2 -2 -2 -3 -3 -3 -3 -3 -3 -3 -3 -3 -3 -3 -3 -3 -3 -3 -3 -3 -3 -3 -2 -2 -2 -2 -1 -1 -1 0 0 0 0 0 1 1 1 1 2 2 2 2 3 3 3 3 4 4 4 4 4 4 4 4 4 3 3 3 1 1 0 0 0 0 0 0 -2 -2 -2 -2 -2 -2 -4 -4 -4 -4 -4 -4 -5 -5 -5 -5 -3 -3 -3 -3 -3 -3 -4 -4 -4 -4 -4 -4 -4 -4 -4 -4 -4 -4 -4 -4 -3 -3 -3 -3 -2 -2 -2 -2 -2 -2 -2 0 0 0 0 0 1 1 1 1 1 1 2 2 1 1 0 0 0 0 0 0 0 0 0 0 0 0 -1 -1 -1 -1 -1 -1 -1 -1 -1 -2 -2 -2 -2 -2 -2 -2 -2 -2 -2 -2 -2 -2 -2 -2 -2 -2 -2 -3 -3 -3 -3 -3 -3 -2 -2 -2 -2 -2 -2 -2 -2 -2 -2 -2 -1 0 0 0 0 0 0 0 0 0 0 1 1 1 3 3 3 3 3 5 5 5 5 5 6 6 6 
SNR of 5G
11 9 9 9 9 7 7 10 10 10 10 10 9 9 9 4 4 4 4 2 2 2 3 2 0 3 3 3 3 3 3 3 3 3 3 2 2 1 1 0 0 0 0 0 0 0 0 0 0 -1 -1 -3 -3 0 0 0 0 -2 -2 -1 0 0 0 3 3 3 1 1 1 -1 -1 -1 0 0 2 2 4 4 4 4 4 4 -1 -1 0 0 1 1 3 3 1 1 0 0 0 0 0 0 1 1 3 3 3 3 0 0 0 0 0 0 0 3 3 1 1 -2 -1 -1 -1 -1 -1 -1 -1 -6 -6 0 0 0 0 0 0 0 0 0 0 0 0 -2 -2 -1 -1 0 0 0 -2 -2 -1 -1 0 0 -1 -1 -1 -1 -1 -1 -2 -2 -2 -2 1 1 -2 -4 -1 -1 0 0 -1 -1 0 0 0 0 0 0 0 0 0 0 0 0 -4 -4 -3 -3 0 0 -3 -3 -2 -2 4 4 4 4 4 4 3 3 3 3 2 2 2 2 1 1 -1 -1 -1 -1 -3 -3 -1 -1 -1 -1 -1 -2 1 1 1 1 1 1 1 1 1 1 2 2 2 2 3 3 2 2 2 2 3 3 5 5 5 5 5 5 5 5 3 3 2 2 1 1 1 1 1 3 3 -1 -1 2 2 0 0 0 0 -1 -1 -1 -1 -2 -2 -2 -2 -1 -1 -1 -1 -2 -2 -1 -1 -1 0 4 4 4 4 3 3 2 2 2 2 2 2 3 3 3 3 5 5 7 7 7 8 8 8 8 8 11 11 11 11 6 6 4 3 
RSSI
-51 -51 -51 -51 -51 -51 -51 -51 -51 -51 -51 -51 -51 -51 -51 -51 -51 -51 -51 -51 -51 -51 -51 -51 -51 -51 -51 -51 -51 -51 -51 -51 -51 -51 -51 -51 -51 -51 -51 -51 -51 -51 -51 -51 -51 -51 -51 -51 -51 -51 -51 -51 -51 -51 -51 -51 -51 -51 -51 -51 -51 -51 -51 -51 -51 -51 -51 -51 -51 -51 -51 -51 -51 -51 -51 -51 -51 -51 -51 -51 -51 -51 -51 -51 -51 -51 -51 -51 -51 -51 -51 -51 -51 -51 -51 -51 -51 -51 -51 -51 -51 -51 -51 -51 -51 -51 -51 -51 -51 -51 -51 -51 -51 -51 -51 -51 -51 -51 -51 -51 -51 -51 -51 -51 -51 -51 -51 -51 -51 -51 -51 -51 -51 -51 -51 -51 -51 -51 -51 -51 -51 -51 -51 -51 -51 -51 -51 -51 -51 -51 -51 -51 -51 -51 -51 -51 -51 -51 -51 -51 -51 -51 -51 -51 -51 -51 -51 -51 -51 -51 -51 -51 -51 -51 -51 -51 -51 -51 -51 -51 -51 -51 -51 -51 -51 -51 -51 -51 -51 -51 -51 -51 -51 -51 -51 -51 -51 -51 -51 -51 -51 -51 -51 -51 -51 -51 -51 -51 -51 -51 -51 -51 -51 -51 -51 -51 -51 -51 -51 -51 -51 -51 -51 -51 -51 -51 -51 -51 -51 -51 -51 -51 -51 -51 -51 -51 -51 -51 -51 -51 -51 -51 -51 -51 -51 -51 -51 -51 -51 -51 -51 -51 -51 -51 -51 -51 -51 -51 -51 -51 -51 -51 -51 -51 -51 -51 -51 -51 -51 -51 -51 -51 -51 -51 -51 -51 -51 -51 -51 -51 -51 -51 -51 -51 -51 -51 -51 -51 -51 -51 -51 -51 -51 -51 -51 -51 -51 -51 -51 -51 -51 -51 -51 -51 -51 -51 -51 -51 -51 -51 -51 -51 -51 -51 -51 -51 -51 -51 -51 -51 -51 
RSRP
-67 -67 -67 -67 -67 -68 -68 -68 -68 -68 -68 -68 -69 -69 -69 -69 -69 -69 -69 -69 -69 -69 -69 -69 -69 -69 -69 -69 -69 -69 -69 -69 -69 -69 -69 -69 -70 -70 -70 -70 -70 -71 -72 -72 -72 -73 -73 -73 -73 -76 -76 -76 -76 -76 -76 -77 -77 -77 -77 -78 -78 -78 -78 -78 -78 -78 -78 -78 -78 -78 -78 -78 -77 -77 -77 -77 -77 -77 -77 -77 -77 -77 -77 -77 -77 -77 -77 -77 -77 -77 -77 -77 -77 -77 -77 -77 -78 -78 -78 -78 -78 -78 -78 -78 -78 -78 -78 -78 -78 -78 -78 -78 -78 -78 -78 -78 -78 -78 -78 -78 -78 -78 -78 -78 -78 -78 -78 -78 -78 -78 -78 -78 -78 -78 -78 -78 -76 -76 -76 -76 -76 -76 -76 -75 -74 -74 -74 -74 -74 -74 -73 -73 -73 -73 -73 -73 -73 -73 -73 -73 -73 -73 -72 -72 -72 -72 -72 -72 -73 -73 -74 -74 -74 -74 -75 -75 -76 -76 -76 -76 -76 -76 -77 -78 -78 -78 -78 -78 -79 -79 -79 -79 -78 -78 -78 -78 -78 -78 -78 -78 -78 -78 -78 -78 -78 -78 -78 -78 -78 -78 -77 -77 -75 -75 -75 -75 -74 -74 -74 -74 -74 -74 -74 -71 -71 -71 -71 -71 -71 -71 -71 -71 -71 -71 -71 -71 -72 -72 -73 -73 -73 -73 -73 -73 -73 -73 -73 -73 -73 -73 -75 -75 -75 -75 -75 -75 -75 -75 -75 -75 -75 -75 -75 -75 -75 -76 -76 -76 -76 -76 -76 -76 -76 -76 -76 -76 -76 -77 -77 -77 -77 -77 -77 -77 -77 -77 -77 -77 -77 -77 -77 -75 -75 -75 -74 -73 -73 -73 -73 -73 -72 -72 -72 -72 -72 -71 -71 -71 -70 -70 -70 -70 -70 -69 -69 -69 -69 -70 -69 -69 -69 
CID
13678086 13678086 13678086 13678086 13678086 13678086 13678086 13678086 13678086 13678086 13678086 13678086 13678086 13678086 13678086 13678086 13678086 13678086 13678086 13678086 13678086 13678086 13678086 13678086 13678086 13678086 13678086 13678086 13678086 13678086 13678086 13678086 13678086 13678086 13678086 13678086 13678086 13678086 13678086 13678086 13678086 13678086 13678086 13678086 13678086 13678086 13678086 13678086 13678086 13678086 13678086 13678086 13678086 13678086 13678086 13678086 13678086 13678086 13769742 13769742 13769742 13678086 13678086 13678086 13678086 13678086 13678086 13678086 13678086 13769742 13769742 13769742 13769742 13769742 13769742 13769742 13769742 13769742 13769742 13769742 13769742 13769742 13769742 13769742 13769742 13769742 13769742 13769742 13769742 13769742 13769742 13769742 13769742 13769742 13769742 13769742 13769742 13769742 13769742 13769742 13769742 13769742 13769742 13769742 13769742 13769742 13678088 13678088 13678088 13678088 13678088 13678088 13678088 13678088 13678088 13678088 13678088 13678088 13678088 13678088 13678088 13678088 13678088 13678088 13792526 13792526 13792526 13792526 13792526 13792526 13792526 13792526 13792526 13792526 13792526 13792526 13792526 13792526 13792526 13792526 13792526 13792526 13792526 13792526 13792526 13792526 13792526 13792526 13792526 13792526 13792526 13792526 13792526 13792526 13792526 13792526 13792526 13792526 13792526 13792526 13792526 13792526 13792526 13792526 13792526 13678086 13678086 13678086 13678086 13678086 13678086 13678086 13678086 13678086 13678086 13678086 13678086 13678086 13678086 13678086 13678086 13678086 13678086 13678086 13678086 13678086 13678086 13678086 13678086 13678086 13678086 13678086 13678086 13792260 13792260 13792260 13792260 13792260 13792260 13792260 13792260 13792260 13792260 13678086 13678086 13678086 13678086 13678086 13678086 13678086 13678086 13678086 13678086 13678086 13678086 13678086 13678086 13678086 13678086 13678086 13678086 13678086 13678086 13678086 13678086 13678086 13678086 13678086 13678086 13678086 13678086 13678086 13678086 13678086 13678086 13678086 13678086 13678086 13678086 13678086 13678086 13678086 13678086 13678086 13678086 13678086 13678086 13678086 13678086 13678086 13678086 13678086 13678086 13678086 13678086 13678086 13678086 13678086 13678086 13769742 13769742 13769742 13769742 13769742 13769742 13769742 13769742 13769742 13769742 13769742 13769742 13769742 13769742 13769742 13769742 13769742 13769742 13769742 13769742 13769742 13769742 13769742 13769742 13769742 13769742 13769742 13769742 13678086 13678086 13678086 13678086 13678086 13678086 13678086 13678086 13678086 13678086 13678086 13678086 13678086 13678086 13678086 13678086 13678086 13678086 13678086 13678086 13678086 13678086 13678086 13678086 13678086 13678086 13678086 13678086 13678086 13678086 13678086 13678086 13678086 13678086 
RSRP of 5G
-81 -80 -80 -80 -80 -73 -73 -76 -76 -76 -76 -76 -78 -78 -78 -86 -86 -86 -86 -87 -87 -85 -80 -79 -79 -82 -82 -82 -82 -82 -82 -82 -82 -82 -82 -87 -87 -87 -87 -80 -80 -89 -89 -85 -85 -95 -95 -86 -86 -112 -112 -82 -82 -83 -83 -88 -88 -88 -88 -85 -82 -82 -82 -82 -82 -82 -81 -81 -81 -86 -101 -85 -89 -89 -86 -86 -81 -81 -81 -81 -81 -81 -79 -79 -79 -79 -80 -80 -83 -83 -86 -86 -92 -92 -84 -84 -89 -89 -85 -85 -85 -85 -86 -86 -86 -86 -86 -86 -86 -86 -86 -82 -82 -86 -86 -93 -84 -85 -85 -82 -82 -82 -82 -104 -104 -104 -104 -104 -104 -104 -104 -104 -104 -104 -104 -104 -104 -98 -98 -93 -93 -88 -88 -88 -87 -87 -88 -88 -85 -85 -85 -85 -91 -91 -85 -85 -87 -87 -84 -84 -83 -83 -109 -82 -93 -93 -90 -90 -84 -84 -82 -82 -81 -81 -81 -81 -81 -81 -81 -81 -81 -81 -85 -85 -82 -82 -81 -81 -82 -82 -77 -77 -79 -79 -79 -79 -79 -79 -77 -77 -77 -77 -76 -76 -76 -76 -78 -78 -84 -84 -86 -86 -84 -84 -101 -101 -80 -80 -92 -83 -83 -83 -83 -83 -83 -83 -82 -82 -82 -82 -84 -84 -82 -82 -83 -83 -86 -86 -82 -82 -76 -76 -74 -74 -76 -76 -76 -76 -76 -76 -78 -78 -80 -80 -79 -79 -81 -81 -81 -80 -80 -90 -81 -86 -86 -82 -82 -82 -82 -82 -82 -83 -83 -85 -85 -82 -82 -82 -82 -81 -81 -85 -85 -83 -83 -89 -81 -85 -85 -85 -85 -92 -92 -91 -91 -88 -88 -82 -82 -79 -79 -87 -87 -81 -81 -78 -78 -78 -77 -77 -77 -77 -77 -74 -74 -74 -74 -79 -79 -85 -81 
CQI
2147483647 2147483647 2147483647 2147483647 2147483647 2147483647 2147483647 2147483647 2147483647 2147483647 2147483647 2147483647 2147483647 2147483647 2147483647 2147483647 2147483647 2147483647 2147483647 2147483647 2147483647 2147483647 2147483647 2147483647 2147483647 2147483647 2147483647 2147483647 2147483647 2147483647 2147483647 2147483647 2147483647 2147483647 2147483647 2147483647 2147483647 2147483647 2147483647 2147483647 2147483647 2147483647 2147483647 2147483647 2147483647 2147483647 2147483647 2147483647 2147483647 2147483647 2147483647 2147483647 2147483647 2147483647 2147483647 2147483647 2147483647 2147483647 2147483647 2147483647 2147483647 2147483647 2147483647 2147483647 2147483647 2147483647 2147483647 2147483647 2147483647 2147483647 2147483647 2147483647 2147483647 2147483647 2147483647 2147483647 2147483647 2147483647 2147483647 2147483647 2147483647 2147483647 2147483647 2147483647 2147483647 2147483647 2147483647 2147483647 2147483647 2147483647 2147483647 2147483647 2147483647 2147483647 2147483647 2147483647 2147483647 2147483647 2147483647 2147483647 2147483647 2147483647 2147483647 2147483647 2147483647 2147483647 2147483647 2147483647 2147483647 2147483647 2147483647 2147483647 2147483647 2147483647 2147483647 2147483647 2147483647 2147483647 2147483647 2147483647 2147483647 2147483647 2147483647 2147483647 2147483647 2147483647 2147483647 2147483647 2147483647 2147483647 2147483647 2147483647 2147483647 2147483647 2147483647 2147483647 2147483647 2147483647 2147483647 2147483647 2147483647 2147483647 2147483647 2147483647 2147483647 2147483647 2147483647 2147483647 2147483647 2147483647 2147483647 2147483647 2147483647 2147483647 2147483647 2147483647 2147483647 2147483647 2147483647 2147483647 2147483647 2147483647 2147483647 2147483647 2147483647 2147483647 2147483647 2147483647 2147483647 2147483647 2147483647 2147483647 2147483647 2147483647 2147483647 2147483647 2147483647 2147483647 2147483647 2147483647 2147483647 2147483647 2147483647 2147483647 2147483647 2147483647 2147483647 2147483647 2147483647 2147483647 2147483647 2147483647 2147483647 2147483647 2147483647 2147483647 2147483647 2147483647 2147483647 2147483647 2147483647 2147483647 2147483647 2147483647 2147483647 2147483647 2147483647 2147483647 2147483647 2147483647 2147483647 2147483647 2147483647 2147483647 2147483647 2147483647 2147483647 2147483647 2147483647 2147483647 2147483647 2147483647 2147483647 2147483647 2147483647 2147483647 2147483647 2147483647 2147483647 2147483647 2147483647 2147483647 2147483647 2147483647 2147483647 2147483647 2147483647 2147483647 2147483647 2147483647 2147483647 2147483647 2147483647 2147483647 2147483647 2147483647 2147483647 2147483647 2147483647 2147483647 2147483647 2147483647 2147483647 2147483647 2147483647 2147483647 2147483647 2147483647 2147483647 2147483647 2147483647 2147483647 2147483647 2147483647 2147483647 2147483647 2147483647 2147483647 2147483647 2147483647 2147483647 2147483647 2147483647 2147483647 2147483647 2147483647 2147483647 2147483647 2147483647 2147483647 2147483647 2147483647 2147483647 2147483647 2147483647 2147483647 2147483647 2147483647 2147483647 2147483647 2147483647 2147483647 2147483647 2147483647 2147483647 2147483647 2147483647 2147483647 2147483647 2147483647 2147483647 2147483647 2147483647 2147483647 2147483647 2147483647 2147483647 2147483647 2147483647 2147483647 2147483647 2147483647 2147483647 2147483647 2147483647 2147483647 2147483647 2147483647 2147483647 2147483647 2147483647 
Altitude
-63.91660690307617 -63.3564453125 -62.63246154785156 -61.66010284423828 -60.75115966796875 -58.35197830200195 -56.15360641479492 -54.082061767578125 -52.237754821777344 -50.13978958129883 -48.031253814697266 -45.98085021972656 -44.14711380004883 -42.22353744506836 -40.22597885131836 -38.18085861206055 -36.17801284790039 -34.03248596191406 -31.728424072265625 -29.82598876953125 -27.7650146484375 -25.81501579284668 -23.695911407470703 -21.788190841674805 -19.73778533935547 -17.666242599487305 -15.452017784118652 -13.549580574035645 -11.52031421661377 -9.554462432861328 -7.477635383605957 -5.527637004852295 -3.5195088386535645 -1.3475596904754639 0.4967474937438965 2.5365829467773438 4.404670715332031 6.349384307861328 8.124992370605469 9.105276107788086 10.349786758422852 11.549379348754883 12.490028381347656 13.2192964553833 13.969701766967773 14.577425003051758 14.981693267822266 15.280269622802734 15.798155784606934 16.120513916015625 16.292261123657227 16.36624526977539 16.633113861083984 16.820714950561523 17.140430450439453 17.111366271972656 16.897340774536133 17.158926010131836 17.01624298095703 16.987178802490234 16.860349655151367 17.005674362182617 17.01624298095703 17.20648765563965 17.439006805419922 17.48921012878418 17.584333419799805 17.716445922851562 17.512990951538086 17.491853713989258 17.452219009399414 18.30831527709961 20.905670166015625 22.538597106933594 24.250789642333984 24.758106231689453 26.48615264892578 28.142858505249023 29.931678771972656 31.86582374572754 33.9135856628418 36.03004837036133 37.86378479003906 39.10829544067383 40.28146743774414 41.09000015258789 42.09670639038086 42.688575744628906 43.43105697631836 43.830039978027344 44.202598571777344 44.92658233642578 45.30178451538086 45.69020080566406 46.015201568603516 46.25300598144531 46.229225158691406 45.600364685058594 45.246299743652344 46.469669342041016 46.876583099365234 47.25178527832031 47.05625534057617 46.84751510620117 46.958492279052734 47.159305572509766 47.748531341552734 48.221500396728516 48.166011810302734 48.13430404663086 47.962554931640625 47.936134338378906 47.77495574951172 48.242637634277344 48.29283905029297 48.144874572753906 46.91093063354492 45.93328857421875 44.63064956665039 43.5816650390625 43.07963562011719 41.3753662109375 39.826995849609375 37.88228225708008 36.550575256347656 35.22943878173828 33.73655319213867 32.81439971923828 30.993873596191406 29.8524112701416 28.393875122070312 26.607698440551758 24.87700843811035 23.772539138793945 22.731481552124023 22.641645431518555 21.685142517089844 21.233312606811523 20.538394927978516 20.086566925048828 19.497339248657227 19.555469512939453 19.246322631835938 18.89754295349121 18.18941307067871 17.927827835083008 18.30303192138672 18.58047103881836 18.59368133544922 18.37173080444336 18.152421951293945 17.951608657836914 17.742868423461914 17.790430068969727 18.001811981201172 17.859128952026367 17.859128952026367 17.581689834594727 17.660959243774414 17.460145950317383 18.36380386352539 18.630672454833984 18.62010383605957 18.69144630432129 19.103639602661133 21.045711517333984 23.098758697509766 24.37761878967285 25.42660140991211 27.18899917602539 29.284320831298828 30.97801971435547 32.8857421875 34.82781219482422 36.81216049194336 38.05402755737305 39.636749267578125 40.75178909301758 41.65016174316406 42.559104919433594 43.240814208984375 43.877601623535156 44.598941802978516 44.86845397949219 45.35727310180664 45.70341110229492 45.85402297973633 46.14467239379883 46.34812545776367 46.56743621826172 46.13938522338867 46.237152099609375 46.7867431640625 47.180442810058594 47.28349304199219 47.61113357543945 47.944061279296875 48.05503463745117 48.13958740234375 48.00747299194336 47.9942626953125 47.949344635009766 48.00483322143555 47.99161911010742 48.01011657714844 47.957271575927734 47.99161911010742 48.176578521728516 48.15544128417969 48.152801513671875 48.107879638671875 47.082679748535156 44.5275993347168 43.40727615356445 42.78898239135742 40.920894622802734 39.5574836730957 37.52293014526367 37.551998138427734 36.04854202270508 33.9135856628418 32.9967155456543 30.97537612915039 30.33066177368164 28.29875373840332 27.38188362121582 25.865219116210938 24.29570770263672 22.995710372924805 22.06827163696289 21.732702255249023 21.029857635498047 20.419492721557617 19.880468368530273 19.46563148498535 19.367868423461914 19.22518539428711 18.997949600219727 17.55262565612793 17.148357391357422 18.057300567626953 18.276609420776367 17.72701644897461 17.47599983215332 18.054656982421875 18.66238021850586 18.71786880493164 18.665023803710938 18.604249954223633 18.646526336669922 18.511770248413086 18.284534454345703 18.089006423950195 18.131282806396484 17.956893920898438 17.94632339477539 17.91990089416504 17.756080627441406 17.896121978759766 17.7692928314209 18.089006423950195 17.748153686523438 17.084943771362305 16.09673309326172 14.403035163879395 13.031694412231445 12.379053115844727 11.071127891540527 9.956088066101074 9.218894004821777 7.390439987182617 5.680889129638672 3.691256523132324 2.985769510269165 0.676422119140625 -1.5060961246490479 -2.499591112136841 -2.943493127822876 -4.460158348083496 -5.252840518951416 -6.938611030578613 -8.486984252929688 -10.542673110961914 -12.35527229309082 -14.802018165588379 -16.086162567138672 -16.963397979736328 -18.14185333251953 -19.38372039794922 -20.414207458496094 -22.036563873291016 -23.50566864013672 -24.758106231689453 -27.18899917602539 -28.129648208618164 -28.938182830810547 -31.321514129638672 -32.97029495239258 -34.5186653137207 -36.06175231933594 -37.129234313964844 -38.297119140625 -39.618255615234375 -42.02800750732422 -44.37963104248047 -45.827598571777344 -46.673126220703125 -47.888572692871094 -49.8808479309082 -50.47271728515625 -51.54019546508789 -52.53897476196289 -53.18368911743164 -55.03856658935547 -58.15644836425781 -59.7048225402832 -61.05766677856445 -62.14628219604492 -63.678802490234375 -64.59302520751953 -65.08448791503906 