LTE(1) or 5G(2)
2 2 2 2 2 2 2 2 2 2 2 2 2 2 2 2 2 2 2 2 2 2 2 2 2 2 2 2 2 2 2 2 2 1 1 1 1 2 2 2 2 2 2 2 2 2 2 2 2 2 2 2 2 2 2 2 2 2 2 2 2 2 2 2 2 2 2 2 2 2 1 1 1 1 1 1 1 1 1 1 2 2 2 2 2 2 2 2 2 2 2 2 2 2 2 2 2 2 2 2 2 2 2 2 2 2 2 2 2 2 2 2 2 2 2 2 2 2 2 2 2 2 2 1 1 1 1 1 1 1 1 1 1 1 1 1 1 1 1 1 1 1 1 1 1 1 1 1 1 1 1 1 1 1 1 1 1 1 1 1 1 1 1 1 1 1 1 1 1 1 1 1 1 1 1 1 1 1 1 1 1 1 1 1 1 1 1 1 1 1 1 1 1 1 1 1 1 1 1 1 1 1 1 1 1 1 1 1 1 1 1 1 1 1 1 1 1 1 1 1 1 1 1 1 1 1 1 1 1 1 1 1 1 1 1 1 1 1 1 1 1 1 1 1 1 1 1 1 1 1 1 1 1 1 1 1 1 1 1 1 1 1 1 1 1 2 2 2 2 2 2 1 1 1 2 2 2 2 2 2 2 2 2 2 2 2 2 2 2 2 2 2 2 2 2 2 2 2 2 2 2 2 2 2 2 2 2 2 2 2 2 2 2 2 1 1 1 1 1 1 1 1 1 1 1 1 1 1 1 1 1 1 1 1 1 1 1 1 1 1 1 2 2 2 2 2 2 2 2 2 2 2 2 2 2 2 2 2 2 2 2 2 2 2 2 2 2 2 2 2 2 2 1 1 1 1 1 1 
SNR of LTE
13 13 12 12 12 12 12 12 11 11 11 11 11 11 8 8 8 8 8 8 6 6 6 6 6 6 6 5 5 5 5 5 4 4 4 4 4 4 4 3 3 3 3 3 2 0 0 0 0 0 -1 -1 -1 -1 -1 -2 -3 -3 -3 -3 -3 -3 -3 -3 -3 -4 -4 -4 -4 -4 -4 -4 -4 -4 -3 -3 -3 -3 -3 -3 -4 -4 -3 -3 -3 -3 -3 -3 -3 -3 -3 -3 -3 -3 -3 -3 -2 -2 -2 -2 -1 -1 -1 -1 0 0 0 0 0 0 0 0 0 0 0 0 0 0 0 0 0 0 0 0 0 0 0 0 0 0 0 0 0 0 0 0 0 0 -1 -1 -1 -1 -1 -1 -1 -1 -1 -1 -1 -1 -1 -1 -1 -1 -1 -1 -1 -1 -1 -1 -1 0 0 0 0 0 0 0 0 0 0 0 0 0 0 0 0 0 0 0 0 0 0 0 0 0 0 0 0 0 0 0 0 0 0 0 0 0 0 0 0 0 0 0 0 -4 -4 -4 -4 -4 -4 -4 -4 -4 -4 -4 -4 -4 -4 -4 -4 -4 -4 -4 -4 -4 -4 -4 -4 -4 -4 -4 -4 -4 -4 -5 -5 -5 -5 -5 -5 -5 -5 -5 -5 -5 -4 -4 -4 -4 -4 -4 -4 -5 -5 -5 -5 -5 -5 -5 -5 -5 -5 -5 -4 -4 -4 -4 -4 -4 -4 -3 -3 -2 -2 -2 -2 -2 -3 -3 -3 -3 -3 -3 -2 -2 -2 -2 -2 -2 -2 -2 -2 -2 -2 -2 -2 -2 -1 -1 -1 -1 0 0 0 0 0 0 0 0 1 1 1 1 2 2 2 2 2 2 2 2 2 2 2 2 2 2 2 2 2 2 2 2 2 2 2 2 2 2 1 1 1 1 1 1 1 1 1 2 2 2 2 1 1 1 1 1 1 1 1 1 2 2 2 2 2 2 2 1 1 0 0 0 0 0 0 0 
SNR of 5G
6 6 10 10 10 10 7 7 7 7 5 5 7 7 7 7 7 7 7 7 7 7 3 3 2 2 4 4 4 4 4 4 5 0 0 0 0 2 2 3 3 2 2 2 2 1 1 1 1 4 4 4 4 4 4 6 6 6 6 6 6 5 5 5 5 5 5 5 5 5 0 0 0 0 0 0 0 0 0 0 2 2 2 2 1 1 2 2 0 0 0 0 -1 -1 -1 -1 -2 -2 -2 -2 -2 -2 1 1 7 7 7 7 8 8 8 8 7 7 6 6 6 6 5 5 5 5 5 0 0 0 0 0 0 0 0 0 0 0 0 0 0 0 0 0 0 0 0 0 0 0 0 0 0 0 0 0 0 0 0 0 0 0 0 0 0 0 0 0 0 0 0 0 0 0 0 0 0 0 0 0 0 0 0 0 0 0 0 0 0 0 0 0 0 0 0 0 0 0 0 0 0 0 0 0 0 0 0 0 0 0 0 0 0 0 0 0 0 0 0 0 0 0 0 0 0 0 0 0 0 0 0 0 0 0 0 0 0 0 0 0 0 0 0 0 0 0 0 0 0 0 0 0 0 0 0 0 0 0 0 0 0 0 0 0 0 0 0 0 0 -1 -1 -1 -1 -1 -1 0 0 0 4 4 1 1 7 7 6 6 6 6 -1 -1 -1 -1 -1 -1 -4 -4 -4 -5 4 4 4 4 6 6 6 6 3 3 1 1 1 1 2 2 3 3 3 3 0 0 0 0 0 0 0 0 0 0 0 0 0 0 0 0 0 0 0 0 0 0 0 0 0 0 0 5 5 5 5 5 5 9 9 14 14 6 2 9 9 9 9 9 9 9 9 9 10 10 10 10 10 10 10 13 13 13 0 0 0 0 0 0 
RSSI
-51 -51 -51 -51 -51 -51 -51 -51 -51 -51 -51 -51 -51 -51 -51 -51 -51 -51 -51 -51 -51 -51 -51 -51 -51 -51 -51 -51 -51 -51 -51 -51 -51 -51 -51 -51 -51 -51 -51 -51 -51 -51 -51 -51 -51 -51 -51 -51 -51 -51 -51 -51 -51 -51 -51 -51 -51 -51 -51 -51 -51 -51 -51 -51 -51 -51 -51 -51 -51 -51 -51 -51 -51 -51 -51 -51 -51 -51 -51 -51 -51 -51 -51 -51 -51 -51 -51 -51 -51 -51 -51 -51 -51 -51 -51 -51 -51 -51 -51 -51 -51 -51 -51 -51 -51 -51 -51 -51 -51 -51 -51 -51 -51 -51 -51 -51 -51 -51 -51 -51 -51 -51 -51 -51 -51 -51 -51 -51 -51 -51 -51 -51 -51 -51 -51 -51 -51 -51 -51 -51 -51 -51 -51 -51 -51 -51 -51 -51 -51 -51 -51 -51 -51 -51 -51 -51 -51 -51 -51 -51 -51 -51 -51 -51 -51 -51 -51 -51 -51 -51 -51 -51 -51 -51 -51 -51 -51 -51 -51 -51 -51 -51 -51 -51 -51 -51 -51 -51 -51 -51 -51 -51 -51 -51 -51 -51 -51 -51 -51 -51 -51 -51 -51 -51 -51 -51 -51 -51 -51 -51 -51 -51 -51 -51 -51 -51 -51 -51 -51 -51 -51 -51 -51 -51 -51 -51 -51 -51 -51 -51 -51 -51 -51 -51 -51 -51 -51 -51 -51 -51 -51 -51 -51 -51 -51 -51 -51 -51 -51 -51 -51 -51 -51 -51 -51 -51 -51 -51 -51 -51 -51 -51 -51 -51 -51 -51 -51 -51 -51 -51 -51 -51 -51 -51 -51 -51 -51 -51 -51 -51 -51 -51 -51 -51 -51 -51 -51 -51 -51 -51 -51 -51 -51 -51 -51 -51 -51 -51 -51 -51 -51 -51 -51 -51 -51 -51 -51 -51 -51 -51 -51 -51 -51 -51 -51 -51 -51 -51 -51 -51 -51 -51 -51 -51 -51 -51 -51 -51 -51 -51 -51 -51 -51 -51 -51 -51 -51 -51 -51 -51 -51 -51 -51 -51 -51 -51 -51 -51 -51 -51 -51 -51 -51 -51 -51 -51 -51 -51 -51 -51 -51 -51 -51 -51 -51 -51 -51 -51 -51 -51 -51 -51 -51 -51 -51 -55 -55 -55 
RSRP
-71 -71 -71 -71 -71 -71 -70 -70 -70 -70 -70 -70 -70 -70 -69 -69 -69 -69 -69 -69 -68 -68 -68 -68 -68 -68 -68 -68 -68 -68 -68 -68 -68 -68 -68 -68 -68 -68 -68 -68 -68 -68 -68 -68 -69 -70 -70 -70 -70 -71 -72 -72 -72 -72 -72 -73 -75 -75 -75 -75 -75 -76 -76 -76 -76 -77 -77 -78 -78 -78 -78 -78 -78 -78 -78 -78 -78 -78 -78 -78 -78 -78 -78 -78 -78 -78 -78 -78 -78 -78 -78 -78 -78 -78 -78 -78 -79 -79 -78 -78 -78 -78 -78 -78 -78 -78 -78 -78 -78 -78 -78 -78 -77 -77 -77 -77 -76 -76 -76 -76 -76 -76 -76 -75 -75 -74 -74 -74 -74 -74 -74 -74 -74 -74 -74 -74 -74 -74 -75 -75 -75 -75 -75 -75 -75 -75 -75 -75 -75 -75 -75 -75 -75 -75 -75 -75 -75 -75 -75 -75 -75 -75 -75 -75 -75 -75 -75 -75 -75 -75 -75 -75 -75 -75 -75 -75 -75 -75 -75 -75 -75 -75 -75 -76 -76 -76 -76 -76 -76 -76 -76 -76 -76 -76 -76 -76 -76 -76 -76 -76 -76 -76 -76 -76 -76 -82 -82 -82 -82 -82 -82 -82 -82 -82 -82 -82 -82 -82 -82 -82 -82 -82 -82 -82 -82 -82 -82 -82 -82 -82 -82 -82 -82 -82 -82 -82 -82 -82 -82 -82 -82 -82 -82 -82 -82 -82 -81 -81 -81 -81 -81 -81 -81 -82 -82 -82 -82 -82 -82 -82 -82 -82 -82 -82 -81 -80 -80 -80 -80 -80 -80 -79 -79 -78 -78 -78 -78 -78 -78 -78 -78 -78 -78 -78 -78 -78 -78 -78 -78 -78 -78 -78 -78 -78 -78 -78 -78 -78 -77 -77 -77 -77 -76 -76 -75 -75 -75 -74 -74 -74 -74 -74 -74 -74 -73 -73 -73 -73 -73 -73 -73 -73 -73 -73 -73 -73 -73 -73 -73 -73 -73 -73 -73 -73 -73 -73 -73 -73 -73 -73 -74 -74 -74 -74 -74 -74 -74 -73 -73 -72 -72 -72 -72 -73 -73 -73 -73 -73 -73 -73 -73 -73 -75 -75 -75 -75 -75 -75 -75 -77 -77 -79 -79 -79 -79 -82 -82 -82 
CID
13678086 13678086 13678086 13678086 13678086 13678086 13678086 13678086 13678086 13678086 13678086 13678086 13678086 13678086 13678086 13678086 13678086 13678086 13678086 13678086 13678086 13678086 13678086 13678086 13678086 13678086 13678086 13678086 13678086 13678086 13678086 13678086 13678086 13678086 13678086 13678086 13678086 13678086 13678086 13678086 13678086 13678086 13678086 13678086 13678086 13678086 13678086 13678086 13678086 13678086 13769742 13769742 13769742 13769742 13769742 13769742 13769742 13769742 13769742 13769742 13769742 13769742 13769742 13769742 13769742 13769742 13769742 13769742 13769742 13769742 13769742 13769742 13769742 13769742 13754896 13754896 13754896 13754896 13754896 13769745 13769745 13769745 13769745 13769745 13769745 13769745 13769745 13754896 13754896 13754896 13754896 13754896 13769745 13769745 13769745 13769745 13769745 13769745 13769745 13769745 13769745 13769745 13769745 13769745 13769745 13769745 13769745 13769745 13769745 13769745 13769745 13769745 13769745 13769745 13769745 13769745 13769745 13769745 13769745 13769745 13769745 13769745 13769745 13769745 13769745 13769745 13769745 13769745 13769745 13769745 13769745 13769745 13754896 13754896 13754896 13754896 13754896 13754896 13754896 13754896 13754896 13754896 13754896 13754896 13754896 13754896 13754896 13754896 13754896 13754896 13754896 13754896 13754896 13754896 13754896 13754896 13754896 13754896 13754896 13754896 13754896 13754896 13754896 13754896 13754896 13754896 13754896 13754896 13754896 13754896 13754896 13754896 13754896 13754896 13754896 13754896 13754896 13754896 13754896 13754896 13754896 13754896 13754896 13754896 13754896 13754896 13754896 13754896 13754896 13754896 13754896 13754896 13754896 13754896 13754896 13754896 13754896 13754896 13754896 13754896 13754896 13754896 13754896 13754896 13754896 13754896 13754896 13754896 13754896 13754896 13754896 13754896 13754896 13754896 13754896 13754896 13754896 13754896 13754896 13754896 13754896 13754896 13754896 13754896 13754896 13754896 13754896 13754896 13754896 13754896 13754896 13754896 13754896 13754896 13754896 13754896 13754896 13754896 13754896 13754896 13754896 13754896 13754896 13754896 13754896 13754896 13754896 13754896 13754896 13754896 13754896 13754896 13792279 13792279 13792279 13792279 13792279 13792279 13792279 13792279 13792279 13792279 13792279 13792279 13792279 13792279 13792279 13792279 13792279 13792279 13792279 13769745 13769745 13769745 13769745 13769745 13769745 13769745 13754896 13754896 13754896 13754896 13754896 13754896 13769745 13769745 13769745 13769745 13769745 13769745 13769745 13769745 13769745 13769745 13769745 13769745 13769745 13769745 13769745 13769745 13769745 13769745 13769745 13769745 13769745 13769745 13769745 13769745 13769745 13769745 13769745 13769745 13769745 13769745 13769745 13769745 13769745 13769745 13769745 13769745 13769745 13769745 13769745 13769745 13769745 13769745 13769745 13769745 13769745 13769745 13769745 13769745 13769745 13769745 13769745 13769745 13769745 13769745 13769745 13769745 13769745 13769745 13769745 13769745 13769745 13769745 13769745 13769745 13769745 13769745 13769745 13769745 13754896 13754896 13754896 13754896 13754896 13754896 13754896 13754896 13754896 13754896 13754896 13754896 13754896 13754896 13754896 13754896 13754896 13754896 13754896 13754896 13754896 13754896 13754896 13754896 13754896 13754896 
RSRP of 5G
-84 -84 -79 -79 -79 -79 -83 -83 -83 -83 -80 -80 -81 -76 -76 -76 -76 -76 -76 -76 -80 -80 -85 -85 -83 -83 -83 -83 -83 -83 -77 -77 -81 -81 -81 -81 -81 -79 -79 -83 -83 -81 -81 -85 -85 -84 -84 -85 -79 -81 -81 -81 -81 -81 -81 -79 -79 -79 -79 -79 -79 -84 -84 -84 -84 -80 -80 -75 -75 -75 -75 -75 -75 -75 -75 -75 -75 -75 -75 -75 -79 -79 -76 -76 -78 -78 -79 -79 -80 -80 -81 -81 -84 -84 -84 -84 -80 -80 -82 -82 -86 -86 -111 -80 -80 -80 -81 -81 -79 -79 -79 -79 -84 -84 -78 -78 -78 -78 -81 -81 -81 -81 -81 -81 -81 -81 -81 -81 -81 -81 -81 -81 -81 -81 -81 -81 -81 -81 -81 -81 -81 -81 -81 -81 -81 -81 -81 -81 -81 -81 -81 -81 -81 -81 -81 -81 -81 -81 -81 -81 -81 -81 -81 -81 -81 -81 -81 -81 -81 -81 -81 -81 -81 -81 -81 -81 -81 -81 -81 -81 -81 -81 -81 -81 -81 -81 -81 -81 -81 -81 -81 -81 -81 -81 -81 -81 -81 -81 -81 -81 -81 -81 -81 -81 -81 -81 -81 -81 -81 -81 -81 -81 -81 -81 -81 -81 -81 -81 -81 -81 -81 -81 -81 -81 -81 -81 -81 -81 -81 -81 -81 -81 -81 -81 -81 -81 -81 -81 -81 -81 -81 -81 -81 -81 -81 -81 -81 -81 -81 -81 -81 -81 -81 -81 -81 -81 -81 -81 -81 -81 -81 -81 -81 -81 -81 -79 -79 -81 -81 -81 -81 -94 -94 -94 -79 -79 -80 -80 -79 -79 -81 -81 -81 -81 -80 -80 -82 -82 -82 -82 -86 -86 -88 -82 -83 -83 -83 -83 -80 -80 -80 -80 -81 -81 -84 -84 -79 -79 -85 -85 -82 -82 -82 -82 -82 -82 -82 -82 -82 -82 -82 -82 -82 -82 -82 -82 -82 -82 -82 -82 -82 -82 -82 -82 -82 -82 -82 -82 -82 -82 -82 -78 -78 -78 -78 -78 -78 -74 -74 -77 -77 -85 -81 -83 -83 -83 -83 -83 -83 -83 -83 -83 -81 -80 -80 -80 -80 -80 -80 -87 -87 -83 -83 -83 -83 -83 -83 -83 
CQI
2147483647 2147483647 2147483647 2147483647 2147483647 2147483647 2147483647 2147483647 2147483647 2147483647 2147483647 2147483647 2147483647 2147483647 2147483647 2147483647 2147483647 2147483647 2147483647 2147483647 2147483647 2147483647 2147483647 2147483647 2147483647 2147483647 2147483647 2147483647 2147483647 2147483647 2147483647 2147483647 2147483647 2147483647 2147483647 2147483647 2147483647 2147483647 2147483647 2147483647 2147483647 2147483647 2147483647 2147483647 2147483647 2147483647 2147483647 2147483647 2147483647 2147483647 2147483647 2147483647 2147483647 2147483647 2147483647 2147483647 2147483647 2147483647 2147483647 2147483647 2147483647 2147483647 2147483647 2147483647 2147483647 2147483647 2147483647 2147483647 2147483647 2147483647 2147483647 2147483647 2147483647 2147483647 2147483647 2147483647 2147483647 2147483647 2147483647 2147483647 2147483647 2147483647 2147483647 2147483647 2147483647 2147483647 2147483647 2147483647 2147483647 2147483647 2147483647 2147483647 2147483647 2147483647 2147483647 2147483647 2147483647 2147483647 2147483647 2147483647 2147483647 2147483647 2147483647 2147483647 2147483647 2147483647 2147483647 2147483647 2147483647 2147483647 2147483647 2147483647 2147483647 2147483647 2147483647 2147483647 2147483647 2147483647 2147483647 2147483647 2147483647 2147483647 2147483647 2147483647 2147483647 2147483647 2147483647 2147483647 2147483647 2147483647 2147483647 2147483647 2147483647 2147483647 2147483647 2147483647 2147483647 2147483647 2147483647 2147483647 2147483647 2147483647 2147483647 2147483647 2147483647 2147483647 2147483647 2147483647 2147483647 2147483647 2147483647 2147483647 2147483647 2147483647 2147483647 2147483647 2147483647 2147483647 2147483647 2147483647 2147483647 2147483647 2147483647 2147483647 2147483647 2147483647 2147483647 2147483647 2147483647 2147483647 2147483647 2147483647 2147483647 2147483647 2147483647 2147483647 2147483647 2147483647 2147483647 2147483647 2147483647 2147483647 2147483647 2147483647 2147483647 2147483647 2147483647 2147483647 2147483647 2147483647 2147483647 2147483647 2147483647 2147483647 2147483647 2147483647 2147483647 2147483647 2147483647 2147483647 2147483647 2147483647 2147483647 2147483647 2147483647 2147483647 2147483647 2147483647 2147483647 2147483647 2147483647 2147483647 2147483647 2147483647 2147483647 2147483647 2147483647 2147483647 2147483647 2147483647 2147483647 2147483647 2147483647 2147483647 2147483647 2147483647 2147483647 2147483647 2147483647 2147483647 2147483647 2147483647 2147483647 2147483647 2147483647 2147483647 2147483647 2147483647 2147483647 2147483647 2147483647 2147483647 2147483647 2147483647 2147483647 2147483647 2147483647 2147483647 2147483647 2147483647 2147483647 2147483647 2147483647 2147483647 2147483647 2147483647 2147483647 2147483647 2147483647 2147483647 2147483647 2147483647 2147483647 2147483647 2147483647 2147483647 2147483647 2147483647 2147483647 2147483647 2147483647 2147483647 2147483647 2147483647 2147483647 2147483647 2147483647 2147483647 2147483647 2147483647 2147483647 2147483647 2147483647 2147483647 2147483647 2147483647 2147483647 2147483647 2147483647 2147483647 2147483647 2147483647 2147483647 2147483647 2147483647 2147483647 2147483647 2147483647 2147483647 2147483647 2147483647 2147483647 2147483647 2147483647 2147483647 2147483647 2147483647 2147483647 2147483647 2147483647 2147483647 2147483647 2147483647 2147483647 2147483647 2147483647 2147483647 2147483647 2147483647 2147483647 2147483647 2147483647 2147483647 2147483647 2147483647 2147483647 2147483647 2147483647 2147483647 2147483647 2147483647 2147483647 2147483647 2147483647 2147483647 2147483647 2147483647 2147483647 2147483647 2147483647 2147483647 2147483647 2147483647 2147483647 2147483647 2147483647 2147483647 2147483647 2147483647 2147483647 2147483647 2147483647 2147483647 2147483647 2147483647 2147483647 2147483647 2147483647 2147483647 2147483647 2147483647 2147483647 2147483647 2147483647 2147483647 2147483647 2147483647 2147483647 2147483647 2147483647 2147483647 2147483647 2147483647 2147483647 2147483647 2147483647 2147483647 2147483647 
Altitude
-92.8653564453125 -92.22064208984375 -91.4490966796875 -90.6352767944336 -89.99056243896484 -89.39869689941406 -88.6007308959961 -87.71820831298828 -87.16861724853516 -86.2226791381836 -85.37715148925781 -83.6438217163086 -81.88935089111328 -79.73854064941406 -77.58773040771484 -75.43692016601562 -73.3653793334961 -71.22513580322266 -69.26985168457031 -67.20887756347656 -65.23246002197266 -63.29831314086914 -61.22148513793945 -59.28205871582031 -57.067832946777344 -55.054420471191406 -52.94060134887695 -51.12799835205078 -48.956050872802734 -46.937355041503906 -45.13532257080078 -43.169471740722656 -40.86540985107422 -38.693458557128906 -36.76459884643555 -34.73004913330078 -32.658504486083984 -30.882896423339844 -28.65810203552246 -26.908916473388672 -24.631277084350586 -22.496320724487305 -20.821117401123047 -19.040225982666016 -16.91583824157715 -15.156083106994629 -13.221939086914062 -10.738201141357422 -8.58210563659668 -6.880481243133545 -4.830076694488525 -2.8378021717071533 -0.7504057884216309 1.2128037214279175 2.895932197570801 5.094304084777832 6.957107067108154 9.102633476257324 11.086980819702148 13.179662704467773 14.868075370788574 16.141651153564453 17.195919036865234 17.993885040283203 18.916038513183594 19.48148536682129 19.922744750976562 20.316444396972656 20.615020751953125 20.97965431213379 21.2359561920166 21.57680892944336 21.78290557861328 22.218881607055664 22.414409637451172 22.38006019592285 22.794897079467773 22.924367904663086 23.167457580566406 23.526805877685547 23.703838348388672 23.98920440673828 24.12924575805664 24.425180435180664 24.24814796447754 24.367050170898438 22.82660484313965 21.06949234008789 20.017868041992188 19.056079864501953 18.25811195373535 16.53270721435547 15.008115768432617 13.602426528930664 12.688199043273926 10.738201141357422 9.097349166870117 8.04043960571289 6.877839088439941 5.762799263000488 4.077028751373291 2.4097537994384766 1.0806900262832642 -0.11097550392150879 -0.7926821708679199 -1.5008115768432617 -1.3211369514465332 -2.430891990661621 -2.948777675628662 -3.3979642391204834 -3.4402406215667725 -3.7150371074676514 -4.29105281829834 -4.7138166427612305 -5.163002967834473 -5.030889511108398 -4.687394142150879 -4.59227180480957 -4.613409996032715 -4.407312870025635 -4.428451061248779 -4.4337358474731445 -4.528857231140137 -4.697962760925293 -4.682109355926514 -4.697962760925293 -4.919914245605469 -4.919914245605469 -4.793085098266602 -4.666255950927734 -4.491865634918213 -3.89471173286438 -3.2499969005584717 -0.834958553314209 1.6408520936965942 2.9355664253234863 2.9646313190460205 4.608125686645508 6.153855800628662 7.958528995513916 10.03799819946289 11.731696128845215 13.60506820678711 14.976408004760742 16.619903564453125 17.734943389892578 18.506486892700195 19.29388427734375 20.168476104736328 20.667865753173828 21.383922576904297 21.373353958129883 21.84632110595703 22.377418518066406 22.79753875732422 22.78961181640625 22.81075096130371 23.238798141479492 23.27579116821289 22.744693756103516 22.847742080688477 23.687986373901367 24.380260467529297 24.404041290283203 24.702619552612305 24.9404239654541 25.112171173095703 25.146520614624023 25.172943115234375 24.834732055664062 24.91928482055664 24.829448699951172 24.993268966674805 25.02497673034668 24.855871200561523 24.91400146484375 24.932497024536133 25.1782283782959 24.60749626159668 23.701196670532227 20.96644401550293 19.67437171936035 18.416648864746094 16.672748565673828 15.18250560760498 14.014620780944824 12.154459953308105 11.08962345123291 9.530681610107422 8.093284606933594 6.7615790367126465 5.358531475067139 4.0188984870910645 2.156095504760742 0.2510160207748413 -0.554877519607544 -0.9670722484588623 -1.1890232563018799 -2.980484962463379 -2.467883825302124 -3.186582326889038 -4.222353935241699 -4.29105281829834 -4.428451061248779 -4.217069149017334 -4.956905841827393 -5.258125305175781 -5.3955230712890625 -5.215848922729492 -4.85121488571167 -5.347962379455566 -5.902839660644531 -5.94511604309082 -5.3955230712890625 -4.491865634918213 -4.602841377258301 -4.793085098266602 -4.692678451538086 -5.015035629272461 -4.999182224273682 -4.740239143371582 -4.882922172546387 -4.697962760925293 -5.194710731506348 -5.136580467224121 -4.85121488571167 -4.0796709060668945 -2.499591112136841 -0.8508121967315674 0.7266253232955933 2.1904449462890625 3.6119885444641113 5.075808048248291 7.041659832000732 8.946739196777344 11.301005363464355 12.72783374786377 14.611774444580078 15.7347412109375 17.417869567871094 17.647747039794922 18.839412689208984 19.441850662231445 19.854045867919922 20.245101928710938 20.755062103271484 22.25587272644043 21.378637313842773 22.197742462158203 22.514816284179688 22.813392639160156 23.154245376586914 23.500383377075195 21.79083251953125 21.962581634521484 22.897945404052734 22.67863655090332 23.904651641845703 23.74875831604004 24.13452911376953 23.931074142456055 24.118675231933594 23.78046417236328 24.047334671020508 24.459529876708984 24.372333526611328 24.015626907348633 23.582294464111328 23.537376403808594 24.53351402282715 24.644489288330078 25.582496643066406 25.89164161682129 25.151805877685547 25.291845321655273 24.834732055664062 23.695911407470703 22.105262756347656 20.884532928466797 19.846118927001953 17.999170303344727 16.746732711791992 14.857505798339844 13.879864692687988 13.121532440185547 11.15832233428955 9.269096374511719 7.940032958984375 5.9266204833984375 5.2739787101745605 4.040036678314209 3.3556878566741943 1.630282998085022 0.6315034627914429 -1.1784541606903076 -3.0808913707733154 -5.168287754058838 -6.605684757232666 -7.509342193603516 -9.58088493347168 -10.759339332580566 -12.371126174926758 -13.560150146484375 -15.097952842712402 -16.926406860351562 -18.49591827392578 -20.329654693603516 -21.0272159576416 -21.302011489868164 -23.653636932373047 -24.985342025756836 -26.898347854614258 -28.103225708007812 -30.05322265625 -32.54753112792969 -33.83695983886719 -35.760536193847656 -36.46337890625 -37.37760543823242 -39.126792907714844 -40.706871032714844 -41.31987762451172 -42.66743850708008 -44.17353439331055 -46.3613395690918 -47.5767822265625 -48.84507369995117 -52.010520935058594 -54.071495056152344 -54.48897171020508 -55.947505950927734 -57.72840118408203 -59.14466094970703 -60.7617301940918 -61.834495544433594 -63.351158142089844 -65.01579284667969 -66.34221649169922 -67.67920684814453 -68.75196838378906 -70.5804214477539 -72.4035873413086 -74.3060302734375 -75.72228240966797 -77.1174087524414 -78.68692016601562 -79.97106170654297 -81.7730941772461 -83.15764617919922 -84.48406219482422 -85.27674865722656 -86.40235900878906 -88.11454772949219 -89.37226867675781 -89.53609466552734 -89.66820526123047 -89.84259796142578 -90.14381408691406 -90.27593231201172 -90.62471008300781 -90.76739501953125 -91.04219055175781 -91.2271499633789 -91.47552490234375 -91.65519714355469 -91.89300537109375 -91.90357208251953 -92.06739044189453 -92.3421859741211 -92.65926361083984 -92.87064361572266 -93.12958526611328 -93.26170349121094 -93.573486328125 -93.73731231689453 -93.96454620361328 -94.10194396972656 -94.2816162109375 