LTE(1) or 5G(2)
2 2 2 2 2 2 2 2 2 2 2 2 2 2 2 2 2 2 2 2 2 2 2 2 2 2 2 2 2 2 2 2 2 2 2 2 2 2 2 2 2 2 2 2 2 2 2 2 2 2 2 2 2 2 2 2 2 2 2 1 1 1 2 2 2 2 2 2 2 2 1 2 2 2 2 2 2 2 2 2 2 2 2 2 2 2 2 2 2 2 2 2 2 2 2 2 2 2 2 2 2 2 2 2 2 2 2 2 2 2 2 2 2 2 2 2 2 2 2 2 2 2 2 2 2 2 1 1 1 2 2 2 2 2 2 2 2 1 1 1 2 2 2 2 2 2 2 2 2 1 1 1 2 2 2 2 2 2 2 1 1 2 2 2 2 2 2 2 2 2 2 2 2 2 2 2 2 2 2 2 2 2 2 2 2 2 2 2 2 2 2 2 2 2 2 2 2 2 2 2 2 2 2 2 2 2 2 2 2 2 2 2 2 2 2 2 2 2 1 1 2 2 2 2 2 2 2 2 2 2 2 2 2 2 2 2 2 2 2 2 2 2 2 2 2 2 2 2 2 2 2 2 2 2 2 2 2 2 2 2 2 2 2 2 2 2 2 2 2 2 2 2 2 2 2 2 2 2 2 2 2 2 2 2 2 2 2 2 2 2 2 2 2 2 2 2 2 2 2 2 2 2 2 2 2 2 2 2 2 2 2 2 2 2 2 2 2 2 2 2 2 2 2 2 2 2 2 2 2 2 2 2 2 2 2 2 2 2 2 2 2 2 
SNR of LTE
13 13 13 13 13 13 11 11 11 11 11 10 10 10 10 8 8 7 7 7 7 5 5 5 5 5 5 5 4 4 4 4 4 4 3 3 3 3 3 2 2 2 2 2 2 2 1 1 1 1 0 0 -1 -1 -1 -1 -1 -1 -1 -1 -1 -2 -2 -3 -3 -3 -3 -3 -3 -5 -5 -5 -5 -5 -5 -5 -5 -5 -5 -5 -5 -5 -5 -5 -5 -5 -5 -5 -5 -5 -5 -3 -3 -3 -3 -3 -3 -3 -3 -3 -3 -3 -3 -3 -3 -3 -3 -3 -3 -3 -1 -1 -1 -1 -1 -1 -1 -1 0 0 0 0 0 0 -2 -2 -2 -2 -2 -3 -3 -3 -4 -4 -4 -4 -4 -5 -5 -5 -5 -5 -5 -5 -5 -5 -4 -3 -3 -3 -2 -2 -2 -2 0 0 0 0 0 1 1 1 1 1 1 1 1 0 0 0 0 -1 -1 -1 -1 -1 -1 -1 -1 -1 -1 -2 -2 -2 -2 -2 -2 -2 -2 -2 -1 -1 -1 -1 -1 -1 -1 -1 -1 -2 -2 -3 -3 -3 -3 -3 -3 -2 -2 -2 -2 -2 -2 -2 -2 -2 -2 -2 -2 -1 -1 -1 -1 -1 0 0 1 1 1 1 1 1 1 1 1 1 0 0 0 0 0 0 0 0 -1 -1 -1 -1 -2 -2 -2 -2 -3 -3 -3 -3 -3 -3 -3 -3 -3 -4 -4 -4 -4 -4 -4 -4 -4 -4 -4 -4 -4 -4 -4 -4 -5 -5 -5 -5 -4 -4 -4 -4 -3 -2 -2 -2 -2 -2 -2 -2 -1 0 0 0 0 0 2 2 2 2 3 3 3 3 3 3 3 3 3 4 4 4 4 5 5 5 5 5 5 5 5 5 5 5 5 6 6 6 7 7 7 9 9 9 9 9 10 10 11 11 
SNR of 5G
12 12 12 12 11 11 11 11 11 11 11 9 9 9 9 7 7 7 7 7 7 8 7 7 7 7 7 7 2 2 1 1 2 2 3 3 3 3 3 5 4 4 4 4 4 4 -1 -1 -1 -1 -1 -1 -1 -1 3 3 0 0 -4 0 0 0 1 1 2 2 -1 -1 -1 -1 0 -3 0 0 1 1 3 3 4 4 3 3 4 4 4 4 4 4 4 4 4 6 6 6 6 6 6 6 6 6 6 6 6 6 6 6 6 6 6 6 2 2 2 2 -2 -2 -1 -1 2 2 1 1 -1 -1 -1 -1 0 0 0 -3 -3 -3 -3 0 0 0 0 0 0 0 0 0 0 0 -1 -1 -1 -1 -2 0 0 0 -4 -4 -4 -4 0 0 -2 0 0 2 2 1 1 -1 -1 0 0 0 0 0 2 2 2 2 2 2 2 1 1 -1 -1 -3 -3 1 1 0 -2 -1 1 2 2 1 1 1 1 -1 -1 -3 -4 4 4 2 2 1 1 4 4 4 4 2 2 2 1 -4 -4 -7 0 0 0 0 0 0 1 1 0 0 0 0 1 1 1 1 1 1 2 2 4 4 4 4 4 4 2 2 2 2 1 1 0 0 0 0 0 0 -3 -3 5 5 1 1 0 0 2 2 -1 -1 -1 -1 -1 -1 -1 -1 -1 -1 0 0 0 0 0 0 0 0 0 1 5 5 4 4 3 3 2 2 2 2 4 4 4 4 4 4 4 4 4 4 4 4 4 4 4 5 8 8 4 4 10 10 11 11 12 12 12 12 12 12 12 11 12 12 11 11 11 10 10 10 10 10 11 11 11 11 
RSSI
-51 -51 -51 -51 -51 -51 -51 -51 -51 -51 -51 -51 -51 -51 -51 -51 -51 -51 -51 -51 -51 -51 -51 -51 -51 -51 -51 -51 -51 -51 -51 -51 -51 -51 -51 -51 -51 -51 -51 -51 -51 -51 -51 -51 -51 -51 -51 -51 -51 -51 -51 -51 -51 -51 -51 -51 -51 -51 -51 -51 -51 -51 -51 -51 -51 -51 -51 -51 -51 -51 -51 -51 -51 -51 -51 -51 -51 -51 -51 -51 -51 -51 -51 -51 -51 -51 -51 -51 -51 -51 -51 -51 -51 -51 -51 -51 -51 -51 -51 -51 -51 -51 -51 -51 -51 -51 -51 -51 -51 -51 -51 -51 -51 -51 -51 -51 -51 -51 -51 -51 -51 -51 -51 -51 -51 -51 -51 -51 -51 -51 -51 -51 -51 -51 -51 -51 -51 -51 -51 -51 -51 -51 -51 -51 -51 -51 -51 -51 -51 -51 -51 -51 -51 -51 -51 -51 -51 -51 -51 -51 -51 -51 -51 -51 -51 -51 -51 -51 -51 -51 -51 -51 -51 -51 -51 -51 -51 -51 -51 -51 -51 -51 -51 -51 -51 -51 -51 -51 -51 -51 -51 -51 -51 -51 -51 -51 -51 -51 -51 -51 -51 -51 -51 -51 -51 -51 -51 -51 -51 -51 -51 -51 -51 -51 -51 -51 -51 -51 -51 -51 -51 -51 -51 -51 -51 -51 -51 -51 -51 -51 -51 -51 -51 -51 -51 -51 -51 -51 -51 -51 -51 -51 -51 -51 -51 -51 -51 -51 -51 -51 -51 -51 -51 -51 -51 -51 -51 -51 -51 -51 -51 -51 -51 -51 -51 -51 -51 -51 -51 -51 -51 -51 -51 -51 -51 -51 -51 -51 -51 -51 -51 -51 -51 -51 -51 -51 -51 -51 -51 -51 -51 -51 -51 -51 -51 -51 -51 -51 -51 -51 -51 -51 -51 -51 -51 -51 -51 -51 -51 -51 -51 -51 -51 -51 -51 -51 -51 -51 -51 -51 -51 -51 -51 -51 -51 -51 -51 -51 -51 -51 -51 -51 -51 -51 -51 -51 -51 -51 -51 -51 -51 -51 
RSRP
-68 -68 -68 -68 -68 -68 -68 -68 -68 -68 -68 -69 -69 -69 -69 -69 -69 -69 -69 -69 -69 -69 -69 -69 -69 -69 -69 -69 -70 -70 -70 -70 -70 -70 -70 -70 -70 -70 -70 -70 -70 -70 -70 -70 -70 -70 -70 -70 -70 -70 -71 -71 -72 -72 -72 -72 -73 -73 -73 -73 -73 -74 -74 -75 -75 -75 -76 -76 -76 -78 -78 -78 -78 -78 -78 -78 -78 -78 -79 -79 -79 -79 -79 -79 -79 -79 -79 -79 -79 -79 -79 -78 -78 -78 -78 -78 -78 -78 -78 -78 -78 -78 -78 -78 -78 -78 -78 -78 -78 -78 -76 -76 -76 -76 -76 -76 -76 -76 -76 -76 -76 -76 -76 -76 -77 -77 -77 -78 -78 -78 -78 -78 -79 -79 -79 -79 -79 -80 -80 -80 -80 -80 -80 -80 -79 -79 -78 -77 -77 -77 -75 -75 -75 -75 -74 -74 -74 -74 -74 -74 -74 -74 -74 -74 -74 -74 -74 -74 -74 -74 -74 -74 -74 -74 -74 -74 -74 -74 -74 -74 -74 -75 -75 -75 -75 -75 -75 -75 -75 -75 -75 -75 -75 -75 -75 -75 -75 -75 -75 -76 -76 -77 -77 -78 -78 -78 -78 -77 -77 -75 -75 -75 -75 -76 -76 -76 -76 -75 -75 -74 -74 -74 -74 -74 -72 -71 -70 -70 -70 -70 -69 -69 -69 -69 -69 -69 -71 -71 -71 -71 -71 -71 -71 -71 -72 -72 -72 -72 -74 -74 -74 -74 -75 -75 -75 -75 -75 -75 -76 -76 -76 -76 -76 -76 -76 -76 -77 -77 -77 -77 -77 -77 -77 -77 -78 -78 -78 -78 -78 -78 -77 -77 -77 -77 -76 -75 -75 -75 -74 -74 -74 -74 -73 -71 -71 -71 -71 -71 -69 -69 -69 -69 -69 -69 -69 -69 -69 -69 -69 -69 -69 -69 -69 -69 -69 -68 -68 -68 -68 -68 -68 -68 -68 -68 -69 -69 -69 -68 -68 -68 -68 -68 -68 -68 -68 -68 -68 -68 -68 -68 -68 -68 
CID
13678086 13678086 13678086 13678086 13678086 13678086 13678086 13678086 13678086 13678086 13678086 13678086 13678086 13678086 13678086 13678086 13678086 13678086 13678086 13678086 13678086 13678086 13678086 13678086 13678086 13678086 13678086 13678086 13678086 13678086 13678086 13678086 13678086 13678086 13678086 13678086 13678086 13678086 13678086 13678086 13678086 13678086 13678086 13678086 13678086 13678086 13678086 13678086 13678086 13678086 13769742 13769742 13769742 13769742 13769742 13769742 13769742 13769742 13769742 13769742 13769742 13769742 13769742 13769742 13769742 13769742 13769742 13769742 13769742 13769742 13769742 13769742 13678086 13678086 13678086 13678086 13678086 13678086 13769742 13769742 13769742 13769742 13769742 13769742 13769742 13769742 13769742 13769742 13769742 13769742 13769742 13769742 13769742 13769742 13769742 13769742 13769742 13769742 13769742 13769742 13769742 13769742 13769742 13769742 13769742 13769742 13769742 13769742 13769742 13769742 13769742 13769742 13769742 13769742 13769742 13769742 13769742 13769742 13769742 13769742 13769742 13769742 13769742 13769742 13769742 13769742 13769742 13792526 13792526 13792526 13754893 13754893 13754893 13754893 13754893 13754893 13754893 13754893 13792526 13792526 13792526 13792526 13792526 13792526 13792526 13792526 13792526 13792526 13792526 13792526 13792526 13792526 13792526 13792526 13792526 13792526 13792526 13792526 13792526 13792526 13792526 13792526 13792526 13678086 13678086 13678086 13678086 13678086 13678086 13678086 13678086 13678086 13769742 13769742 13769742 13769742 13769742 13769742 13769742 13769742 13769742 13769742 13769742 13769742 13678086 13678086 13678086 13678086 13678086 13792526 13792526 13678086 13678086 13678086 13678086 13792526 13792526 13792526 13792526 13678086 13678086 13678086 13678086 13678086 13678086 13678086 13678086 13678086 13678086 13678086 13678086 13678086 13678086 13678086 13678086 13678086 13678086 13678086 13678086 13678086 13678086 13678086 13678086 13678086 13678086 13678086 13678086 13678086 13678086 13678086 13678086 13678086 13678086 13678086 13678086 13678086 13678086 13678086 13678086 13678086 13678086 13678086 13678086 13678086 13678086 13678086 13678086 13678086 13678086 13678086 13678086 13678086 13678086 13678086 13678086 13678086 13678086 13769742 13769742 13769742 13769742 13769742 13769742 13769742 13769742 13769742 13769742 13769742 13769742 13769742 13769742 13769742 13769742 13769742 13769742 13769742 13678086 13678086 13678086 13678086 13678086 13678086 13678086 13678086 13678086 13678086 13678086 13678086 13678086 13678086 13678086 13678086 13678086 13678086 13678086 13678086 13678086 13678086 13678086 13678086 13678086 13678086 13678086 13678086 13678086 13678086 13678086 13678086 13678086 13678086 13678086 13678086 13678086 13678086 13678086 13678086 13678086 13678086 13678086 13678086 13678086 13678086 13678086 13678086 13678086 13678086 13678086 13678086 13678086 13678086 13678086 13678086 13678086 13678086 13678086 13678086 13678086 13678086 13678086 13678086 13678086 13678086 
RSRP of 5G
-81 -81 -81 -81 -79 -79 -84 -84 -84 -84 -84 -83 -83 -83 -83 -82 -82 -75 -75 -75 -75 -78 -81 -81 -81 -81 -81 -81 -87 -87 -86 -86 -86 -86 -83 -83 -83 -83 -83 -86 -80 -80 -88 -88 -81 -81 -81 -81 -81 -81 -83 -83 -81 -81 -81 -81 -88 -88 -90 -90 -90 -90 -93 -93 -80 -80 -84 -84 -82 -82 -82 -85 -99 -89 -89 -89 -90 -90 -80 -80 -86 -86 -81 -81 -81 -81 -81 -81 -81 -81 -81 -81 -81 -81 -81 -81 -81 -81 -81 -81 -81 -81 -81 -81 -81 -81 -81 -81 -81 -81 -82 -82 -88 -81 -92 -92 -79 -79 -80 -80 -81 -81 -93 -93 -92 -92 -92 -92 -92 -103 -103 -103 -81 -84 -84 -84 -84 -82 -82 -82 -83 -83 -83 -83 -95 -95 -97 -97 -97 -97 -97 -97 -97 -97 -87 -87 -85 -85 -89 -89 -89 -80 -80 -93 -93 -92 -92 -83 -83 -88 -78 -78 -78 -78 -78 -78 -78 -78 -78 -78 -78 -79 -79 -86 -76 -88 -88 -79 -80 -79 -78 -81 -81 -76 -76 -80 -80 -82 -82 -80 -72 -71 -71 -75 -75 -86 -86 -81 -81 -80 -80 -85 -76 -99 -84 -86 -86 -82 -82 -82 -84 -84 -84 -84 -83 -83 -87 -87 -87 -87 -85 -85 -85 -85 -85 -85 -82 -82 -75 -75 -75 -75 -75 -75 -79 -79 -80 -80 -80 -80 -85 -85 -85 -85 -82 -82 -84 -84 -85 -85 -90 -83 -88 -88 -80 -80 -90 -82 -82 -82 -82 -82 -80 -80 -81 -81 -80 -80 -81 -81 -85 -85 -83 -83 -91 -81 -89 -89 -80 -80 -88 -88 -85 -85 -85 -85 -80 -80 -82 -82 -79 -79 -79 -79 -79 -79 -79 -79 -79 -79 -79 -74 -79 -79 -88 -88 -85 -85 -77 -77 -81 -81 -81 -81 -82 -82 -82 -82 -79 -79 -81 -81 -81 -82 -82 -82 -82 -82 -80 -80 -81 -81 
CQI
2147483647 2147483647 2147483647 2147483647 2147483647 2147483647 2147483647 2147483647 2147483647 2147483647 2147483647 2147483647 2147483647 2147483647 2147483647 2147483647 2147483647 2147483647 2147483647 2147483647 2147483647 2147483647 2147483647 2147483647 2147483647 2147483647 2147483647 2147483647 2147483647 2147483647 2147483647 2147483647 2147483647 2147483647 2147483647 2147483647 2147483647 2147483647 2147483647 2147483647 2147483647 2147483647 2147483647 2147483647 2147483647 2147483647 2147483647 2147483647 2147483647 2147483647 2147483647 2147483647 2147483647 2147483647 2147483647 2147483647 2147483647 2147483647 2147483647 2147483647 2147483647 2147483647 2147483647 2147483647 2147483647 2147483647 2147483647 2147483647 2147483647 2147483647 2147483647 2147483647 2147483647 2147483647 2147483647 2147483647 2147483647 2147483647 2147483647 2147483647 2147483647 2147483647 2147483647 2147483647 2147483647 2147483647 2147483647 2147483647 2147483647 2147483647 2147483647 2147483647 2147483647 2147483647 2147483647 2147483647 2147483647 2147483647 2147483647 2147483647 2147483647 2147483647 2147483647 2147483647 2147483647 2147483647 2147483647 2147483647 2147483647 2147483647 2147483647 2147483647 2147483647 2147483647 2147483647 2147483647 2147483647 2147483647 2147483647 2147483647 2147483647 2147483647 2147483647 2147483647 2147483647 2147483647 2147483647 2147483647 2147483647 2147483647 2147483647 2147483647 2147483647 2147483647 2147483647 2147483647 2147483647 2147483647 2147483647 2147483647 2147483647 2147483647 2147483647 2147483647 2147483647 2147483647 2147483647 2147483647 2147483647 2147483647 2147483647 2147483647 2147483647 2147483647 2147483647 2147483647 2147483647 2147483647 2147483647 2147483647 2147483647 2147483647 2147483647 2147483647 2147483647 2147483647 2147483647 2147483647 2147483647 2147483647 2147483647 2147483647 2147483647 2147483647 2147483647 2147483647 2147483647 2147483647 2147483647 2147483647 2147483647 2147483647 2147483647 2147483647 2147483647 2147483647 2147483647 2147483647 2147483647 2147483647 2147483647 2147483647 2147483647 2147483647 2147483647 2147483647 2147483647 2147483647 2147483647 2147483647 2147483647 2147483647 2147483647 2147483647 2147483647 2147483647 2147483647 2147483647 2147483647 2147483647 2147483647 2147483647 2147483647 2147483647 2147483647 2147483647 2147483647 2147483647 2147483647 2147483647 2147483647 2147483647 2147483647 2147483647 2147483647 2147483647 2147483647 2147483647 2147483647 2147483647 2147483647 2147483647 2147483647 2147483647 2147483647 2147483647 2147483647 2147483647 2147483647 2147483647 2147483647 2147483647 2147483647 2147483647 2147483647 2147483647 2147483647 2147483647 2147483647 2147483647 2147483647 2147483647 2147483647 2147483647 2147483647 2147483647 2147483647 2147483647 2147483647 2147483647 2147483647 2147483647 2147483647 2147483647 2147483647 2147483647 2147483647 2147483647 2147483647 2147483647 2147483647 2147483647 2147483647 2147483647 2147483647 2147483647 2147483647 2147483647 2147483647 2147483647 2147483647 2147483647 2147483647 2147483647 2147483647 2147483647 2147483647 2147483647 2147483647 2147483647 2147483647 2147483647 2147483647 2147483647 2147483647 2147483647 2147483647 2147483647 2147483647 2147483647 2147483647 2147483647 2147483647 2147483647 2147483647 2147483647 2147483647 2147483647 2147483647 2147483647 2147483647 2147483647 2147483647 2147483647 2147483647 2147483647 2147483647 2147483647 2147483647 2147483647 2147483647 2147483647 2147483647 2147483647 2147483647 2147483647 2147483647 2147483647 2147483647 2147483647 2147483647 2147483647 2147483647 2147483647 2147483647 2147483647 2147483647 2147483647 2147483647 2147483647 2147483647 2147483647 
Altitude
-117.50192260742188 -116.3234634399414 -115.58363342285156 -114.67469024658203 -113.85558319091797 -112.93607330322266 -112.21736907958984 -111.33485412597656 -110.58972930908203 -110.46290588378906 -109.8657455444336 -108.7507095336914 -108.2962417602539 -107.48770141601562 -106.72144317626953 -105.07794952392578 -103.4555892944336 -101.02470397949219 -99.08527374267578 -96.85519409179688 -95.06901550292969 -93.17185974121094 -91.29584503173828 -89.50438690185547 -87.80276489257812 -85.41943359375 -83.56983947753906 -81.77837371826172 -80.14545440673828 -78.13732147216797 -76.2348861694336 -74.29545593261719 -72.40887451171875 -70.4535903930664 -68.60399627685547 -66.46376037597656 -64.63530731201172 -62.54262161254883 -60.73530960083008 -58.75360107421875 -57.02027130126953 -54.991004943847656 -53.02515411376953 -51.117431640625 -48.98775863647461 -47.00605392456055 -44.92394256591797 -42.831260681152344 -40.907684326171875 -39.05280685424805 -37.208499908447266 -35.491024017333984 -34.006065368652344 -32.80647277832031 -31.617448806762695 -31.136554718017578 -30.35972785949707 -29.69387435913086 -29.16013526916504 -28.594688415527344 -28.330461502075195 -28.251192092895508 -27.976396560668945 -27.823144912719727 -27.77029800415039 -27.516639709472656 -27.484933853149414 -27.379241943359375 -27.29997444152832 -28.08208656311035 -29.51948356628418 -30.322734832763672 -32.526390075683594 -33.97964096069336 -35.427608489990234 -36.24142837524414 -38.30240249633789 -39.44915008544922 -40.36337661743164 -41.84833526611328 -43.349143981933594 -44.86052703857422 -46.35605239868164 -48.158084869384766 -50.04995346069336 -51.71458435058594 -52.792633056640625 -53.75970458984375 -54.31458282470703 -55.360923767089844 -55.788970947265625 -56.4548225402832 -56.53409194946289 -57.04669189453125 -57.25807571411133 -57.39547348022461 -57.88693618774414 -58.114173889160156 -58.03490447998047 -57.7653923034668 -57.210514068603516 -57.61742401123047 -57.81295394897461 -57.80766677856445 -57.82880783081055 -57.760108947753906 -57.923927307128906 -57.9979133605957 -58.11945724487305 -58.17230224609375 -57.982059478759766 -58.1617317199707 -57.855228424072266 -58.050758361816406 -58.066612243652344 -56.8723030090332 -56.12189865112305 -54.96458053588867 -53.009300231933594 -52.53897476196289 -51.376373291015625 -51.6458854675293 -49.19913864135742 -47.513370513916016 -45.119468688964844 -42.292236328125 -39.977603912353516 -39.110939025878906 -38.02760696411133 -37.583702087402344 -36.72760772705078 -36.294273376464844 -35.697120666503906 -35.078826904296875 -34.714195251464844 -34.233299255371094 -33.45118713378906 -33.276798248291016 -32.89102554321289 -32.57923889160156 -32.68492889404297 -32.219886779785156 -31.839401245117188 -31.40606689453125 -30.86704444885254 -29.36623191833496 -29.799564361572266 -28.959321975708008 -28.282899856567383 -27.558916091918945 -27.955257415771484 -27.617046356201172 -27.881275177001953 -28.351598739624023 -28.753225326538086 -28.045095443725586 -27.786151885986328 -27.61176300048828 -27.79143714904785 -27.585338592529297 -27.495502471923828 -29.065013885498047 -30.597532272338867 -31.009727478027344 -33.54631042480469 -35.01541519165039 -36.484519958496094 -37.0605354309082 -38.820289611816406 -39.750370025634766 -40.997520446777344 -42.033294677734375 -43.95158386230469 -45.30442810058594 -47.29670333862305 -47.735321044921875 -49.378814697265625 -50.13450622558594 -52.04222869873047 -53.73856735229492 -54.573524475097656 -55.530029296875 -56.24344253540039 -57.10482406616211 -57.51173400878906 -57.89221954345703 -58.46295166015625 -59.266204833984375 -59.03896713256836 -59.7629508972168 -60.138153076171875 -60.38124465942383 -59.83693313598633 -59.72067642211914 -60.14344024658203 -60.22799301147461 -60.18571472167969 -59.979618072509766 -59.96904754638672 -59.625553131103516 -59.36661148071289 -59.50929260253906 -59.51457595825195 -59.5779914855957 -59.64140701293945 -60.31782913208008 -59.65726089477539 -59.45644760131836 -59.0548210144043 -57.97148895263672 -54.991004943847656 -53.40035629272461 -52.25360870361328 -51.56661605834961 -51.05401611328125 -48.69182205200195 -47.180442810058594 -45.56336975097656 -43.835323333740234 -42.11784744262695 -40.34223937988281 -39.063377380371094 -37.59427261352539 -36.553218841552734 -35.654842376708984 -35.15281295776367 -34.96257019042969 -34.02720260620117 -33.26622772216797 -32.346717834472656 -31.966230392456055 -31.501190185546875 -31.44305992126465 -31.24753189086914 -31.47476577758789 -31.120702743530273 -31.51175880432129 -32.056068420410156 -31.395498275756836 -30.391433715820312 -29.921110153198242 -29.678020477294922 -29.598752975463867 -29.7625732421875 -29.445499420166016 -29.376800537109375 -29.40322494506836 -29.551191329956055 -29.841840744018555 -29.995094299316406 -29.329240798950195 -28.732086181640625 -29.197126388549805 -28.932899475097656 -28.848346710205078 -28.36745262145996 -28.134933471679688 -27.63290023803711 -27.939403533935547 -28.335744857788086 -29.149566650390625 -30.687368392944336 -32.790618896484375 -34.24915313720703 -35.216224670410156 -36.711753845214844 -38.51378631591797 -39.89833450317383 -41.256465911865234 -42.42963409423828 -43.872314453125 -45.19873809814453 -46.78410339355469 -48.311336517333984 -50.240196228027344 -51.799137115478516 -53.31580352783203 -54.726776123046875 -56.1641731262207 -57.67026901245117 -59.197505950927734 -61.105224609375 -62.489776611328125 -64.19139862060547 -65.20075225830078 -66.60115814208984 -68.1653823852539 -70.1629409790039 -71.20928192138672 -72.22391510009766 -73.95196533203125 -76.25074005126953 -77.64057922363281 -79.29463958740234 -81.08610534667969 -82.73487854003906 -84.27796936035156 -85.36658477783203 -86.67715454101562 -88.46333312988281 -89.69463348388672 -91.46495056152344 -93.43080139160156 -94.8047866821289 -96.46942138671875 -97.84868621826172 -99.13811492919922 -100.37470245361328 -102.4673843383789 -103.40274810791016 -104.5019302368164 -106.45193481445312 -107.1019287109375 -108.93038177490234 -110.50518035888672 -110.21981048583984 -112.12753295898438 -112.60314178466797 -113.01534271240234 -112.00598907470703 -112.88322448730469 -112.52915954589844 -113.55964660644531 -113.3694076538086 -113.49095153808594 -113.85029602050781 -114.17794036865234 -114.65354919433594 -114.891357421875 -115.47793579101562 -115.60476684570312 -115.48851013183594 -115.69989013671875 -115.81614685058594 -115.88484954833984 -115.9482650756836 -116.9470443725586 -116.80964660644531 -116.6141128540039 -116.9470443725586 -117.88240814208984 -118.55354309082031 