LTE(1) or 5G(2)
2 2 2 2 2 2 2 2 2 2 2 2 2 2 2 2 2 2 2 2 2 2 2 2 2 2 2 2 2 2 2 2 2 2 2 2 2 2 2 2 2 2 2 2 2 2 2 2 2 2 2 2 2 2 2 2 2 2 2 2 2 2 2 2 2 2 2 2 2 2 2 2 2 2 2 2 2 2 2 2 2 2 2 2 2 2 2 2 2 2 2 2 2 2 2 2 2 2 2 2 2 2 2 2 2 2 2 2 2 2 1 1 2 2 2 2 2 2 2 2 2 2 2 2 2 2 2 2 2 2 2 2 1 1 2 2 2 2 2 2 2 2 2 2 2 2 2 2 2 2 1 1 2 2 2 2 2 2 2 2 2 2 2 2 2 2 2 2 2 2 2 2 2 2 2 2 2 2 2 2 2 2 2 2 2 2 2 2 2 2 2 2 2 2 2 2 2 2 2 2 2 2 2 2 2 2 2 2 2 2 2 1 1 1 1 1 1 1 1 1 2 2 2 2 2 2 2 2 2 2 2 2 2 2 2 2 2 2 2 2 2 2 2 2 2 2 2 2 2 2 2 2 2 2 2 2 2 2 2 2 2 2 2 2 2 2 2 2 2 2 2 2 2 2 2 2 2 2 2 2 2 2 2 2 2 2 2 2 2 2 2 2 2 2 2 
SNR of LTE
4 4 4 4 2 2 2 1 1 1 1 1 1 1 1 1 1 1 1 1 1 1 1 1 1 1 1 1 0 0 0 -1 -1 -1 -2 -2 -2 -2 -2 -2 -2 -3 -3 -3 -3 -3 -3 -3 -3 -3 -3 -3 -3 -3 -3 -3 -3 -3 -3 -3 -3 -3 -3 -3 -3 -3 -3 -3 -3 -3 -3 -3 -3 -3 -3 -2 -2 -2 -2 -2 -2 -2 -2 -2 -2 -2 -2 -2 -2 -2 -2 -2 -2 -2 -2 -1 -1 -1 -1 -1 -1 -2 -2 -2 -2 -1 -1 -1 -1 -1 0 0 0 0 0 0 0 0 -1 -1 -1 -1 -1 -1 0 0 0 0 0 0 -1 -1 -1 -1 -1 -1 -2 -2 -2 -2 -2 -2 -1 -1 -1 -1 -1 -1 -1 -1 -1 -1 -1 -1 0 0 0 0 0 0 0 0 0 0 0 0 1 1 1 1 1 1 0 0 0 0 0 0 0 0 0 0 0 0 -1 -2 -2 -2 -2 -2 -4 -4 -4 -4 -4 -4 -5 -5 -5 -5 -5 -5 -5 -6 -6 -6 -6 -8 -8 -8 -10 -10 -10 -10 -10 -10 -10 -10 -10 -10 -9 -9 -9 -9 -9 -6 -6 -6 -6 -6 -4 -4 -4 -4 -4 -4 -3 -3 -3 -3 -3 -3 -3 -3 -3 -3 -3 -3 -3 -3 -2 -2 -2 -2 -2 -2 -1 -1 -1 -1 -1 0 0 0 0 0 0 0 0 0 0 0 0 0 2 2 2 2 2 3 3 3 3 3 4 4 4 4 6 6 6 6 6 6 6 
SNR of 5G
9 9 9 9 5 5 5 5 5 5 5 5 5 2 2 3 3 4 4 5 5 5 5 5 5 5 5 5 4 4 4 2 2 2 3 -2 -2 3 3 3 3 3 3 4 4 4 4 4 4 4 4 4 4 0 0 2 2 2 2 3 3 3 3 3 3 3 3 3 3 3 3 3 7 7 7 6 6 6 6 9 9 9 9 7 7 7 7 7 7 7 7 8 8 8 8 4 4 0 0 0 0 0 0 -4 -4 -3 -3 -3 -3 -3 0 0 -3 -3 -4 -4 -2 -2 0 0 -1 -1 -4 -4 -5 -5 0 0 -1 -1 -1 -1 0 0 -3 -3 -2 -2 0 0 0 0 4 4 1 1 -1 -1 -2 -2 0 0 -2 -2 0 0 0 0 -1 -1 0 0 -2 -2 -2 -2 -2 -2 -2 -2 -1 1 3 3 3 4 2 2 2 2 2 2 1 1 2 2 2 2 3 3 -1 -1 3 3 4 -2 -5 -5 -4 -4 3 3 3 3 3 3 2 2 2 2 2 0 0 0 0 0 0 0 0 0 4 4 4 4 4 4 4 4 4 4 2 2 2 2 1 1 2 2 -1 -1 -2 -2 4 4 3 3 2 2 2 2 3 3 3 3 3 3 4 4 4 4 4 4 4 4 4 4 5 5 5 5 5 5 5 5 3 3 1 1 3 3 3 3 3 3 4 4 4 4 9 9 9 9 9 9 9 
RSSI
-51 -51 -51 -51 -51 -51 -51 -51 -51 -51 -51 -51 -51 -51 -51 -51 -51 -51 -51 -51 -51 -51 -51 -51 -51 -51 -51 -51 -51 -51 -51 -51 -51 -51 -51 -51 -51 -51 -51 -51 -51 -51 -51 -51 -51 -51 -51 -51 -51 -51 -51 -51 -51 -51 -51 -51 -51 -51 -51 -51 -51 -51 -51 -51 -51 -51 -51 -51 -51 -51 -51 -51 -51 -51 -51 -51 -51 -51 -51 -51 -51 -51 -51 -51 -51 -51 -51 -51 -51 -51 -51 -51 -51 -51 -51 -51 -51 -51 -51 -51 -51 -51 -51 -51 -51 -51 -51 -51 -51 -51 -51 -51 -51 -51 -51 -51 -51 -51 -51 -51 -51 -51 -51 -51 -51 -51 -51 -51 -51 -51 -51 -51 -51 -51 -51 -51 -51 -51 -51 -51 -51 -51 -51 -51 -51 -51 -51 -51 -51 -51 -51 -51 -51 -51 -51 -51 -51 -51 -51 -51 -51 -51 -51 -51 -51 -51 -51 -51 -51 -51 -51 -51 -51 -51 -51 -51 -55 -55 -51 -51 -51 -51 -51 -51 -51 -51 -51 -51 -51 -51 -51 -51 -51 -51 -51 -51 -51 -51 -51 -51 -51 -51 -51 -51 -51 -51 -51 -51 -51 -51 -51 -51 -51 -51 -51 -51 -51 -51 -51 -51 -51 -51 -51 -51 -51 -51 -51 -51 -51 -51 -51 -51 -51 -51 -51 -51 -51 -51 -51 -51 -51 -51 -51 -51 -51 -51 -51 -51 -51 -51 -51 -51 -51 -51 -51 -51 -51 -51 -51 -51 -51 -51 -51 -51 -51 -51 -51 -51 -51 -51 -51 -51 -51 -51 -51 -51 -51 -51 -51 -51 -51 -51 -51 -51 -51 -51 -51 -51 -51 -51 -51 -51 -51 -51 -51 
RSRP
-80 -80 -80 -80 -78 -78 -78 -78 -78 -78 -78 -78 -78 -77 -77 -77 -77 -77 -77 -77 -77 -77 -77 -77 -77 -77 -77 -77 -78 -78 -78 -78 -78 -78 -78 -78 -78 -78 -78 -78 -78 -79 -79 -79 -79 -79 -79 -79 -79 -79 -79 -79 -79 -79 -79 -79 -79 -79 -79 -79 -79 -79 -79 -79 -79 -79 -79 -79 -79 -79 -79 -79 -79 -79 -79 -79 -79 -79 -79 -78 -78 -78 -78 -77 -77 -77 -77 -77 -77 -77 -77 -77 -77 -77 -77 -77 -77 -76 -76 -76 -76 -75 -75 -75 -75 -74 -74 -74 -74 -74 -74 -74 -73 -73 -73 -73 -73 -73 -74 -74 -74 -74 -74 -74 -73 -73 -73 -73 -74 -74 -74 -74 -75 -75 -75 -75 -76 -76 -76 -76 -76 -76 -76 -76 -76 -76 -76 -76 -75 -75 -75 -75 -75 -75 -74 -74 -74 -74 -73 -72 -72 -72 -72 -72 -72 -72 -71 -71 -70 -70 -70 -70 -71 -71 -71 -71 -72 -72 -72 -72 -72 -73 -73 -73 -74 -76 -76 -76 -76 -76 -78 -78 -78 -78 -79 -79 -79 -79 -79 -79 -80 -80 -80 -80 -80 -80 -80 -81 -81 -81 -81 -81 -81 -81 -81 -81 -81 -82 -82 -82 -82 -80 -80 -80 -80 -78 -78 -78 -78 -78 -77 -77 -77 -77 -77 -77 -76 -76 -76 -76 -76 -76 -76 -76 -76 -76 -76 -76 -76 -76 -76 -76 -76 -76 -76 -76 -76 -76 -76 -76 -76 -74 -74 -74 -74 -74 -74 -74 -74 -74 -74 -74 -74 -74 -71 -71 -70 -70 -70 -69 -69 -69 -69 -69 -68 -68 -68 -68 -67 -67 -67 -67 -67 -67 -67 
CID
13792258 13792258 13792258 13792258 13792258 13792258 13792258 13792258 13792258 13792258 13792258 13792258 13792258 13792258 13792258 13792258 13792258 13792258 13792258 13792258 13792258 13792258 13792258 13792258 13792258 13792258 13792258 13792258 13792258 13792258 13792258 13792258 13792258 13792258 13769739 13769739 13769739 13769739 13769739 13769739 13769739 13769739 13769739 13769739 13769739 13769739 13769739 13769739 13769739 13769739 13769739 13769739 13769739 13792258 13792258 13792258 13792258 13792258 13792258 13792258 13792258 13792258 13792258 13792513 13792513 13792513 13792513 13792513 13792513 13792513 13792513 13792513 13769739 13769739 13769739 13769739 13769739 13769739 13769739 13769739 13769739 13769739 13769739 13769739 13769739 13769739 13769739 13769739 13769739 13769739 13769739 13769739 13769739 13769739 13769739 13769739 13769739 13769739 13769739 13769739 13769739 13769739 13769739 13769739 13769739 13769739 13769739 13769739 13769739 13769739 13769739 13769739 13769739 13769739 13769739 13769739 13769739 13769739 13769739 13769739 13769739 13769739 13769739 13769739 13769739 13769739 13769739 13769739 13769739 13769739 13769739 13769739 13769739 13769739 13769739 13769739 13769739 13769739 13769739 13769739 13769739 13769739 13754890 13754890 13754890 13754890 13769739 13769739 13769739 13769739 13769739 13769739 13769739 13769739 13769739 13769739 13769739 13769739 13769739 13769739 13769739 13769739 13769739 13769739 13769739 13769739 13769739 13769739 13769739 13769739 13769739 13792523 13792523 13792523 13792523 13792513 13792513 13792513 13792513 13792513 13792513 13792513 13792513 13792513 13792513 13682186 13792513 13792513 13792513 13792513 13792513 13792513 13792513 13792513 13754890 13754890 13754890 13754890 13754890 13754890 13754890 13754890 13754890 13792522 13792522 13792522 13792522 13792522 13792522 13792522 13792522 13792522 13792522 13792522 13792522 13792522 13792522 13678086 13678086 13678086 13678086 13678086 13678086 13678086 13678086 13678086 13678086 13678086 13678086 13678086 13678086 13678086 13678086 13678086 13678086 13678086 13678086 13678086 13678086 13678086 13678086 13678086 13678086 13769742 13769742 13769742 13769742 13769742 13769742 13769742 13769742 13769742 13769742 13769742 13769742 13769742 13678086 13678086 13678086 13678086 13678086 13678086 13678086 13678086 13678086 13678086 13678086 13678086 13678086 13678086 13678086 13678086 13678086 13678086 13678086 13678086 13678086 13678086 13678086 13678086 13678086 13678086 13678086 13678086 13678086 13678086 13678086 13678086 13678086 13678086 13678086 13678086 13678086 13678086 13678086 
RSRP of 5G
-83 -83 -83 -83 -84 -88 -80 -81 -81 -81 -81 -81 -81 -86 -86 -85 -85 -89 -89 -84 -84 -84 -84 -84 -84 -84 -84 -84 -82 -82 -82 -86 -86 -86 -82 -84 -84 -86 -86 -86 -86 -89 -89 -82 -82 -82 -82 -82 -82 -82 -82 -108 -108 -102 -102 -85 -85 -85 -85 -82 -82 -82 -82 -82 -82 -82 -82 -82 -82 -82 -82 -82 -83 -80 -80 -82 -82 -82 -82 -77 -77 -77 -77 -85 -85 -85 -85 -85 -85 -85 -85 -80 -80 -80 -80 -85 -85 -83 -83 -88 -88 -84 -84 -88 -88 -87 -87 -90 -90 -86 -86 -86 -93 -93 -89 -89 -85 -85 -83 -83 -90 -90 -90 -90 -80 -80 -92 -92 -93 -93 -103 -103 -103 -103 -107 -84 -101 -101 -85 -85 -85 -85 -77 -77 -81 -81 -93 -93 -99 -99 -83 -83 -80 -80 -84 -84 -88 -88 -86 -86 -80 -80 -82 -82 -82 -82 -80 -80 -79 -79 -77 -78 -78 -78 -78 -78 -77 -77 -77 -77 -77 -77 -78 -78 -78 -78 -78 -78 -82 -82 -100 -83 -83 -83 -82 -84 -89 -89 -81 -81 -81 -81 -81 -83 -83 -83 -82 -82 -82 -82 -83 -83 -83 -83 -83 -83 -83 -83 -83 -83 -75 -75 -75 -75 -75 -80 -80 -80 -80 -80 -81 -81 -82 -82 -85 -85 -84 -84 -82 -82 -85 -85 -86 -86 -87 -87 -87 -87 -84 -84 -82 -82 -82 -82 -82 -82 -85 -85 -85 -85 -85 -82 -82 -82 -82 -82 -84 -84 -84 -84 -84 -84 -84 -84 -87 -87 -86 -86 -87 -87 -85 -85 -85 -85 -82 -82 -82 -82 -80 -80 -80 -80 -80 -80 -80 
CQI
2147483647 2147483647 2147483647 2147483647 2147483647 2147483647 2147483647 2147483647 2147483647 2147483647 2147483647 2147483647 2147483647 2147483647 2147483647 2147483647 2147483647 2147483647 2147483647 2147483647 2147483647 2147483647 2147483647 2147483647 2147483647 2147483647 2147483647 2147483647 2147483647 2147483647 2147483647 2147483647 2147483647 2147483647 2147483647 2147483647 2147483647 2147483647 2147483647 2147483647 2147483647 2147483647 2147483647 2147483647 2147483647 2147483647 2147483647 2147483647 2147483647 2147483647 2147483647 2147483647 2147483647 2147483647 2147483647 2147483647 2147483647 2147483647 2147483647 2147483647 2147483647 2147483647 2147483647 2147483647 2147483647 2147483647 2147483647 2147483647 2147483647 2147483647 2147483647 2147483647 2147483647 2147483647 2147483647 2147483647 2147483647 2147483647 2147483647 2147483647 2147483647 2147483647 2147483647 2147483647 2147483647 2147483647 2147483647 2147483647 2147483647 2147483647 2147483647 2147483647 2147483647 2147483647 2147483647 2147483647 2147483647 2147483647 2147483647 2147483647 2147483647 2147483647 2147483647 2147483647 2147483647 2147483647 2147483647 2147483647 2147483647 2147483647 2147483647 2147483647 2147483647 2147483647 2147483647 2147483647 2147483647 2147483647 2147483647 2147483647 2147483647 2147483647 2147483647 2147483647 2147483647 2147483647 2147483647 2147483647 2147483647 2147483647 2147483647 2147483647 2147483647 2147483647 2147483647 2147483647 2147483647 2147483647 2147483647 2147483647 2147483647 2147483647 2147483647 2147483647 2147483647 2147483647 2147483647 2147483647 2147483647 2147483647 2147483647 2147483647 2147483647 2147483647 2147483647 2147483647 2147483647 2147483647 2147483647 2147483647 2147483647 2147483647 2147483647 2147483647 2147483647 2147483647 2147483647 2147483647 2147483647 2147483647 2147483647 2147483647 2147483647 2147483647 2147483647 2147483647 2147483647 2147483647 2147483647 2147483647 2147483647 2147483647 2147483647 2147483647 2147483647 2147483647 2147483647 2147483647 2147483647 2147483647 2147483647 2147483647 2147483647 2147483647 2147483647 2147483647 2147483647 2147483647 2147483647 2147483647 2147483647 2147483647 2147483647 2147483647 2147483647 2147483647 2147483647 2147483647 2147483647 2147483647 2147483647 2147483647 2147483647 2147483647 2147483647 2147483647 2147483647 2147483647 2147483647 2147483647 2147483647 2147483647 2147483647 2147483647 2147483647 2147483647 2147483647 2147483647 2147483647 2147483647 2147483647 2147483647 2147483647 2147483647 2147483647 2147483647 2147483647 2147483647 2147483647 2147483647 2147483647 2147483647 2147483647 2147483647 2147483647 2147483647 2147483647 2147483647 2147483647 2147483647 2147483647 2147483647 2147483647 2147483647 2147483647 2147483647 2147483647 2147483647 2147483647 2147483647 2147483647 2147483647 2147483647 2147483647 2147483647 2147483647 2147483647 2147483647 2147483647 2147483647 2147483647 2147483647 2147483647 2147483647 2147483647 2147483647 2147483647 2147483647 2147483647 2147483647 2147483647 2147483647 2147483647 2147483647 2147483647 2147483647 2147483647 2147483647 2147483647 2147483647 2147483647 2147483647 2147483647 2147483647 2147483647 
Altitude
-127.0035400390625 -124.89500427246094 -122.51167297363281 -120.70435333251953 -118.33687591552734 -116.18606567382812 -114.10923767089844 -112.07997131347656 -109.98200988769531 -107.80477905273438 -105.87591552734375 -103.69339752197266 -101.49502563476562 -99.33364868164062 -97.16169738769531 -95.00031280517578 -93.10844421386719 -91.02633666992188 -89.09747314453125 -86.79341125488281 -84.39422607421875 -82.4019546508789 -80.42024993896484 -78.35398864746094 -76.30886840820312 -74.48570251464844 -72.32960510253906 -70.24749755859375 -68.34505462646484 -66.4109115600586 -64.3922119140625 -62.22555160522461 -60.24913024902344 -58.44709777832031 -56.761329650878906 -55.360923767089844 -54.28815841674805 -53.49019241333008 -52.63409423828125 -52.05279541015625 -51.55604934692383 -51.0645866394043 -50.657676696777344 -50.32474899291992 -50.245479583740234 -49.8808479309082 -49.78572463989258 -49.48979187011719 -49.378814697265625 -49.251983642578125 -49.26783752441406 -49.088165283203125 -48.77109146118164 -49.20970916748047 -49.4633674621582 -49.70645523071289 -50.06052017211914 -50.10808181762695 -50.240196228027344 -50.3564567565918 -50.282470703125 -50.10279846191406 -49.9918212890625 -50.10279846191406 -50.10808181762695 -50.219058990478516 -50.018245697021484 -50.10279846191406 -50.176780700683594 -50.21377182006836 -50.27718734741211 -50.26133346557617 -50.19791793823242 -50.219058990478516 -50.29832458496094 -50.41987228393555 -50.42515563964844 -50.4621467590332 -50.36702346801758 -50.446292877197266 -49.886131286621094 -49.20442581176758 -49.151580810546875 -49.156864166259766 -49.29426193237305 -49.29426193237305 -49.61661911010742 -49.56377410888672 -49.81214904785156 -49.74873352050781 -49.92312240600586 -49.58491134643555 -49.90198516845703 -49.68531799316406 -49.71702575683594 -49.669464111328125 -49.505645751953125 -49.85442352294922 -49.600765228271484 -50.176780700683594 -50.33003234863281 -50.78978729248047 -51.83612823486328 -51.867835998535156 -51.48206329345703 -51.7727165222168 -52.438568115234375 -52.70808029174805 -52.60239028930664 -52.10035705566406 -51.91011428833008 -51.67230987548828 -52.00523376464844 -51.98409652709961 -52.04222869873047 -51.87312316894531 -51.867835998535156 -52.19019317626953 -52.05807876586914 -52.06864929199219 -51.96295928955078 -51.857269287109375 -51.67759323120117 -52.311737060546875 -52.221900939941406 -52.369869232177734 -51.867835998535156 -52.62881088256836 -51.42921829223633 -51.529624938964844 -52.10035705566406 -52.25889205932617 -52.29059982299805 -51.74629211425781 -51.33938217163086 -50.68938446044922 -50.67353057861328 -50.70523452758789 -50.668243408203125 -50.61539840698242 -51.06986999511719 -50.70523452758789 -50.81621170043945 -51.00117111206055 -51.12271499633789 -51.29182052612305 -51.36051940917969 -51.29182052612305 -51.45564270019531 -52.27474594116211 -52.285316467285156 -52.34344482421875 -52.464988708496094 -52.211334228515625 -52.528404235839844 -52.17962646484375 -52.29588317871094 -52.570682525634766 -52.47027587890625 -52.41743087768555 -52.27474594116211 -52.48084259033203 -52.38572311401367 -52.33816146850586 -52.4068603515625 -52.61824417114258 -52.861331939697266 -52.53897476196289 -52.512550354003906 -52.237754821777344 -52.69222640991211 -52.64994812011719 -51.16499328613281 -51.888973236083984 -52.56539535522461 -51.76214599609375 -51.571903228759766 -51.77799987792969 -51.81499099731445 -51.97881317138672 -51.74100875854492 -51.74100875854492 -51.598323822021484 -51.7727165222168 -51.76214599609375 -51.77799987792969 -51.799137115478516 -51.19141387939453 -51.159706115722656 -50.91661834716797 -50.34588623046875 -50.98003387451172 -51.529624938964844 -52.4597053527832 -52.91417694091797 -52.49141311645508 -52.464988708496094 -52.26417922973633 -52.40157699584961 -52.19019317626953 -52.00523376464844 -52.07393264770508 -51.947105407714844 -51.857269287109375 -52.02637481689453 -51.83084487915039 -52.06864929199219 -51.656455993652344 -51.820274353027344 -52.02637481689453 -52.07393264770508 -51.62474822998047 -51.76214599609375 -51.381656646728516 -51.85198211669922 -51.667022705078125 -51.80970764160156 -52.06864929199219 -52.158485412597656 -51.6458854675293 -51.0645866394043 -50.8796272277832 -51.2284049987793 -51.508487701416016 -51.32352828979492 -51.14385223388672 -50.89548110961914 -50.8796272277832 -50.96417999267578 -51.29182052612305 -51.18613052368164 -51.223121643066406 -51.04873275756836 -51.03287887573242 -51.00645446777344 -50.530845642089844 -49.954830169677734 -50.34060287475586 -50.7527961730957 -51.19670104980469 -51.593040466308594 -52.924747467041016 -54.80604553222656 -56.51823806762695 -57.987342834472656 -59.340187072753906 -60.87799072265625 -62.1779899597168 -63.43042755126953 -64.97879791259766 -66.55887603759766 -67.8271713256836 -69.22757720947266 -70.55400085449219 -71.8222885131836 -73.22798156738281 -74.5279769897461 -76.20317840576172 -77.79911041259766 -79.01984405517578 -80.54179382324219 -81.8206558227539 -83.38488006591797 -84.65316772460938 -86.33365631103516 -87.6865005493164 -89.46739196777344 -89.7421875 -91.32227325439453 -92.04096984863281 -93.8852767944336 -94.15478515625 -96.05194091796875 -96.6966552734375 -98.69950103759766 -100.3799819946289 -102.63648986816406 -103.85721588134766 -106.25640106201172 -107.89461517333984 -109.37428283691406 -111.02835083007812 -112.32306671142578 -113.55436706542969 -115.11859130859375 -116.54541778564453 -118.43199920654297 -119.82711791992188 -120.86817932128906 -121.87752532958984 -123.23565673828125 -124.81573486328125 -125.36004638671875 -127.4210205078125 -128.61004638671875 