LTE(1) or 5G(2)
2 2 2 2 2 2 2 2 2 2 2 2 2 2 2 2 2 2 2 2 2 2 2 2 2 2 2 2 2 2 2 2 2 2 2 2 2 2 2 2 2 2 2 2 2 2 2 2 2 2 2 2 2 2 2 2 2 2 2 2 2 2 2 2 2 2 2 2 2 2 2 2 2 2 2 2 2 2 2 2 2 2 2 2 2 2 2 2 2 2 2 2 2 2 2 2 2 2 2 2 2 2 2 2 2 2 2 2 1 1 2 2 2 2 2 2 2 2 2 2 2 2 2 2 2 2 2 2 2 2 2 2 2 2 2 2 2 2 2 2 2 2 2 2 2 2 2 2 2 2 2 2 2 2 2 2 2 2 2 2 2 2 2 2 2 2 2 2 2 2 2 2 2 2 2 2 2 2 2 2 2 2 2 2 2 2 2 2 2 2 2 2 2 2 2 1 1 2 2 2 2 2 2 2 2 2 2 2 2 2 2 2 2 2 2 2 2 2 2 2 2 2 2 2 2 2 2 2 2 2 2 2 2 2 2 2 2 2 2 2 2 2 2 2 2 2 2 2 2 2 2 2 2 2 2 2 2 2 2 2 2 2 2 2 2 2 2 2 2 2 2 2 
SNR of LTE
11 11 11 11 11 11 11 11 11 11 11 8 8 8 8 8 8 7 7 7 7 7 7 6 6 5 5 5 5 5 5 4 4 4 4 4 4 4 2 2 2 2 2 2 2 2 2 1 1 1 1 1 0 0 0 0 0 0 0 -1 -1 -1 -1 -1 -1 -2 -2 -2 -2 -2 -2 -1 -1 -1 -1 -1 -1 -1 -1 -1 -1 -1 0 0 0 0 0 0 0 -1 -1 -1 -1 -1 -2 -2 -2 -2 -2 -2 -2 -2 -2 -2 -2 -2 -4 -4 -4 -4 -4 -4 -5 -5 -5 -5 -5 -5 -4 -4 -4 -4 -4 -4 -5 -5 -5 -5 -5 -5 -5 -5 -5 -5 -5 -5 -4 -3 -3 -3 -3 -3 -3 -3 -3 -3 -3 -3 -3 -3 -3 -3 -3 -3 -2 -2 -1 -1 -1 -1 -1 -1 -1 -1 0 0 -1 -1 -2 -2 -2 -2 -2 -2 -2 -2 -2 -1 -1 -1 -1 -1 0 0 0 0 2 2 2 3 3 3 5 5 5 7 7 7 7 8 8 8 8 8 8 8 8 8 8 8 8 7 7 7 7 7 7 7 7 7 7 6 5 5 5 5 5 5 5 5 5 3 3 3 3 2 2 1 1 1 1 1 1 1 1 1 1 1 1 1 1 1 1 1 1 1 1 3 3 3 3 4 4 4 4 4 4 5 5 5 5 5 
SNR of 5G
8 7 7 6 6 6 6 6 6 6 6 7 7 5 5 5 5 2 2 3 3 3 3 5 5 5 5 5 5 5 5 5 5 5 5 5 5 5 5 5 5 5 5 5 5 5 5 3 3 2 2 3 3 4 4 4 4 3 3 4 4 4 4 4 4 7 7 8 8 8 8 9 9 9 9 7 7 7 7 7 7 7 8 8 8 8 8 8 8 0 0 2 2 0 0 1 1 -1 -1 -1 -1 -1 -1 -1 -1 0 -2 0 0 0 -3 -3 -1 -1 -1 -1 -1 -1 -3 -7 -7 -7 4 2 4 4 4 4 4 4 4 -2 7 7 6 6 7 7 9 9 -1 -1 -1 -1 -1 -2 3 3 1 1 1 1 1 1 0 0 -1 -1 -1 -1 -1 -2 1 1 1 1 5 5 4 4 3 3 2 2 4 4 4 3 3 3 3 3 2 2 0 0 -1 -1 -2 -2 5 5 0 0 -3 0 0 -1 -1 1 1 4 4 6 6 6 6 6 6 6 6 9 9 9 9 9 9 9 9 9 9 7 7 7 7 7 7 7 7 7 7 0 0 2 2 -1 -1 -2 -2 6 6 6 6 5 5 5 5 5 5 2 2 1 1 3 3 3 3 5 5 6 6 8 8 8 8 8 8 12 12 7 7 4 
RSSI
-51 -51 -51 -51 -51 -51 -51 -51 -51 -51 -51 -51 -51 -51 -51 -51 -51 -51 -51 -51 -51 -51 -51 -51 -51 -51 -51 -51 -51 -51 -51 -51 -51 -51 -51 -51 -51 -51 -51 -51 -51 -51 -51 -51 -51 -51 -51 -51 -51 -51 -51 -51 -51 -51 -51 -51 -51 -51 -51 -51 -51 -51 -51 -51 -51 -51 -51 -51 -51 -51 -51 -51 -51 -51 -51 -51 -51 -51 -51 -51 -51 -51 -51 -51 -51 -51 -51 -51 -51 -51 -51 -51 -51 -51 -51 -51 -51 -51 -51 -51 -51 -51 -51 -51 -51 -51 -51 -51 -51 -51 -51 -51 -51 -51 -51 -51 -51 -51 -51 -51 -51 -51 -51 -51 -51 -51 -51 -51 -51 -51 -51 -51 -51 -51 -51 -51 -51 -51 -51 -51 -51 -51 -51 -51 -51 -51 -51 -51 -51 -51 -51 -51 -51 -51 -51 -51 -51 -51 -51 -51 -51 -51 -51 -51 -51 -51 -51 -51 -51 -51 -51 -51 -51 -51 -51 -51 -51 -51 -51 -51 -51 -51 -51 -51 -51 -51 -51 -51 -51 -51 -51 -51 -51 -51 -51 -51 -51 -51 -51 -51 -51 -51 -51 -51 -51 -51 -51 -51 -51 -51 -51 -51 -51 -51 -51 -51 -51 -51 -51 -51 -51 -51 -51 -51 -51 -51 -51 -51 -51 -51 -51 -51 -51 -51 -51 -51 -51 -51 -51 -51 -51 -51 -51 -51 -51 -51 -51 -51 -51 -51 -51 -51 -51 -51 -51 -51 -51 -51 -51 -51 -51 -51 -51 -51 -51 -51 -51 -51 -51 -51 -51 -51 
RSRP
-68 -68 -68 -68 -68 -68 -68 -68 -68 -68 -68 -68 -68 -68 -68 -68 -68 -68 -68 -68 -68 -68 -68 -68 -68 -68 -68 -68 -68 -68 -68 -68 -68 -68 -68 -68 -68 -68 -69 -69 -69 -69 -69 -69 -69 -69 -69 -70 -70 -70 -70 -70 -71 -71 -71 -71 -71 -72 -72 -73 -73 -73 -73 -73 -73 -75 -75 -75 -75 -75 -75 -75 -75 -75 -75 -75 -75 -75 -75 -75 -75 -75 -74 -74 -74 -74 -74 -74 -74 -74 -74 -74 -74 -74 -75 -75 -75 -75 -75 -75 -75 -76 -76 -76 -76 -76 -77 -77 -77 -77 -77 -77 -78 -78 -78 -78 -78 -78 -76 -75 -75 -75 -75 -75 -75 -75 -75 -75 -75 -75 -75 -75 -75 -75 -75 -75 -75 -75 -75 -75 -75 -75 -75 -75 -75 -75 -76 -76 -76 -76 -76 -76 -76 -76 -76 -76 -75 -75 -75 -75 -75 -76 -76 -76 -75 -75 -76 -76 -76 -76 -76 -76 -76 -76 -76 -76 -76 -73 -73 -73 -73 -73 -71 -70 -70 -70 -68 -68 -68 -67 -67 -67 -67 -67 -67 -65 -65 -65 -65 -65 -65 -65 -65 -65 -65 -65 -65 -65 -65 -65 -65 -67 -67 -67 -67 -67 -67 -67 -67 -67 -67 -67 -67 -67 -67 -67 -67 -67 -67 -67 -67 -68 -68 -68 -68 -68 -68 -69 -69 -69 -69 -69 -69 -69 -69 -69 -69 -69 -69 -69 -69 -69 -69 -69 -69 -69 -69 -68 -68 -68 -68 -68 -68 -68 -68 -68 -68 -68 -68 -68 -68 -69 
CID
13678086 13678086 13678086 13678086 13678086 13678086 13678086 13678086 13678086 13678086 13678086 13678086 13678086 13678086 13678086 13678086 13678086 13678086 13678086 13678086 13678086 13678086 13678086 13678086 13678086 13678086 13678086 13678086 13678086 13678086 13678086 13678086 13678086 13678086 13678086 13678086 13678086 13678086 13678086 13678086 13678086 13678086 13678086 13678086 13678086 13678086 13678086 13678086 13678086 13678086 13678086 13678086 13678086 13678086 13769742 13769742 13769742 13769742 13769742 13769742 13769742 13769742 13769742 13769742 13769742 13769742 13769742 13769742 13769742 13769742 13769742 13769742 13769742 13769742 13769742 13769742 13769742 13769742 13769742 13769742 13769742 13769742 13769742 13769742 13769742 13769742 13769742 13769742 13769742 13769742 13769742 13678088 13678088 13678088 13678088 13678088 13754893 13754893 13754893 13754893 13754893 13754893 13754893 13754893 13754893 13754893 13754893 13754893 13792526 13792526 13792526 13792526 13769742 13769742 13769742 13769742 13769742 13769742 13769742 13769742 13754893 13754893 13754893 13792526 13792526 13792526 13792526 13792526 13792526 13792526 13754893 13754893 13754893 13754893 13754893 13754893 13754893 13769742 13769742 13769742 13769742 13769742 13769742 13769742 13769742 13769742 13769742 13769742 13769742 13769742 13769742 13769742 13769742 13769742 13769742 13769742 13769742 13769742 13769742 13769742 13769742 13792526 13792526 13678086 13678086 13678086 13792526 13792526 13678086 13678086 13678086 13678086 13678086 13678086 13678086 13678086 13678086 13678086 13678086 13678086 13678086 13678086 13678086 13678086 13678086 13678086 13678086 13678086 13678086 13678086 13678086 13678086 13678086 13678086 13678086 13678086 13678086 13678086 13678086 13678086 13678086 13678086 13678086 13678086 13678086 13678086 13678086 13678086 13678086 13678086 13678086 13678086 13678086 13678086 13678086 13678086 13678086 13678086 13678086 13678086 13678086 13678086 13678086 13678086 13678086 13678086 13678086 13678086 13678086 13678086 13678086 13678086 13678086 13678086 13678086 13678086 13678086 13678086 13678086 13678086 13678086 13678086 13678086 13678086 13678086 13678086 13678086 13678086 13678086 13678086 13678086 13678086 13678086 13678086 13678086 13678086 13678086 13678086 13678086 13678086 13678086 13678086 13678086 13678086 13678086 13678086 13678086 13678086 13678086 13678086 13678086 13678086 
RSRP of 5G
-89 -84 -84 -80 -80 -80 -80 -80 -80 -80 -80 -80 -80 -81 -81 -81 -81 -88 -88 -90 -90 -90 -90 -84 -84 -84 -84 -84 -84 -84 -84 -80 -80 -84 -84 -84 -84 -84 -82 -82 -82 -82 -82 -82 -82 -82 -82 -89 -89 -88 -88 -87 -87 -85 -85 -85 -85 -87 -87 -82 -82 -82 -82 -82 -82 -81 -81 -80 -80 -82 -82 -79 -79 -79 -79 -82 -82 -82 -82 -82 -82 -82 -81 -80 -80 -80 -80 -80 -80 -81 -81 -85 -85 -91 -91 -87 -87 -85 -85 -85 -85 -87 -87 -100 -100 -87 -86 -88 -88 -88 -86 -86 -82 -82 -80 -80 -81 -81 -83 -84 -86 -86 -82 -80 -77 -77 -77 -77 -77 -77 -83 -74 -74 -74 -75 -75 -73 -73 -79 -79 -79 -79 -80 -80 -84 -79 -86 -86 -79 -79 -80 -80 -80 -80 -80 -80 -80 -80 -80 -80 -80 -77 -80 -80 -77 -77 -77 -77 -80 -80 -83 -83 -78 -78 -78 -78 -78 -78 -78 -78 -81 -81 -95 -95 -81 -81 -83 -83 -88 -88 -81 -81 -92 -92 -128 -128 -128 -82 -82 -82 -82 -81 -81 -79 -79 -79 -79 -79 -79 -79 -79 -74 -74 -74 -74 -74 -74 -74 -74 -74 -74 -75 -75 -75 -75 -75 -75 -75 -75 -75 -75 -80 -80 -81 -81 -88 -88 -83 -83 -83 -83 -78 -78 -85 -85 -85 -85 -85 -85 -84 -84 -87 -79 -85 -85 -85 -85 -85 -85 -81 -81 -78 -78 -78 -78 -78 -78 -74 -74 -79 -79 -85 
CQI
2147483647 2147483647 2147483647 2147483647 2147483647 2147483647 2147483647 2147483647 2147483647 2147483647 2147483647 2147483647 2147483647 2147483647 2147483647 2147483647 2147483647 2147483647 2147483647 2147483647 2147483647 2147483647 2147483647 2147483647 2147483647 2147483647 2147483647 2147483647 2147483647 2147483647 2147483647 2147483647 2147483647 2147483647 2147483647 2147483647 2147483647 2147483647 2147483647 2147483647 2147483647 2147483647 2147483647 2147483647 2147483647 2147483647 2147483647 2147483647 2147483647 2147483647 2147483647 2147483647 2147483647 2147483647 2147483647 2147483647 2147483647 2147483647 2147483647 2147483647 2147483647 2147483647 2147483647 2147483647 2147483647 2147483647 2147483647 2147483647 2147483647 2147483647 2147483647 2147483647 2147483647 2147483647 2147483647 2147483647 2147483647 2147483647 2147483647 2147483647 2147483647 2147483647 2147483647 2147483647 2147483647 2147483647 2147483647 2147483647 2147483647 2147483647 2147483647 2147483647 2147483647 2147483647 2147483647 2147483647 2147483647 2147483647 2147483647 2147483647 2147483647 2147483647 2147483647 2147483647 2147483647 2147483647 2147483647 2147483647 2147483647 2147483647 2147483647 2147483647 2147483647 2147483647 2147483647 2147483647 2147483647 2147483647 2147483647 2147483647 2147483647 2147483647 2147483647 2147483647 2147483647 2147483647 2147483647 2147483647 2147483647 2147483647 2147483647 2147483647 2147483647 2147483647 2147483647 2147483647 2147483647 2147483647 2147483647 2147483647 2147483647 2147483647 2147483647 2147483647 2147483647 2147483647 2147483647 2147483647 2147483647 2147483647 2147483647 2147483647 2147483647 2147483647 2147483647 2147483647 2147483647 2147483647 2147483647 2147483647 2147483647 2147483647 2147483647 2147483647 2147483647 2147483647 2147483647 2147483647 2147483647 2147483647 2147483647 2147483647 2147483647 2147483647 2147483647 2147483647 2147483647 2147483647 2147483647 2147483647 2147483647 2147483647 2147483647 2147483647 2147483647 2147483647 2147483647 2147483647 2147483647 2147483647 2147483647 2147483647 2147483647 2147483647 2147483647 2147483647 2147483647 2147483647 2147483647 2147483647 2147483647 2147483647 2147483647 2147483647 2147483647 2147483647 2147483647 2147483647 2147483647 2147483647 2147483647 2147483647 2147483647 2147483647 2147483647 2147483647 2147483647 2147483647 2147483647 2147483647 2147483647 2147483647 2147483647 2147483647 2147483647 2147483647 2147483647 2147483647 2147483647 2147483647 2147483647 2147483647 2147483647 2147483647 2147483647 2147483647 2147483647 2147483647 2147483647 2147483647 2147483647 2147483647 2147483647 2147483647 2147483647 2147483647 2147483647 2147483647 2147483647 2147483647 2147483647 2147483647 2147483647 2147483647 2147483647 2147483647 2147483647 2147483647 2147483647 2147483647 2147483647 2147483647 2147483647 2147483647 2147483647 2147483647 2147483647 2147483647 2147483647 2147483647 2147483647 2147483647 
Altitude
-128.2559814453125 -127.55841827392578 -126.71817016601562 -126.02589416503906 -124.66777038574219 -123.01898956298828 -120.91574096679688 -118.71736907958984 -116.73566436767578 -114.84379577636719 -112.52388000488281 -110.61087036132812 -108.4124984741211 -106.15599822998047 -104.20600128173828 -102.02348327636719 -99.87266540527344 -98.00193786621094 -96.02552032470703 -93.83771514892578 -91.81373596191406 -89.8690185546875 -87.87674713134766 -85.8950424194336 -84.42593383789062 -82.96739959716797 -81.94747924804688 -80.99098205566406 -80.28285217285156 -79.34748840332031 -79.38976287841797 -79.12024688720703 -78.57594299316406 -77.9417953491211 -77.55073547363281 -77.47675323486328 -77.00114440917969 -76.8267593383789 -76.67878723144531 -76.64179992675781 -76.72634887695312 -76.91659545898438 -76.1186294555664 -76.46212005615234 -76.12390899658203 -75.05643463134766 -73.66130828857422 -71.93326568603516 -69.86172485351562 -69.20643615722656 -68.1865234375 -66.27880096435547 -64.31822967529297 -62.045875549316406 -60.16457748413086 -58.01376724243164 -56.053199768066406 -54.441410064697266 -53.06742858886719 -52.00523376464844 -50.96946334838867 -50.092227935791016 -49.378814697265625 -48.887351989746094 -48.32190704345703 -48.031253814697266 -47.63491439819336 -47.57149887084961 -47.228004455566406 -47.14345169067383 -47.027191162109375 -46.831661224365234 -46.66255569458008 -45.29914474487305 -45.21987533569336 -45.246299743652344 -45.1776008605957 -45.452396392822266 -45.17231369018555 -45.44182586669922 -45.43125915527344 -45.20930480957031 -45.3414192199707 -45.19873809814453 -45.14060592651367 -45.473533630371094 -45.34670639038086 -45.167030334472656 -45.515811920166016 -44.812965393066406 -45.86458969116211 -47.71418380737305 -49.14629364013672 -51.175559997558594 -53.928810119628906 -55.99506759643555 -57.427181243896484 -57.8182373046875 -59.25563430786133 -60.920265197753906 -62.00360107421875 -63.477989196777344 -64.94709014892578 -65.71863555908203 -67.34099578857422 -69.70318603515625 -70.6966781616211 -72.18692016601562 -72.90562438964844 -74.343017578125 -74.86090087890625 -75.24667358398438 -75.4897689819336 -76.42513275146484 -76.18732452392578 -77.39220428466797 -77.70399475097656 -77.64585876464844 -77.22837829589844 -78.32756805419922 -77.66699981689453 -76.64179992675781 -76.57838439941406 -77.54016876220703 -77.25480651855469 -77.61415100097656 -77.34464263916016 -77.51374816894531 -77.1543960571289 -77.75154876708984 -77.3974838256836 -77.35520935058594 -77.1543960571289 -77.09626770019531 -77.89952087402344 -77.59829711914062 -78.79788970947266 -78.17960357666016 -76.45155334472656 -75.09870910644531 -72.2186279296875 -70.6174087524414 -71.62147521972656 -70.78123474121094 -68.79424285888672 -67.38327026367188 -65.68692779541016 -63.50969696044922 -61.781646728515625 -59.80522918701172 -58.15116500854492 -56.66092300415039 -55.91051483154297 -54.927589416503906 -54.298728942871094 -53.66986846923828 -52.9881591796875 -52.597103118896484 -52.20076370239258 -51.87312316894531 -51.91539764404297 -51.54019546508789 -50.85320281982422 -51.05929946899414 -51.13856887817383 -52.39100646972656 -50.176780700683594 -49.151580810546875 -48.71824645996094 -48.25849151611328 -48.05239486694336 -47.888572692871094 -47.68775939941406 -47.84629440307617 -47.48166275024414 -47.42881774902344 -47.43938446044922 -47.52922439575195 -47.671905517578125 -47.77231216430664 -47.5767822265625 -47.26499557495117 -46.5780029296875 -47.11174392700195 -48.54914093017578 -50.40401840209961 -53.088565826416016 -55.03856658935547 -56.15360641479492 -57.633277893066406 -58.3995361328125 -59.93205642700195 -61.45400619506836 -62.66416931152344 -63.969451904296875 -65.13733673095703 -67.01335144042969 -68.67798614501953 -70.21050262451172 -71.55278015136719 -73.20684051513672 -73.99951934814453 -74.4487075805664 -75.43692016601562 -75.85440063476562 -76.31415557861328 -76.46212005615234 -77.28651428222656 -77.53488159179688 -77.90480041503906 -78.26415252685547 -78.73976135253906 -78.56536865234375 -78.04220581054688 -76.8848876953125 -76.7369155883789 -77.29708099365234 -77.97350311279297 -78.40155029296875 -77.87837982177734 -78.05805206298828 -77.97879028320312 -77.8255386352539 -77.41333770751953 -77.47675323486328 -77.29708099365234 -77.23895263671875 -77.1174087524414 -77.36578369140625 -77.16497039794922 -76.13976287841797 -76.02350616455078 -75.89667510986328 -77.00114440917969 -76.55724334716797 -76.65765380859375 -77.87309265136719 -79.65927124023438 -81.3556137084961 -82.91983795166016 -84.51049041748047 -86.26496124267578 -87.92430877685547 -89.87430572509766 -91.00519561767578 -92.26820373535156 -94.06494903564453 -95.2222671508789 -97.0454330444336 -98.32429504394531 -100.03120422363281 -101.71697998046875 -103.13851928710938 -104.29583740234375 -106.14014434814453 -107.21819305419922 -109.27388000488281 -110.32022094726562 -111.92671966552734 -113.69176483154297 -114.8702163696289 -116.35517120361328 -117.89826202392578 -118.80191802978516 -120.24988555908203 -121.49703979492188 -123.37305450439453 -125.24378204345703 -126.5279312133789 -128.53077697753906 -129.52955627441406 -129.36044311523438 