LTE(1) or 5G(2)
2 2 2 2 2 2 2 2 2 2 2 2 2 2 2 2 2 2 2 2 2 2 2 2 2 2 2 2 2 2 2 2 2 2 2 2 2 2 2 2 2 2 2 2 2 2 2 2 2 2 2 2 2 2 2 2 2 2 2 2 2 2 2 2 2 2 2 2 2 2 2 2 2 2 2 2 2 2 2 2 2 2 2 2 2 2 2 2 2 2 2 2 2 2 2 2 2 2 2 2 2 2 2 2 2 2 2 2 2 2 2 2 2 2 1 1 1 1 1 1 1 1 1 1 1 1 1 1 1 1 1 1 1 1 1 1 1 1 1 1 1 1 1 1 1 1 1 1 1 1 1 1 1 1 1 1 1 1 1 1 1 1 1 1 1 1 1 1 1 1 1 1 1 1 1 1 1 1 1 1 1 1 1 1 1 1 1 1 1 1 1 1 1 1 1 1 1 1 1 1 1 1 1 1 1 1 1 1 1 1 1 1 1 1 1 1 1 1 1 1 1 1 1 1 1 1 1 1 1 1 1 1 1 1 1 1 1 1 1 1 1 1 1 1 1 1 1 1 1 1 1 1 1 1 1 1 1 1 1 1 1 1 1 1 1 1 1 1 1 1 1 2 2 2 2 2 2 2 2 2 2 2 2 2 2 2 2 2 2 2 2 2 2 1 1 1 1 1 1 1 1 1 1 1 1 1 1 1 1 1 1 1 1 1 1 1 1 1 1 1 1 1 1 1 1 1 1 1 1 1 1 1 1 1 1 1 1 1 1 1 1 1 1 1 1 1 1 1 1 1 1 1 1 1 1 1 1 1 1 1 
SNR of LTE
3 3 3 3 2 2 2 2 2 2 2 2 1 1 1 1 1 1 1 2 2 2 2 2 2 2 2 2 1 1 2 2 2 2 2 2 1 1 1 1 1 1 0 0 0 0 0 0 0 0 0 0 0 0 0 0 0 0 0 0 0 0 0 0 0 0 -1 -1 -1 -1 -1 -1 -1 -1 -1 -1 -1 -1 -1 -1 -2 -2 -3 -3 -3 -3 -3 -3 -3 -3 -3 -3 -3 -3 -3 -3 -3 -3 -3 -3 -3 -3 -3 -3 -3 -3 -3 -3 0 0 0 0 0 0 0 0 0 0 0 0 0 0 0 0 0 0 0 0 0 0 0 0 0 0 0 -4 -4 -4 -4 -4 -5 -5 -5 -5 -5 -5 -5 -5 -5 -5 -5 -5 -5 -3 -3 -3 -3 -3 -3 -3 -3 -3 0 0 0 0 0 0 0 0 0 0 0 0 0 0 0 0 0 0 0 0 0 0 0 0 0 0 0 0 0 0 0 -4 -4 -4 -5 -5 -5 -5 -5 -5 -5 -5 -5 -5 -5 -5 -5 -5 -5 -5 -5 -5 -5 -5 -5 -5 -5 -5 -5 -5 -5 -5 -5 -5 -5 -5 -5 -4 -4 -4 -4 -4 -4 -4 -4 -4 -4 -4 -4 -4 -4 -4 -4 -4 -4 -4 -4 -4 -4 -4 -4 -4 -4 -4 -4 -4 -4 -4 -4 -4 -4 -4 -4 -4 -4 -4 -4 -6 -6 -6 -6 -6 -6 -6 -6 -6 -6 -6 -6 -6 -6 -6 -6 -6 -5 -5 -5 -5 -5 -3 -3 -3 -3 -3 -3 -3 -3 -3 -3 -3 -3 -3 -3 -3 -3 -3 -3 -3 -3 -3 -3 -3 -3 -3 0 0 0 0 0 0 0 0 0 0 0 0 0 0 0 0 0 0 0 0 0 0 0 0 0 0 0 0 0 0 0 0 0 0 0 0 1 1 1 1 1 1 1 1 
SNR of 5G
13 13 13 13 8 8 8 8 6 6 6 6 6 6 6 6 6 6 6 6 3 3 3 3 1 1 3 3 -1 -1 0 0 0 0 0 0 0 0 0 0 0 0 0 0 -1 -1 -1 -1 -1 -1 -4 -4 6 6 4 4 5 5 6 6 6 6 6 5 6 6 6 6 6 6 6 6 6 6 6 6 6 6 6 6 0 0 0 0 -1 -1 -1 -1 0 0 -1 -1 -2 -2 6 6 6 6 6 6 6 6 6 6 6 6 6 6 8 8 8 8 8 8 0 0 0 0 0 0 0 0 0 0 0 0 0 0 0 0 0 0 0 0 0 0 0 0 0 0 0 0 0 0 0 0 0 0 0 0 0 0 0 0 0 0 0 0 0 0 0 0 0 0 0 0 0 0 0 0 0 0 0 0 0 0 0 0 0 0 0 0 0 0 0 0 0 0 0 0 0 0 0 0 0 0 0 0 0 0 0 0 0 0 0 0 0 0 0 0 0 0 0 0 0 0 0 0 0 0 0 0 0 0 0 0 0 0 0 0 0 0 0 0 0 0 0 0 0 0 0 0 0 0 0 0 0 0 0 0 0 0 0 0 0 0 0 0 0 0 0 0 0 0 0 0 0 0 0 0 0 4 4 5 5 5 5 5 5 5 5 5 5 5 5 5 4 4 4 4 4 5 5 0 0 0 0 0 0 0 0 0 0 0 0 0 0 0 0 0 0 0 0 0 0 0 0 0 0 0 0 0 0 0 0 0 0 0 0 0 0 0 0 0 0 0 0 0 0 0 0 0 0 0 0 0 0 0 0 0 0 0 0 0 0 0 0 0 0 0 
RSSI
-51 -51 -51 -51 -51 -51 -51 -51 -51 -51 -51 -51 -51 -51 -51 -51 -51 -51 -51 -51 -51 -51 -51 -51 -51 -51 -51 -51 -51 -51 -51 -51 -51 -51 -51 -51 -51 -51 -51 -51 -51 -51 -51 -51 -51 -51 -51 -51 -51 -51 -51 -51 -51 -51 -51 -51 -51 -51 -51 -51 -51 -51 -51 -51 -51 -51 -51 -51 -51 -51 -51 -51 -51 -51 -51 -51 -51 -51 -51 -51 -51 -51 -51 -51 -51 -51 -51 -51 -51 -51 -51 -51 -51 -51 -51 -51 -51 -51 -51 -51 -51 -51 -51 -51 -51 -51 -51 -51 -51 -51 -51 -51 -51 -51 -51 -51 -51 -51 -51 -51 -51 -51 -51 -51 -51 -51 -51 -51 -51 -51 -51 -51 -51 -51 -51 -51 -51 -51 -51 -51 -51 -51 -51 -51 -51 -51 -51 -51 -51 -51 -51 -51 -51 -51 -51 -51 -51 -51 -51 -51 -51 -51 -51 -51 -51 -51 -51 -51 -51 -51 -51 -51 -51 -51 -51 -51 -51 -51 -51 -51 -51 -51 -51 -51 -51 -51 -51 -51 -51 -51 -51 -51 -51 -51 -51 -51 -51 -51 -51 -51 -51 -51 -51 -51 -51 -51 -51 -51 -51 -51 -51 -51 -51 -51 -51 -51 -51 -51 -51 -51 -51 -51 -51 -51 -51 -51 -51 -51 -51 -51 -51 -51 -51 -51 -51 -51 -51 -51 -51 -51 -51 -51 -51 -51 -51 -51 -51 -51 -51 -51 -51 -51 -51 -51 -51 -51 -51 -51 -51 -51 -51 -51 -51 -51 -51 -51 -51 -51 -51 -51 -51 -51 -51 -51 -51 -51 -51 -51 -51 -51 -51 -51 -51 -51 -51 -51 -51 -51 -51 -51 -51 -51 -51 -51 -51 -51 -51 -51 -51 -51 -51 -51 -51 -51 -51 -51 -51 -51 -51 -51 -51 -51 -51 -51 -51 -51 -51 -51 -51 -51 -51 -51 -51 -51 -51 -51 -51 -51 -51 -51 -51 -51 -51 -51 -51 -51 -51 -51 -51 -51 -51 -51 -51 -51 -51 -51 -51 -51 -51 -51 -51 -51 -51 -51 -51 -51 -51 -51 -51 -51 
RSRP
-81 -81 -81 -81 -80 -80 -80 -79 -79 -79 -79 -79 -77 -77 -77 -77 -77 -77 -75 -73 -73 -73 -73 -73 -73 -73 -73 -73 -72 -72 -72 -72 -72 -72 -72 -72 -72 -72 -72 -72 -72 -72 -73 -73 -73 -73 -73 -73 -73 -73 -73 -73 -73 -73 -73 -73 -73 -73 -73 -74 -74 -74 -74 -74 -74 -74 -74 -74 -75 -75 -75 -75 -75 -75 -75 -75 -75 -75 -75 -75 -76 -76 -77 -77 -77 -77 -77 -77 -77 -77 -77 -77 -77 -77 -77 -77 -77 -77 -77 -77 -77 -77 -77 -77 -77 -77 -77 -77 -74 -74 -74 -74 -74 -74 -74 -74 -74 -74 -74 -74 -74 -75 -75 -75 -75 -75 -75 -75 -75 -75 -75 -75 -75 -75 -75 -77 -78 -78 -78 -78 -79 -79 -79 -79 -79 -79 -79 -79 -79 -79 -79 -79 -79 -77 -77 -77 -77 -77 -77 -77 -77 -77 -74 -74 -74 -74 -74 -74 -74 -74 -74 -74 -75 -75 -75 -76 -76 -76 -76 -76 -76 -76 -76 -76 -76 -76 -76 -76 -76 -76 -76 -76 -76 -80 -80 -80 -81 -81 -81 -81 -81 -81 -81 -81 -81 -81 -81 -81 -81 -81 -81 -81 -81 -81 -81 -81 -81 -81 -81 -81 -81 -81 -81 -81 -81 -81 -81 -81 -81 -80 -80 -80 -80 -81 -81 -81 -81 -81 -81 -81 -81 -81 -81 -81 -81 -81 -81 -81 -81 -81 -81 -81 -81 -81 -81 -81 -81 -81 -81 -81 -81 -81 -81 -81 -81 -81 -81 -81 -81 -82 -82 -82 -82 -82 -80 -80 -80 -80 -80 -80 -80 -80 -80 -80 -80 -80 -77 -77 -77 -77 -77 -77 -77 -77 -77 -77 -77 -77 -77 -77 -77 -77 -77 -77 -77 -77 -77 -77 -77 -77 -77 -77 -77 -77 -77 -77 -74 -74 -74 -74 -74 -74 -74 -74 -74 -74 -74 -74 -74 -74 -74 -74 -74 -74 -74 -74 -74 -74 -74 -74 -74 -74 -74 -74 -74 -74 -74 -74 -74 -74 -74 -74 -73 -73 -73 -73 -73 -73 -73 -73 
CID
13754896 13754896 13754896 13754896 13754896 13754896 13754896 13769745 13769745 13769745 13769745 13769745 13769745 13769745 13769745 13769745 13769745 13769745 13769745 13769745 13769745 13769745 13769745 13769745 13769745 13769745 13769745 13769745 13769745 13769745 13769745 13769745 13769745 13769745 13769745 13769745 13769745 13769745 13769745 13769745 13769745 13769745 13769745 13769745 13769745 13769745 13769745 13769745 13769745 13769745 13769745 13769745 13769745 13769745 13769745 13769745 13769745 13769745 13769745 13769745 13769745 13769745 13769745 13769745 13769745 13769745 13769745 13769745 13769745 13769745 13769745 13769745 13769745 13769745 13769745 13769745 13769745 13769745 13769745 13769745 13769745 13769745 13754896 13754896 13754896 13769745 13769745 13769745 13769745 13769745 13769745 13769745 13769745 13769745 13769745 13769745 13769745 13769745 13769745 13769745 13769745 13769745 13769745 13769745 13769745 13769745 13769745 13769745 13769745 13769745 13769745 13769745 13769745 13769745 13769745 13769745 13769745 13769745 13769745 13769745 13769745 13769745 13769745 13769745 13769745 13769745 13769745 13769745 13769745 13769745 13769745 13769745 13769745 13769745 13769745 13769745 13769745 13769745 13769745 13769745 13754896 13754896 13754896 13754896 13754896 13754896 13754896 13754896 13754896 13754896 13754896 13754896 13754896 13754896 13754896 13754896 13754896 13754896 13754896 13754896 13754896 13754896 13754896 13754896 13754896 13754896 13754896 13754896 13754896 13754896 13754896 13754896 13754896 13754896 13754896 13754896 13754896 13754896 13754896 13754896 13754896 13754896 13754896 13754896 13754896 13754896 13754896 13754896 13754896 13754896 13754896 13754896 13754896 13754896 13754896 13754896 13754896 13754896 13754896 13754896 13754896 13754896 13754896 13754896 13754896 13754896 13754896 13754896 13754896 13754896 13754896 13754896 13754896 13754896 13754896 13754896 13754896 13754896 13754896 13754896 13754896 13754896 13754896 13754896 13754896 13754896 13754896 13754896 13754896 13754896 13754896 13754896 13754896 13754896 13754896 13754896 13754896 13754896 13754896 13754896 13754896 13754896 13754896 13754896 13754896 13754896 13754896 13754896 13754896 13754896 13754896 13754896 13754896 13754896 13754896 13754896 13754896 13754896 13754896 13754896 13754896 13754896 13754896 13754896 13754896 13754896 13754896 13754896 13754896 13754896 13754896 13754896 13754896 13769745 13769745 13769745 13769745 13769745 13769745 13769745 13769745 13769745 13769745 13769745 13769745 13769745 13769745 13769745 13769745 13769745 13769745 13769745 13769745 13769745 13769745 13769745 13769745 13769745 13769745 13769745 13769745 13769745 13769745 13769745 13769745 13769745 13769745 13769745 13769745 13769745 13769745 13769745 13769745 13769745 13769745 13769745 13769745 13769745 13769745 13769745 13769745 13769745 13769745 13769745 13769745 13769745 13769745 13769745 13769745 13769745 13769745 13769745 13769745 13769745 13769745 13769745 13769745 13769745 13769745 13769745 13769745 13769745 13769745 13769745 13769745 13769745 13769745 13769745 13769745 13769745 13769745 13769745 13754896 13754896 13754896 13754896 13754896 13754896 13754896 13754896 
RSRP of 5G
-84 -84 -84 -84 -83 -83 -83 -84 -85 -85 -85 -85 -83 -83 -83 -83 -83 -83 -80 -80 -82 -82 -82 -82 -85 -85 -80 -80 -79 -79 -85 -85 -79 -79 -79 -79 -79 -79 -79 -79 -81 -81 -80 -80 -82 -82 -80 -80 -84 -84 -81 -81 -82 -82 -79 -79 -84 -84 -80 -80 -80 -80 -80 -78 -81 -81 -79 -79 -79 -79 -79 -79 -79 -79 -79 -79 -79 -79 -79 -79 -81 -81 -79 -79 -79 -79 -80 -80 -81 -81 -82 -82 -84 -84 -78 -78 -78 -78 -78 -78 -78 -78 -78 -78 -78 -78 -78 -78 -78 -78 -84 -84 -84 -84 -84 -84 -84 -84 -84 -84 -84 -84 -84 -84 -84 -84 -84 -84 -84 -84 -84 -84 -84 -84 -84 -84 -84 -84 -84 -84 -84 -84 -84 -84 -84 -84 -84 -84 -84 -84 -84 -84 -84 -84 -84 -84 -84 -84 -84 -84 -84 -84 -84 -84 -84 -84 -84 -84 -84 -84 -84 -84 -84 -84 -84 -84 -84 -84 -84 -84 -84 -84 -84 -84 -84 -84 -84 -84 -84 -84 -84 -84 -84 -84 -84 -84 -84 -84 -84 -84 -84 -84 -84 -84 -84 -84 -84 -84 -84 -84 -84 -84 -84 -84 -84 -84 -84 -84 -84 -84 -84 -84 -84 -84 -84 -84 -84 -84 -84 -84 -84 -84 -84 -84 -84 -84 -84 -84 -84 -84 -84 -84 -84 -84 -84 -84 -84 -84 -84 -84 -84 -84 -84 -84 -84 -84 -84 -84 -84 -84 -84 -84 -84 -84 -84 -84 -84 -84 -84 -84 -84 -78 -78 -78 -78 -86 -86 -86 -86 -86 -86 -86 -86 -86 -86 -86 -81 -81 -81 -81 -81 -82 -79 -79 -79 -79 -79 -79 -79 -79 -79 -79 -79 -79 -79 -79 -79 -79 -79 -79 -79 -79 -79 -79 -79 -79 -79 -79 -79 -79 -79 -79 -79 -79 -79 -79 -79 -79 -79 -79 -79 -79 -79 -79 -79 -79 -79 -79 -79 -79 -79 -79 -79 -79 -79 -79 -79 -79 -79 -79 -79 -79 -79 -79 -79 -79 -79 -79 -79 -79 
CQI
2147483647 2147483647 2147483647 2147483647 2147483647 2147483647 2147483647 2147483647 2147483647 2147483647 2147483647 2147483647 2147483647 2147483647 2147483647 2147483647 2147483647 2147483647 2147483647 2147483647 2147483647 2147483647 2147483647 2147483647 2147483647 2147483647 2147483647 2147483647 2147483647 2147483647 2147483647 2147483647 2147483647 2147483647 2147483647 2147483647 2147483647 2147483647 2147483647 2147483647 2147483647 2147483647 2147483647 2147483647 2147483647 2147483647 2147483647 2147483647 2147483647 2147483647 2147483647 2147483647 2147483647 2147483647 2147483647 2147483647 2147483647 2147483647 2147483647 2147483647 2147483647 2147483647 2147483647 2147483647 2147483647 2147483647 2147483647 2147483647 2147483647 2147483647 2147483647 2147483647 2147483647 2147483647 2147483647 2147483647 2147483647 2147483647 2147483647 2147483647 2147483647 2147483647 2147483647 2147483647 2147483647 2147483647 2147483647 2147483647 2147483647 2147483647 2147483647 2147483647 2147483647 2147483647 2147483647 2147483647 2147483647 2147483647 2147483647 2147483647 2147483647 2147483647 2147483647 2147483647 2147483647 2147483647 2147483647 2147483647 2147483647 2147483647 2147483647 2147483647 2147483647 2147483647 2147483647 2147483647 2147483647 2147483647 2147483647 2147483647 2147483647 2147483647 2147483647 2147483647 2147483647 2147483647 2147483647 2147483647 2147483647 2147483647 2147483647 2147483647 2147483647 2147483647 2147483647 2147483647 2147483647 2147483647 2147483647 2147483647 2147483647 2147483647 2147483647 2147483647 2147483647 2147483647 2147483647 2147483647 2147483647 2147483647 2147483647 2147483647 2147483647 2147483647 2147483647 2147483647 2147483647 2147483647 2147483647 2147483647 2147483647 2147483647 2147483647 2147483647 2147483647 2147483647 2147483647 2147483647 2147483647 2147483647 2147483647 2147483647 2147483647 2147483647 2147483647 2147483647 2147483647 2147483647 2147483647 2147483647 2147483647 2147483647 2147483647 2147483647 2147483647 2147483647 2147483647 2147483647 2147483647 2147483647 2147483647 2147483647 2147483647 2147483647 2147483647 2147483647 2147483647 2147483647 2147483647 2147483647 2147483647 2147483647 2147483647 2147483647 2147483647 2147483647 2147483647 2147483647 2147483647 2147483647 2147483647 2147483647 2147483647 2147483647 2147483647 2147483647 2147483647 2147483647 2147483647 2147483647 2147483647 2147483647 2147483647 2147483647 2147483647 2147483647 2147483647 2147483647 2147483647 2147483647 2147483647 2147483647 2147483647 2147483647 2147483647 2147483647 2147483647 2147483647 2147483647 2147483647 2147483647 2147483647 2147483647 2147483647 2147483647 2147483647 2147483647 2147483647 2147483647 2147483647 2147483647 2147483647 2147483647 2147483647 2147483647 2147483647 2147483647 2147483647 2147483647 2147483647 2147483647 2147483647 2147483647 2147483647 2147483647 2147483647 2147483647 2147483647 2147483647 2147483647 2147483647 2147483647 2147483647 2147483647 2147483647 2147483647 2147483647 2147483647 2147483647 2147483647 2147483647 2147483647 2147483647 2147483647 2147483647 2147483647 2147483647 2147483647 2147483647 2147483647 2147483647 2147483647 2147483647 2147483647 2147483647 2147483647 2147483647 2147483647 2147483647 2147483647 2147483647 2147483647 2147483647 2147483647 2147483647 2147483647 2147483647 2147483647 2147483647 2147483647 2147483647 2147483647 2147483647 2147483647 2147483647 2147483647 2147483647 2147483647 2147483647 2147483647 2147483647 2147483647 2147483647 2147483647 2147483647 2147483647 2147483647 2147483647 2147483647 2147483647 2147483647 2147483647 2147483647 2147483647 2147483647 2147483647 2147483647 2147483647 2147483647 2147483647 2147483647 2147483647 2147483647 2147483647 2147483647 2147483647 2147483647 2147483647 2147483647 2147483647 2147483647 2147483647 2147483647 2147483647 2147483647 2147483647 2147483647 2147483647 2147483647 2147483647 
Altitude
-62.907257080078125 -62.22555160522461 -61.4117317199707 -60.8674201965332 -60.09059143066406 -59.23978042602539 -58.52108383178711 -57.70726013183594 -56.8194580078125 -55.31864547729492 -53.31580352783203 -51.04873275756836 -49.162147521972656 -46.868656158447266 -44.79182815551758 -42.413780212402344 -40.60118103027344 -38.66703796386719 -36.68532943725586 -34.55565643310547 -32.5950927734375 -30.33858871459961 -28.372737884521484 -25.9682674407959 -23.870302200317383 -21.79875946044922 -19.632095336914062 -17.840633392333984 -15.93291187286377 -14.009336471557617 -11.93250846862793 -9.961372375488281 -7.926821708679199 -6.130075454711914 -4.185361862182617 -2.30934739112854 -0.4174792766571045 1.4823156595230103 3.490443706512451 5.556702136993408 7.435359001159668 9.34836483001709 11.472753524780273 13.34876823425293 15.029253959655762 17.000391006469727 18.929250717163086 21.20160675048828 22.89530372619629 25.061967849731445 26.9670467376709 28.887981414794922 30.814197540283203 32.78004837036133 34.94935607910156 37.10545349121094 39.29325485229492 41.047725677490234 42.85768127441406 44.78390121459961 46.229225158691406 47.6507682800293 48.96662139892578 49.510929107666016 50.59690475463867 50.958892822265625 51.47942352294922 52.04486846923828 52.10300064086914 53.00401306152344 53.40299606323242 53.20482635498047 53.381858825683594 53.717430114746094 54.03714370727539 53.8521842956543 53.81519317626953 53.52454376220703 53.223323822021484 51.81499099731445 48.81865310668945 47.50544357299805 45.439186096191406 44.35585021972656 43.62394332885742 43.4469108581543 38.99732208251953 39.79792785644531 38.32353973388672 35.987770080566406 33.45383071899414 31.651798248291016 31.921310424804688 32.935943603515625 29.744077682495117 28.343671798706055 25.519081115722656 25.804447174072266 25.556072235107422 24.826805114746094 22.982498168945312 23.399978637695312 23.624570846557617 23.146320343017578 21.79083251953125 22.3166446685791 22.459327697753906 23.00627899169922 23.11725425720215 23.452823638916016 23.111968994140625 22.372133255004883 21.61115837097168 21.20160675048828 21.31258201599121 21.912378311157227 21.74855613708496 21.22274398803711 21.669288635253906 21.93087387084961 22.884735107421875 22.726198196411133 22.372133255004883 22.620506286621094 22.871522903442383 24.382904052734375 25.867860794067383 26.41217041015625 27.92354965209961 29.244688034057617 30.90667724609375 33.32435989379883 35.40382766723633 37.07374572753906 39.09508514404297 41.108497619628906 42.50625991821289 43.72963333129883 44.889591217041016 45.64263916015625 46.464385986328125 46.813167572021484 47.241214752197266 47.61113357543945 47.97312545776367 48.63369369506836 48.97190475463867 48.88999557495117 49.011539459228516 49.50035858154297 49.74873352050781 49.870277404785156 48.92434310913086 50.11865234375 51.141212463378906 51.84141540527344 51.18613052368164 50.46479034423828 50.34852981567383 50.48064422607422 50.657676696777344 50.82942199707031 51.030235290527344 50.71052169799805 50.48328399658203 50.496498107910156 50.4093017578125 51.23369216918945 52.512550354003906 52.10035705566406 51.56133270263672 50.459503173828125 49.18592834472656 47.954627990722656 46.85544204711914 44.7601203918457 42.41642379760742 42.918453216552734 39.65789031982422 39.24040985107422 37.52557373046875 36.24935531616211 34.55565643310547 33.27415466308594 31.548749923706055 30.375579833984375 28.57619285583496 27.506071090698242 26.44651985168457 25.386966705322266 24.721115112304688 24.345911026000977 23.598148345947266 23.291645050048828 23.196521759033203 22.70770263671875 22.559734344482422 22.287580490112305 21.780263900756836 21.640222549438477 22.13168716430664 22.274368286132812 22.504247665405273 22.11847496032715 21.959938049316406 21.801401138305664 21.597946166992188 21.70099639892578 21.42884063720703 21.571523666381836 21.09062957763672 21.230670928955078 21.220102310180664 21.09062957763672 21.822540283203125 22.74733543395996 22.86623764038086 23.362985610961914 24.451602935791016 26.61298370361328 28.12700653076172 28.697736740112305 30.003019332885742 31.390213012695312 33.11561965942383 34.915008544921875 37.05524826049805 38.94711685180664 41.206260681152344 42.6119499206543 44.00442886352539 45.169673919677734 46.1763801574707 46.37190628051758 47.19101333618164 47.54243469238281 47.94670104980469 48.601985931396484 48.866214752197266 48.84243392944336 49.05645751953125 49.030033111572266 49.51356887817383 49.82535934448242 49.92048263549805 50.158287048339844 50.736942291259766 51.35259246826172 52.084503173828125 52.55746841430664 52.74771499633789 52.673728942871094 52.96173858642578 53.05157470703125 53.001373291015625 53.03836441040039 53.0621452331543 53.299949645996094 52.92210388183594 53.04629135131836 53.1440544128418 53.12820053100586 52.7952766418457 52.85868835449219 52.71336364746094 52.76620864868164 52.58124923706055 52.655235290527344 52.652591705322266 52.48876953125 52.12942123413086 51.503204345703125 50.459503173828125 48.77373504638672 46.71804428100586 45.8170280456543 44.95564651489258 42.72028350830078 42.93959426879883 40.712158203125 38.69081497192383 39.00260543823242 36.357688903808594 35.7024040222168 33.90565872192383 31.83147430419922 31.345294952392578 28.827207565307617 27.463794708251953 26.42538070678711 24.797740936279297 22.779043197631836 20.303232192993164 19.774778366088867 17.536771774291992 16.247343063354492 14.8363676071167 13.380475044250488 11.800395011901855 11.17681884765625 8.891251564025879 7.5780415534973145 6.404871940612793 4.470727443695068 2.430891990661621 1.0833323001861572 -0.5126011371612549 -1.109755039215088 -3.815443515777588 -4.317475318908691 -6.6690993309021 -6.827635765075684 -9.459341049194336 -11.906085968017578 -12.006492614746094 -13.327629089355469 -15.404457092285156 -16.862991333007812 -18.316242218017578 -19.843477249145508 -21.275588989257812 -22.591442108154297 -24.372333526611328 -25.77273941040039 -27.289405822753906 -28.732086181640625 -30.20647430419922 -31.82354736328125 -32.991432189941406 -34.8304557800293 -35.87150955200195 -37.847930908203125 -39.01053237915039 -40.57475662231445 -41.837764739990234 -43.391422271728516 -45.07190704345703 -46.50402069091797 -47.41824722290039 -49.373531341552734 -50.98003387451172 -51.84141540527344 -52.64994812011719 -54.140193939208984 -56.697914123535156 -58.55278778076172 -59.646690368652344 -60.61376190185547 -61.37473678588867 -61.50156784057617 -61.839778900146484 -61.89262390136719 -61.998313903808594 -62.22026443481445 -62.32067108154297 -62.54262161254883 -62.71701431274414 -63.21376037597656 -63.40400314331055 -63.67351531982422 