LTE(1) or 5G(2)
2 2 2 2 2 2 2 2 2 2 2 2 2 2 2 2 2 2 2 2 2 2 2 2 2 2 2 2 2 2 2 2 2 2 2 2 2 2 2 2 2 2 2 2 2 2 2 2 2 2 2 2 2 2 2 2 2 1 2 2 2 2 2 2 1 1 1 2 2 2 2 2 2 2 2 2 2 2 2 2 2 2 2 2 2 2 2 1 1 2 2 2 2 2 2 2 2 2 2 2 2 2 1 1 1 1 2 2 2 2 1 1 1 1 1 2 2 2 2 2 2 2 2 2 2 2 2 2 2 2 2 2 2 2 2 2 2 2 2 2 2 2 2 2 2 2 2 2 2 2 2 2 2 2 2 2 2 2 2 2 2 2 2 2 2 2 2 2 2 2 2 2 2 2 2 2 2 2 2 2 2 2 2 2 2 2 2 2 2 2 2 2 2 2 2 2 2 2 2 2 2 2 2 2 1 1 1 1 1 1 1 2 2 2 2 2 2 2 2 2 2 2 2 2 2 2 2 2 2 2 2 2 2 2 2 2 2 2 2 2 2 2 2 2 2 2 2 2 2 2 2 2 2 2 2 2 2 2 2 2 2 2 2 2 2 2 2 2 2 2 2 2 2 2 2 2 2 2 2 2 2 2 2 2 2 2 2 2 2 2 2 2 2 2 2 2 2 
SNR of LTE
2 2 2 2 2 2 0 0 0 0 0 0 0 0 0 0 0 0 0 0 0 0 0 0 0 0 0 0 0 0 0 0 0 0 0 0 0 0 0 0 -2 -2 -2 -2 -2 -2 -2 -2 -2 -2 -2 -2 -2 -2 -3 -3 -3 -3 -3 -3 -3 -3 -3 -3 -3 -3 -3 -3 -3 -3 -3 -3 -3 -3 -3 -3 -3 -3 -3 -3 -2 -2 -2 -2 -2 -2 -2 -1 -1 -1 -1 -1 -1 -1 -1 -2 -2 -2 -2 -2 -2 -2 -2 -2 -2 -2 -2 -2 -2 -2 -2 -2 -2 -2 -3 -3 -3 -3 -3 -3 -3 -2 -2 -2 -2 -2 -2 -2 -2 -2 -2 -2 -2 -2 -1 -1 -1 -1 -1 0 0 0 0 0 0 0 0 0 0 1 1 1 1 1 1 2 3 3 3 3 3 3 3 3 3 2 2 2 2 2 2 2 2 2 1 1 0 0 0 0 0 0 0 -1 -1 -2 -2 -2 -3 -3 -3 -3 -3 -4 -4 -4 -4 -4 -4 -4 -4 -4 -4 -4 -4 -4 -4 -4 -4 -4 -4 -4 -4 -4 -4 -4 -4 -4 -4 -4 -5 -5 -5 -5 -5 -6 -6 -6 -6 -6 -6 -6 -6 -6 -6 -6 -6 -6 -6 -6 -6 -6 -6 -6 -6 -6 -6 -5 -4 -4 -4 -4 -4 -4 -4 -3 -3 -3 -3 -3 -3 -3 -3 -3 -3 -3 -3 -3 -3 -3 -3 -3 -3 -3 -3 -3 -3 -3 -3 -3 -2 -2 -2 -2 -2 -2 -1 -1 -1 -1 -1 -1 0 0 0 0 0 
SNR of 5G
10 10 10 10 10 10 8 8 8 8 8 8 8 6 6 6 2 2 2 2 2 2 4 4 5 5 6 6 5 5 5 5 5 5 5 5 5 5 5 5 3 3 4 4 -4 -4 -3 -3 -1 -1 -3 -3 4 4 2 2 3 0 1 1 -2 -2 -2 -2 0 0 0 6 6 6 6 6 6 1 1 1 1 2 2 2 2 -1 -1 -2 -2 -3 -3 0 0 2 2 2 2 1 1 1 1 -2 -2 -3 -3 -4 0 0 0 0 -6 -6 -7 -7 0 0 0 0 0 0 0 0 0 0 0 0 0 -2 -2 -2 -2 -2 -2 0 0 0 0 -3 -3 4 4 4 4 3 3 6 6 6 6 6 6 5 5 4 4 3 3 3 3 3 3 3 3 1 2 3 3 3 3 2 2 0 0 -3 -3 -4 -4 -4 -4 -4 -4 -5 -5 -5 -5 0 0 1 1 2 2 3 3 2 2 2 2 2 2 2 2 1 1 -1 -1 -1 -1 -2 0 0 0 0 0 0 0 1 1 2 2 2 2 2 2 2 2 2 2 2 2 1 1 0 0 -1 -1 1 1 4 4 7 7 7 7 7 7 7 7 7 7 7 7 5 5 5 4 4 4 4 4 2 -1 -1 -1 -1 -2 -2 6 6 5 5 5 5 5 5 5 5 3 3 3 3 1 1 1 1 2 2 6 6 6 6 8 8 8 8 8 8 10 10 6 6 6 
RSSI
-51 -51 -51 -51 -51 -51 -51 -51 -51 -51 -51 -51 -51 -51 -51 -51 -51 -51 -51 -51 -51 -51 -51 -51 -51 -51 -51 -51 -51 -51 -51 -51 -51 -51 -51 -51 -51 -51 -51 -51 -51 -51 -51 -51 -51 -51 -51 -51 -51 -51 -51 -51 -51 -51 -51 -51 -51 -53 -51 -51 -51 -51 -51 -51 -51 -51 -51 -51 -51 -51 -51 -51 -51 -51 -51 -51 -51 -51 -51 -51 -51 -51 -51 -51 -51 -51 -51 -51 -51 -51 -51 -51 -51 -51 -51 -51 -51 -51 -51 -51 -51 -51 -51 -51 -51 -51 -51 -51 -51 -51 -51 -51 -51 -51 -51 -51 -51 -51 -51 -51 -51 -51 -51 -51 -51 -51 -51 -51 -51 -51 -51 -51 -51 -51 -51 -51 -51 -51 -51 -51 -51 -51 -51 -51 -51 -51 -51 -51 -51 -51 -51 -51 -51 -51 -51 -51 -51 -51 -51 -51 -51 -51 -51 -51 -51 -51 -51 -51 -51 -51 -51 -51 -51 -51 -51 -51 -51 -51 -51 -51 -51 -51 -51 -51 -51 -51 -51 -51 -51 -51 -51 -51 -51 -51 -51 -51 -51 -51 -51 -51 -51 -51 -51 -51 -51 -51 -51 -51 -51 -51 -51 -51 -51 -51 -51 -51 -51 -51 -51 -51 -51 -51 -51 -51 -51 -51 -51 -51 -51 -51 -51 -51 -51 -51 -51 -51 -51 -51 -51 -51 -51 -51 -51 -51 -51 -51 -51 -51 -51 -51 -51 -51 -51 -51 -51 -51 -51 -51 -51 -51 -51 -51 -51 -51 -51 -51 -51 -51 -51 -51 -51 -51 -51 -51 -51 -51 -51 -51 -51 -51 -51 -51 -51 -51 -51 -51 -51 -51 -51 -51 -51 -51 -51 -51 -51 -51 -51 
RSRP
-77 -77 -77 -77 -77 -77 -77 -77 -77 -77 -77 -77 -77 -75 -75 -75 -75 -75 -75 -75 -75 -75 -75 -75 -75 -75 -75 -75 -75 -75 -75 -75 -75 -75 -75 -75 -75 -75 -75 -75 -76 -76 -76 -76 -76 -76 -76 -76 -76 -76 -76 -76 -76 -76 -76 -76 -76 -76 -76 -76 -76 -76 -76 -76 -76 -76 -76 -77 -77 -77 -77 -77 -77 -76 -76 -76 -76 -76 -76 -76 -75 -74 -74 -74 -74 -74 -74 -73 -73 -73 -73 -73 -73 -73 -73 -73 -73 -73 -73 -73 -73 -73 -73 -73 -73 -73 -73 -73 -73 -73 -73 -73 -73 -73 -74 -74 -75 -75 -75 -75 -75 -74 -74 -74 -74 -75 -75 -75 -75 -75 -75 -75 -75 -75 -74 -73 -73 -73 -73 -73 -72 -72 -72 -72 -72 -72 -72 -71 -71 -70 -70 -70 -70 -70 -70 -70 -69 -69 -68 -68 -68 -67 -67 -67 -67 -68 -68 -68 -68 -68 -68 -68 -68 -68 -68 -68 -69 -69 -69 -69 -69 -69 -69 -71 -71 -72 -72 -72 -75 -75 -75 -75 -75 -75 -76 -76 -76 -76 -76 -76 -77 -78 -78 -78 -78 -78 -78 -78 -79 -79 -79 -79 -79 -78 -78 -78 -78 -78 -79 -79 -80 -80 -80 -80 -80 -79 -79 -79 -79 -80 -80 -79 -79 -79 -79 -79 -79 -79 -79 -79 -79 -79 -79 -79 -79 -79 -79 -79 -78 -78 -78 -78 -78 -78 -78 -78 -78 -78 -78 -78 -78 -78 -78 -78 -78 -78 -78 -78 -78 -78 -78 -78 -77 -77 -77 -77 -77 -77 -77 -77 -76 -76 -76 -76 -76 -76 -76 -76 -76 -76 -76 -76 -75 -75 -75 -75 -75 
CID
13792258 13792258 13792258 13792258 13792258 13792258 13792258 13792258 13792258 13792258 13792258 13792258 13792258 13792258 13792258 13792258 13792258 13792258 13792258 13792258 13792258 13792258 13792258 13792258 13792258 13792258 13792258 13792258 13792258 13792258 13792258 13792258 13792258 13792258 13792258 13792258 13792258 13792258 13792258 13792258 13792258 13792258 13792258 13792258 13792258 13792258 13792258 13792258 13792258 13792258 13792258 13792258 13792258 13792258 13792513 13792513 13792513 13792258 13792258 13792513 13792513 13792513 13792513 13792513 13792513 13792513 13792513 13792513 13792513 13792513 13792513 13792513 13792513 13792513 13792513 13792513 13792513 13792513 13792513 13792513 13792513 13792513 13792513 13792513 13792513 13792513 13792513 13792513 13792513 13792513 13792513 13792513 13792513 13792513 13792513 13792258 13792258 13792258 13792258 13792258 13792258 13792258 13792258 13792258 13769739 13769739 13769739 13769739 13769739 13769739 13769739 13769739 13769739 13769739 13769739 13769739 13769739 13769739 13769739 13769739 13769739 13769739 13769739 13769739 13769739 13769739 13769739 13769739 13769739 13769739 13769739 13769739 13769739 13769739 13769739 13769739 13769739 13769739 13769739 13769739 13769739 13769739 13769739 13769739 13769739 13769739 13769739 13769739 13769739 13769739 13769739 13769739 13769739 13769739 13769739 13769739 13769739 13769739 13769739 13769739 13769739 13769739 13769739 13769739 13769739 13769739 13769739 13769739 13769739 13769739 13769739 13769739 13769739 13769739 13769739 13769739 13769739 13769739 13769739 13769739 13769739 13769739 13769739 13769739 13769739 13769739 13769739 13769739 13769739 13769739 13769739 13769739 13769739 13769739 13769739 13769739 13769739 13769739 13769739 13769739 13769739 13769739 13769739 13769739 13769739 13769739 13769739 13769739 13754890 13754890 13754890 13754890 13754890 13754890 13754890 13754890 13792522 13792522 13792522 13792522 13792522 13792258 13792258 13792258 13792258 13792258 13792258 13792258 13792258 13792258 13792258 13792258 13792258 13792258 13792258 13792258 13792258 13792258 13792258 13792258 13792258 13792258 13792258 13792258 13792258 13792258 13792258 13792258 13792258 13792258 13792258 13792258 13792258 13792258 13792258 13792258 13792258 13792258 13792258 13792258 13792258 13792258 13792258 13792258 13792258 13792258 13792258 13792258 13792258 13792258 13792258 13792258 13792258 13792258 13792258 13792258 13792258 13792258 13792258 13792258 13792258 13792258 13792258 13792258 13792258 13792258 13792258 13792258 13792258 13792258 13792258 13792258 13792258 13792258 13792258 13792258 13792258 
RSRP of 5G
-83 -83 -83 -83 -83 -83 -77 -77 -81 -81 -81 -81 -81 -83 -83 -83 -86 -86 -86 -86 -83 -83 -90 -90 -84 -84 -91 -91 -82 -82 -82 -82 -82 -82 -82 -82 -82 -82 -82 -82 -100 -100 -92 -84 -89 -89 -83 -83 -86 -86 -116 -116 -84 -84 -85 -85 -84 -83 -81 -81 -82 -82 -85 -85 -138 -138 -138 -82 -82 -82 -82 -82 -82 -85 -85 -88 -88 -95 -95 -86 -86 -93 -93 -84 -84 -95 -95 -95 -95 -86 -86 -86 -86 -85 -85 -102 -83 -90 -90 -84 -84 -91 -91 -91 -91 -91 -124 -124 -122 -122 -122 -122 -122 -122 -122 -91 -91 -91 -91 -88 -88 -96 -96 -92 -92 -90 -90 -85 -85 -86 -86 -86 -86 -93 -93 -80 -80 -80 -80 -87 -87 -80 -80 -80 -80 -80 -80 -91 -91 -82 -82 -79 -79 -79 -79 -82 -82 -80 -80 -85 -78 -78 -78 -78 -78 -80 -80 -82 -82 -83 -83 -82 -82 -88 -81 -81 -82 -86 -86 -86 -86 -81 -81 -79 -79 -78 -78 -77 -77 -77 -77 -77 -77 -78 -78 -78 -78 -78 -78 -81 -81 -100 -100 -101 -101 -101 -101 -101 -101 -101 -101 -84 -84 -85 -85 -85 -84 -84 -84 -84 -83 -83 -83 -83 -83 -81 -81 -81 -81 -82 -82 -81 -81 -77 -77 -74 -74 -74 -74 -74 -74 -74 -74 -74 -74 -74 -74 -75 -75 -75 -76 -76 -76 -76 -76 -78 -81 -81 -81 -81 -84 -84 -79 -79 -86 -86 -86 -86 -86 -86 -86 -86 -88 -88 -82 -82 -86 -86 -86 -86 -84 -84 -83 -83 -83 -83 -79 -79 -82 -82 -82 -82 -76 -76 -83 -83 -83 
CQI
2147483647 2147483647 2147483647 2147483647 2147483647 2147483647 2147483647 2147483647 2147483647 2147483647 2147483647 2147483647 2147483647 2147483647 2147483647 2147483647 2147483647 2147483647 2147483647 2147483647 2147483647 2147483647 2147483647 2147483647 2147483647 2147483647 2147483647 2147483647 2147483647 2147483647 2147483647 2147483647 2147483647 2147483647 2147483647 2147483647 2147483647 2147483647 2147483647 2147483647 2147483647 2147483647 2147483647 2147483647 2147483647 2147483647 2147483647 2147483647 2147483647 2147483647 2147483647 2147483647 2147483647 2147483647 2147483647 2147483647 2147483647 2147483647 2147483647 2147483647 2147483647 2147483647 2147483647 2147483647 2147483647 2147483647 2147483647 2147483647 2147483647 2147483647 2147483647 2147483647 2147483647 2147483647 2147483647 2147483647 2147483647 2147483647 2147483647 2147483647 2147483647 2147483647 2147483647 2147483647 2147483647 2147483647 2147483647 2147483647 2147483647 2147483647 2147483647 2147483647 2147483647 2147483647 2147483647 2147483647 2147483647 2147483647 2147483647 2147483647 2147483647 2147483647 2147483647 2147483647 2147483647 2147483647 2147483647 2147483647 2147483647 2147483647 2147483647 2147483647 2147483647 2147483647 2147483647 2147483647 2147483647 2147483647 2147483647 2147483647 2147483647 2147483647 2147483647 2147483647 2147483647 2147483647 2147483647 2147483647 2147483647 2147483647 2147483647 2147483647 2147483647 2147483647 2147483647 2147483647 2147483647 2147483647 2147483647 2147483647 2147483647 2147483647 2147483647 2147483647 2147483647 2147483647 2147483647 2147483647 2147483647 2147483647 2147483647 2147483647 2147483647 2147483647 2147483647 2147483647 2147483647 2147483647 2147483647 2147483647 2147483647 2147483647 2147483647 2147483647 2147483647 2147483647 2147483647 2147483647 2147483647 2147483647 2147483647 2147483647 2147483647 2147483647 2147483647 2147483647 2147483647 2147483647 2147483647 2147483647 2147483647 2147483647 2147483647 2147483647 2147483647 2147483647 2147483647 2147483647 2147483647 2147483647 2147483647 2147483647 2147483647 2147483647 2147483647 2147483647 2147483647 2147483647 2147483647 2147483647 2147483647 2147483647 2147483647 2147483647 2147483647 2147483647 2147483647 2147483647 2147483647 2147483647 2147483647 2147483647 2147483647 2147483647 2147483647 2147483647 2147483647 2147483647 2147483647 2147483647 2147483647 2147483647 2147483647 2147483647 2147483647 2147483647 2147483647 2147483647 2147483647 2147483647 2147483647 2147483647 2147483647 2147483647 2147483647 2147483647 2147483647 2147483647 2147483647 2147483647 2147483647 2147483647 2147483647 2147483647 2147483647 2147483647 2147483647 2147483647 2147483647 2147483647 2147483647 2147483647 2147483647 2147483647 2147483647 2147483647 2147483647 2147483647 2147483647 2147483647 2147483647 2147483647 2147483647 2147483647 2147483647 2147483647 2147483647 2147483647 2147483647 2147483647 2147483647 2147483647 2147483647 2147483647 2147483647 2147483647 2147483647 2147483647 2147483647 2147483647 2147483647 2147483647 2147483647 2147483647 2147483647 2147483647 2147483647 2147483647 2147483647 2147483647 2147483647 2147483647 2147483647 2147483647 2147483647 2147483647 2147483647 
Altitude
-62.711727142333984 -62.24140548706055 -61.59668731689453 -60.78815460205078 -59.694252014160156 -58.2885627746582 -56.08490753173828 -53.91823959350586 -52.00523376464844 -49.960113525390625 -47.98369598388672 -45.806461334228516 -43.703208923339844 -41.66337585449219 -39.57597732543945 -37.53085708618164 -35.61256790161133 -33.58330154418945 -31.60159683227539 -29.376800537109375 -27.32111167907715 -25.159732818603516 -23.204448699951172 -21.307296752929688 -19.658517837524414 -18.390226364135742 -17.333316802978516 -16.376813888549805 -15.531286239624023 -14.934131622314453 -14.368685722351074 -13.681694030761719 -13.34876823425293 -12.999987602233887 -12.566654205322266 -12.143890380859375 -11.869094848632812 -11.810964584350586 -11.552021026611328 -11.377631187438965 -11.319501876831055 -11.256086349487305 -10.98657512664795 -10.695924758911133 -10.542673110961914 -10.209746360778809 -10.008934020996094 -9.623161315917969 -8.682512283325195 -6.399587631225586 -4.407312870025635 -4.18007755279541 -3.0333304405212402 -1.4849579334259033 0.5310970544815063 2.3304855823516846 4.087597846984863 6.164424896240234 8.344301223754883 10.209746360778809 12.492671012878418 14.299985885620117 16.59347915649414 18.680875778198242 20.45912742614746 22.372133255004883 24.56786346435547 26.66054344177246 28.54977035522461 30.861759185791016 32.64265060424805 34.97049331665039 36.621917724609375 38.85199737548828 40.09914779663086 41.7637825012207 43.00829315185547 44.6332893371582 45.82231521606445 46.50930404663086 47.00341033935547 47.68775939941406 48.05239486694336 48.29283905029297 48.435523986816406 48.789588928222656 49.04853057861328 49.384098052978516 49.460723876953125 49.44486999511719 49.83592987060547 49.732879638671875 49.61661911010742 49.57170104980469 49.60869216918945 49.21235275268555 47.41560363769531 46.62556457519531 45.40483474731445 43.29894256591797 42.252601623535156 40.93939208984375 39.21662902832031 38.45565414428711 34.95199966430664 36.03268814086914 35.279640197753906 30.83269500732422 29.89997100830078 29.067655563354492 25.923349380493164 26.10038185119629 24.800382614135742 24.131887435913086 21.629653930664062 21.981077194213867 19.99408721923828 17.021528244018555 17.3518123626709 15.18250560760498 11.060558319091797 11.575801849365234 10.122550964355469 8.664015769958496 6.03231143951416 5.540848255157471 4.106093406677246 3.1125986576080322 2.108534574508667 1.0040640830993652 -0.7345521450042725 -2.2829246520996094 -3.6093461513519287 -4.576418399810791 -5.966254234313965 -7.726008892059326 -8.34958553314209 -7.76300048828125 -7.879261016845703 -8.22804069519043 -8.254463195800781 -8.835763931274414 -9.152836799621582 -8.624382019042969 -9.6337308883667 -9.53860855102539 -10.17803955078125 -10.368282318115234 -10.193892478942871 -10.997143745422363 -10.917875289916992 -10.394705772399902 -10.16746997833252 -9.987794876098633 -9.158121109008789 -7.720724105834961 -5.363816261291504 -4.634548187255859 -3.7150371074676514 -2.034550905227661 0.20873963832855225 1.8628031015396118 4.542068958282471 6.325603485107422 8.053650856018066 10.220315933227539 12.233728408813477 14.067466735839844 16.181285858154297 18.361162185668945 20.234533309936523 22.63636016845703 24.53351402282715 26.713388442993164 28.76907730102539 30.874971389770508 32.66379165649414 35.07618713378906 36.849151611328125 38.71195602416992 39.72394561767578 40.770286560058594 42.40321350097656 44.01499938964844 44.974143981933594 45.78532409667969 46.27942657470703 46.895076751708984 47.14080810546875 47.66926193237305 48.29283905029297 48.657474517822266 48.871498107910156 49.156864166259766 49.114585876464844 49.35239028930664 49.29954528808594 49.159507751464844 49.36031723022461 49.447513580322266 49.370887756347656 49.251983642578125 48.5464973449707 46.7576789855957 45.18552780151367 43.904022216796875 42.683292388916016 40.37130355834961 39.319679260253906 37.9324836730957 34.761756896972656 34.574153900146484 33.157894134521484 32.082489013671875 29.807491302490234 30.214401245117188 27.33960723876953 25.714609146118164 24.50444793701172 23.5611572265625 22.25058937072754 21.50811004638672 19.21725845336914 17.502422332763672 15.95669174194336 14.775595664978027 13.478239059448242 11.929866790771484 9.763201713562012 8.31523609161377 6.357311248779297 5.540848255157471 4.444304466247559 3.5987770557403564 2.071542739868164 0.40426790714263916 -0.7186985015869141 -2.673981189727783 -2.948777675628662 -5.31625509262085 -6.293896675109863 -6.790643692016602 -7.387797832489014 -7.910967826843262 -7.836984634399414 -8.344301223754883 -8.851617813110352 -9.29023551940918 -9.58088493347168 -9.897957801818848 -10.024786949157715 -9.93494987487793 -10.225600242614746 -10.405274391174316 -10.336575508117676 -10.135763168334961 -10.230884552001953 -10.17803955078125 -10.310153007507324 -10.352429389953613 -11.160964965820312 -12.931288719177246 -14.056897163391113 -14.902424812316895 -15.562993049621582 -17.904048919677734 -19.795915603637695 -20.62030601501465 -22.121116638183594 -23.320709228515625 -24.224367141723633 -25.77273941040039 -27.051599502563477 -28.399160385131836 -29.27111053466797 -30.370296478271484 -32.9967155456543 -34.75118637084961 -35.80281066894531 -37.842647552490234 -39.82963562011719 -41.134918212890625 -41.93288803100586 -42.80483627319336 -46.14995574951172 -47.59263610839844 -49.06174087524414 -49.98125457763672 -50.69466781616211 -51.68816375732422 -53.865394592285156 -55.41905212402344 -56.074337005615234 -58.584495544433594 -60.8145751953125 -62.336524963378906 -63.18205261230469 