LTE(1) or 5G(2)
2 2 2 2 2 2 2 2 2 2 2 2 2 2 2 2 2 2 2 2 2 2 2 2 2 2 2 2 2 2 2 2 2 2 2 2 2 2 2 2 2 2 2 2 2 2 2 2 2 2 2 2 2 2 2 2 2 2 2 2 2 2 2 2 2 2 2 2 2 2 2 2 2 2 2 2 2 2 2 2 2 2 2 2 2 2 2 2 2 2 2 2 2 2 2 2 2 2 2 2 2 2 2 2 2 2 2 2 2 2 2 1 1 2 2 2 2 2 2 2 2 2 2 2 2 2 2 2 2 2 2 2 2 1 1 1 2 2 2 2 2 2 2 2 1 1 1 1 2 2 2 2 2 2 2 2 2 2 2 2 2 2 2 1 1 1 1 1 1 2 2 2 2 2 2 2 2 2 2 2 2 2 2 2 2 2 2 2 2 2 2 2 2 2 2 2 2 2 2 2 2 2 2 2 2 2 2 2 2 2 2 2 2 2 2 2 2 1 1 2 2 2 2 2 1 1 1 1 1 1 1 1 1 1 1 1 1 2 2 2 2 2 2 2 2 2 2 2 2 2 2 2 2 2 1 1 2 2 2 2 2 2 2 2 2 2 2 2 2 2 2 2 2 2 2 2 2 2 2 2 2 2 2 2 2 2 2 2 2 2 2 2 2 2 2 2 2 2 2 2 2 2 2 2 2 2 2 2 2 2 2 2 2 2 2 2 2 2 2 2 2 2 2 2 2 2 2 2 2 2 2 2 2 2 2 2 
SNR of LTE
5 5 5 5 4 4 4 4 4 2 2 2 2 3 3 3 3 3 2 2 2 2 2 2 2 2 2 2 2 2 2 2 2 2 2 2 0 0 0 0 0 0 0 0 0 0 -3 -3 -3 -3 -3 -4 -4 -4 -4 -4 -4 -4 -4 -4 -3 -3 -3 -3 -3 -3 -3 -3 -3 -3 -3 -3 -3 -3 -3 -3 -2 -2 -2 -2 -2 -2 -3 -3 -3 -3 -3 -3 -3 -3 -3 -3 -3 -3 -2 -2 -2 -2 -2 -2 -2 -2 -2 -2 -2 0 0 0 0 0 0 0 0 0 0 0 0 0 0 1 1 1 1 1 1 1 1 2 2 2 2 1 1 1 1 0 0 0 0 0 0 0 0 0 -1 -1 -1 -2 -2 -2 -2 -2 -2 -2 -3 -3 -3 -3 -3 -4 -4 -4 -5 -5 -5 -5 -5 -5 -5 -5 -4 -3 -3 -3 -3 -3 -2 -1 -1 0 0 0 0 2 2 2 2 2 2 2 2 0 0 0 0 0 0 -1 -1 -1 -1 -2 -2 -2 -2 -2 -2 -2 -2 -2 -2 -1 -1 -1 -1 -1 -1 -1 -1 -3 -3 -3 -3 -3 -3 -4 -4 -4 -4 -4 -4 -5 -5 -4 -4 -4 -4 -4 -4 -4 -4 -3 -3 -3 -3 -3 -3 -3 -3 -3 -3 -3 -3 -3 -3 -4 -4 -4 -4 -4 -4 -4 -4 -4 -4 -4 -4 -4 -4 -4 -4 -4 -4 -4 -4 -4 -4 -4 -4 -3 -3 -3 -3 -3 -3 -1 -1 -1 -1 -1 0 0 0 0 0 0 1 3 3 3 4 4 4 4 5 5 5 5 5 5 5 5 5 5 5 5 5 6 6 6 6 6 6 6 6 6 7 7 7 7 7 7 7 7 8 9 
SNR of 5G
-1 -1 0 -1 12 12 12 12 12 9 9 9 10 10 10 10 10 10 7 7 7 7 7 7 7 7 7 7 7 7 7 7 7 7 7 7 6 6 6 6 6 6 6 6 6 6 2 2 3 3 3 4 4 4 4 4 4 4 5 5 4 4 4 4 5 5 5 5 3 3 2 2 0 0 -4 -4 4 4 3 3 3 3 4 4 4 4 4 4 4 4 4 4 4 4 4 4 4 4 4 4 4 4 4 4 4 5 5 5 5 5 2 0 0 3 3 2 2 3 3 -1 -1 -1 -1 -2 -2 -1 -1 -3 -4 -3 -3 -2 -2 0 0 0 -3 -3 -5 -5 0 0 -2 -2 0 0 0 0 0 0 0 0 -1 -1 -1 -1 0 0 -1 -1 -4 -4 -4 0 0 0 0 0 0 3 3 2 2 2 2 2 2 0 1 -1 -1 -3 -3 -3 -3 0 0 1 1 1 1 0 0 1 1 -1 -1 -2 -2 -3 -3 1 1 1 1 4 4 1 1 1 1 1 0 -5 -7 -7 -3 0 0 2 2 2 2 0 0 0 0 0 0 0 0 0 0 0 0 0 0 4 4 4 4 2 2 2 2 1 1 0 0 0 0 0 0 -1 0 0 -2 -2 -2 3 0 0 -2 -2 2 2 2 2 2 2 3 3 3 3 4 4 4 4 4 4 4 4 4 4 4 7 7 7 7 7 3 3 3 3 3 3 5 5 5 5 6 6 6 6 8 8 8 8 8 8 8 8 5 5 4 4 2 2 3 3 2 2 2 3 3 3 9 9 9 9 9 9 9 9 7 7 
RSSI
-51 -51 -51 -51 -51 -51 -51 -51 -51 -51 -51 -51 -51 -51 -51 -51 -51 -51 -51 -51 -51 -51 -51 -51 -51 -51 -51 -51 -51 -51 -51 -51 -51 -51 -51 -51 -51 -51 -51 -51 -51 -51 -51 -51 -51 -51 -51 -51 -51 -51 -51 -51 -51 -51 -51 -51 -51 -51 -51 -51 -51 -51 -51 -51 -51 -51 -51 -51 -51 -51 -51 -51 -51 -51 -51 -51 -51 -51 -51 -51 -51 -51 -51 -51 -51 -51 -51 -51 -51 -51 -51 -51 -51 -51 -51 -51 -51 -51 -51 -51 -51 -51 -51 -51 -51 -51 -51 -51 -51 -51 -51 -51 -51 -51 -51 -51 -51 -51 -51 -51 -51 -51 -51 -51 -51 -51 -51 -51 -51 -51 -51 -51 -51 -51 -51 -51 -51 -51 -51 -51 -51 -51 -51 -51 -51 -51 -51 -51 -51 -51 -51 -51 -51 -51 -51 -51 -51 -51 -51 -51 -51 -51 -51 -51 -51 -51 -51 -51 -51 -51 -51 -51 -51 -51 -51 -51 -51 -51 -51 -51 -51 -51 -51 -51 -51 -51 -51 -51 -51 -51 -51 -51 -51 -51 -51 -51 -51 -51 -51 -51 -51 -51 -51 -51 -51 -51 -51 -51 -51 -51 -51 -51 -51 -51 -51 -51 -51 -51 -51 -51 -51 -51 -51 -51 -51 -51 -51 -51 -51 -51 -51 -51 -51 -51 -51 -51 -51 -51 -51 -51 -51 -51 -51 -51 -51 -51 -51 -51 -51 -51 -51 -51 -51 -51 -51 -51 -51 -51 -51 -51 -51 -51 -51 -51 -51 -51 -51 -51 -51 -51 -51 -51 -51 -51 -51 -51 -51 -51 -51 -51 -51 -51 -51 -51 -51 -51 -51 -51 -51 -51 -51 -51 -51 -51 -51 -51 -51 -51 -51 -51 -51 -51 -51 -51 -51 -51 -51 -51 -51 -51 -51 -51 -51 -51 -51 -51 -51 -51 -51 -51 -51 -51 -51 -51 -51 -51 -51 -51 -51 -51 -51 -51 -51 -51 -51 -51 
RSRP
-77 -77 -77 -77 -77 -77 -77 -77 -77 -78 -78 -78 -78 -77 -77 -77 -77 -77 -77 -77 -77 -77 -77 -77 -77 -77 -77 -77 -77 -77 -77 -77 -77 -77 -77 -77 -76 -76 -76 -76 -76 -76 -76 -76 -76 -76 -78 -78 -78 -78 -78 -79 -79 -79 -79 -79 -79 -79 -79 -79 -79 -79 -79 -79 -79 -79 -79 -79 -79 -79 -79 -79 -79 -79 -79 -79 -79 -79 -79 -79 -79 -79 -80 -80 -80 -80 -80 -80 -80 -80 -80 -80 -80 -80 -76 -76 -76 -76 -76 -76 -76 -76 -76 -76 -76 -74 -74 -74 -74 -74 -74 -74 -74 -74 -74 -74 -74 -74 -74 -74 -74 -73 -73 -73 -73 -73 -73 -73 -73 -73 -73 -73 -73 -73 -73 -73 -74 -74 -74 -74 -74 -75 -75 -75 -75 -75 -75 -76 -77 -77 -77 -77 -77 -77 -77 -77 -78 -78 -78 -78 -78 -78 -78 -78 -78 -75 -75 -75 -75 -75 -74 -72 -72 -72 -72 -72 -71 -70 -70 -69 -69 -69 -69 -69 -69 -69 -69 -69 -69 -69 -69 -72 -72 -73 -73 -74 -74 -76 -76 -76 -76 -79 -79 -79 -79 -79 -79 -78 -78 -78 -78 -77 -77 -77 -77 -77 -76 -76 -76 -77 -77 -77 -77 -77 -77 -77 -77 -77 -77 -77 -77 -79 -79 -79 -79 -79 -79 -79 -79 -79 -79 -78 -78 -78 -78 -78 -77 -77 -77 -77 -77 -76 -76 -76 -76 -76 -76 -76 -76 -76 -76 -76 -76 -76 -76 -76 -76 -76 -76 -76 -76 -76 -76 -76 -77 -77 -77 -77 -77 -75 -75 -75 -75 -75 -75 -73 -73 -73 -73 -73 -71 -71 -70 -70 -70 -70 -69 -68 -68 -68 -67 -67 -67 -67 -67 -67 -67 -67 -67 -67 -67 -67 -67 -67 -67 -67 -67 -67 -67 -67 -67 -67 -67 -67 -67 -67 -68 -68 -68 -68 -68 -68 -68 -68 -68 -68 
CID
13792258 13792258 13792258 13792258 13792258 13792258 13792258 13792258 13792258 13792258 13792258 13792258 13792258 13792258 13792258 13792258 13792258 13792258 13792258 13792258 13792258 13792258 13792258 13792258 13792258 13792258 13792258 13792258 13792258 13792258 13792258 13792258 13792258 13792258 13792258 13792258 13792258 13792258 13792258 13792258 13792258 13792258 13792258 13792258 13792258 13792258 13792258 13792258 13792258 13792258 13769739 13769739 13769739 13769739 13769739 13769739 13769739 13769739 13769739 13769739 13769739 13769739 13769739 13769739 13769739 13769739 13769739 13769739 13769739 13769739 13769739 13769739 13769739 13769739 13769739 13769739 13769739 13769739 13769739 13769739 13769739 13769739 13769739 13792513 13792513 13792513 13792513 13792513 13792513 13792513 13792513 13792513 13792513 13792513 13769739 13769739 13769739 13769739 13769739 13769739 13769739 13769739 13769739 13769739 13769739 13769739 13769739 13769739 13769739 13769739 13769739 13769739 13769739 13769739 13769739 13769739 13769739 13769739 13769739 13769739 13769739 13769739 13769739 13769739 13769739 13769739 13769739 13769739 13769739 13769739 13769739 13769739 13769739 13769739 13769739 13769739 13769739 13769739 13769739 13769739 13769739 13769739 13769739 13769739 13792523 13792523 13792258 13792258 13792258 13792258 13792258 13792258 13792258 13792258 13792258 13792258 13792258 13792258 13792258 13792258 13792258 13792258 13792258 13792258 13792258 13769739 13769739 13769739 13769739 13769739 13769739 13769739 13769739 13769739 13769739 13769739 13769739 13769739 13769739 13769739 13769739 13769739 13769739 13769739 13769739 13769739 13792513 13792513 13792513 13792513 13792513 13792513 13792513 13792513 13792513 13792513 13792513 13792513 13792513 13792513 13792513 13792513 13792513 13792513 13792513 13792513 13792513 13792513 13792513 13792513 13792513 13792513 13792513 13792513 13792513 13792513 13792257 13792257 13792257 13792257 13792257 13792257 13792257 13792257 13792257 13792257 13792257 13792257 13792257 13792257 13792257 13678086 13678086 13678086 13678086 13678086 13678086 13678086 13678086 13678086 13678086 13678086 13678086 13678086 13678086 13678086 13678086 13678086 13678086 13678086 13678086 13678086 13678086 13678086 13678086 13678086 13678086 13678086 13678086 13678086 13769742 13769742 13769742 13769742 13769742 13769742 13769742 13769742 13769742 13769742 13769742 13769742 13769742 13769742 13678086 13678086 13678086 13678086 13678086 13678086 13678086 13678086 13678086 13678086 13678086 13678086 13678086 13678086 13678086 13678086 13678086 13678086 13678086 13678086 13678086 13678086 13678086 13678086 13678086 13678086 13678086 13678086 13678086 13678086 13678086 13678086 13678086 13678086 13678086 13678086 13678086 13678086 13678086 13678086 13678086 13678086 13678086 13678086 13678086 13678086 13678086 13678086 13678086 13678086 13678086 13678086 13678086 13678086 13678086 13678086 13678086 13678086 13678086 13678086 13678086 13678086 
RSRP of 5G
-88 -88 -88 -80 -85 -85 -85 -85 -85 -85 -85 -85 -76 -76 -76 -76 -76 -76 -81 -81 -81 -81 -81 -81 -81 -81 -81 -81 -81 -81 -81 -81 -81 -81 -81 -81 -81 -81 -81 -81 -81 -81 -81 -81 -81 -81 -83 -83 -84 -84 -84 -84 -84 -84 -84 -84 -87 -87 -100 -100 -85 -85 -87 -87 -86 -86 -86 -86 -88 -88 -127 -127 -106 -106 -83 -83 -80 -80 -82 -82 -80 -80 -83 -83 -83 -83 -83 -83 -83 -83 -83 -83 -83 -83 -85 -85 -85 -85 -85 -85 -85 -85 -85 -85 -85 -85 -85 -85 -85 -85 -93 -93 -93 -81 -81 -79 -79 -80 -80 -98 -98 -83 -83 -87 -87 -93 -93 -93 -83 -88 -88 -82 -82 -87 -87 -87 -98 -98 -81 -81 -88 -88 -89 -89 -97 -97 -97 -97 -85 -85 -86 -86 -89 -89 -87 -87 -86 -86 -105 -105 -114 -114 -117 -117 -117 -117 -117 -117 -117 -78 -78 -79 -79 -79 -79 -79 -73 -89 -78 -80 -80 -81 -81 -89 -89 -79 -79 -82 -82 -82 -82 -81 -81 -79 -79 -79 -79 -80 -80 -74 -74 -73 -73 -81 -81 -84 -84 -86 -86 -101 -101 -89 -82 -91 -82 -82 -82 -82 -82 -83 -83 -84 -84 -83 -83 -83 -83 -83 -83 -83 -83 -83 -83 -83 -83 -83 -83 -76 -76 -76 -76 -79 -79 -80 -80 -81 -81 -81 -81 -82 -82 -83 -83 -81 -81 -81 -119 -119 -114 -83 -85 -85 -114 -84 -84 -84 -84 -84 -85 -85 -85 -85 -85 -85 -85 -85 -85 -85 -85 -83 -83 -83 -83 -83 -83 -83 -83 -83 -83 -83 -87 -87 -86 -86 -77 -77 -85 -85 -92 -92 -83 -83 -83 -83 -78 -78 -78 -78 -78 -78 -78 -78 -85 -85 -87 -87 -93 -93 -91 -91 -90 -90 -90 -82 -82 -82 -88 -88 -86 -86 -86 -86 -86 -86 -88 -88 
CQI
2147483647 2147483647 2147483647 2147483647 2147483647 2147483647 2147483647 2147483647 2147483647 2147483647 2147483647 2147483647 2147483647 2147483647 2147483647 2147483647 2147483647 2147483647 2147483647 2147483647 2147483647 2147483647 2147483647 2147483647 2147483647 2147483647 2147483647 2147483647 2147483647 2147483647 2147483647 2147483647 2147483647 2147483647 2147483647 2147483647 2147483647 2147483647 2147483647 2147483647 2147483647 2147483647 2147483647 2147483647 2147483647 2147483647 2147483647 2147483647 2147483647 2147483647 2147483647 2147483647 2147483647 2147483647 2147483647 2147483647 2147483647 2147483647 2147483647 2147483647 2147483647 2147483647 2147483647 2147483647 2147483647 2147483647 2147483647 2147483647 2147483647 2147483647 2147483647 2147483647 2147483647 2147483647 2147483647 2147483647 2147483647 2147483647 2147483647 2147483647 2147483647 2147483647 2147483647 2147483647 2147483647 2147483647 2147483647 2147483647 2147483647 2147483647 2147483647 2147483647 2147483647 2147483647 2147483647 2147483647 2147483647 2147483647 2147483647 2147483647 2147483647 2147483647 2147483647 2147483647 2147483647 2147483647 2147483647 2147483647 2147483647 2147483647 2147483647 2147483647 2147483647 2147483647 2147483647 2147483647 2147483647 2147483647 2147483647 2147483647 2147483647 2147483647 2147483647 2147483647 2147483647 2147483647 2147483647 2147483647 2147483647 2147483647 2147483647 2147483647 2147483647 2147483647 2147483647 2147483647 2147483647 2147483647 2147483647 2147483647 2147483647 2147483647 2147483647 2147483647 2147483647 2147483647 2147483647 2147483647 2147483647 2147483647 2147483647 2147483647 2147483647 2147483647 2147483647 2147483647 2147483647 2147483647 2147483647 2147483647 2147483647 2147483647 2147483647 2147483647 2147483647 2147483647 2147483647 2147483647 2147483647 2147483647 2147483647 2147483647 2147483647 2147483647 2147483647 2147483647 2147483647 2147483647 2147483647 2147483647 2147483647 2147483647 2147483647 2147483647 2147483647 2147483647 2147483647 2147483647 2147483647 2147483647 2147483647 2147483647 2147483647 2147483647 2147483647 2147483647 2147483647 2147483647 2147483647 2147483647 2147483647 2147483647 2147483647 2147483647 2147483647 2147483647 2147483647 2147483647 2147483647 2147483647 2147483647 2147483647 2147483647 2147483647 2147483647 2147483647 2147483647 2147483647 2147483647 2147483647 2147483647 2147483647 2147483647 2147483647 2147483647 2147483647 2147483647 2147483647 2147483647 2147483647 2147483647 2147483647 2147483647 2147483647 2147483647 2147483647 2147483647 2147483647 2147483647 2147483647 2147483647 2147483647 2147483647 2147483647 2147483647 2147483647 2147483647 2147483647 2147483647 2147483647 2147483647 2147483647 2147483647 2147483647 2147483647 2147483647 2147483647 2147483647 2147483647 2147483647 2147483647 2147483647 2147483647 2147483647 2147483647 2147483647 2147483647 2147483647 2147483647 2147483647 2147483647 2147483647 2147483647 2147483647 2147483647 2147483647 2147483647 2147483647 2147483647 2147483647 2147483647 2147483647 2147483647 2147483647 2147483647 2147483647 2147483647 2147483647 2147483647 2147483647 2147483647 2147483647 2147483647 2147483647 2147483647 2147483647 2147483647 2147483647 2147483647 2147483647 2147483647 2147483647 2147483647 2147483647 2147483647 2147483647 2147483647 2147483647 2147483647 2147483647 2147483647 2147483647 2147483647 2147483647 2147483647 2147483647 2147483647 2147483647 2147483647 2147483647 2147483647 2147483647 2147483647 2147483647 2147483647 2147483647 2147483647 2147483647 2147483647 2147483647 2147483647 2147483647 2147483647 2147483647 2147483647 2147483647 
Altitude
-117.54419708251953 -116.91004943847656 -116.12265014648438 -115.3246841430664 -114.46858978271484 -113.68647766113281 -112.9096450805664 -112.23322296142578 -111.38241577148438 -110.60558319091797 -109.96615600585938 -108.77713012695312 -106.79014587402344 -104.76087951660156 -102.59949493408203 -100.51210021972656 -98.47754669189453 -96.55397033691406 -94.5352783203125 -92.5165786743164 -90.26007843017578 -88.36292266845703 -86.08528137207031 -84.33609771728516 -82.2275619506836 -80.19829559326172 -77.92594146728516 -75.83854675292969 -73.58204650878906 -71.8011474609375 -69.8934326171875 -67.94871520996094 -65.94058990478516 -63.71051025390625 -61.940185546875 -59.974334716796875 -57.760108947753906 -55.7678337097168 -53.77555847167969 -51.8784065246582 -49.79100799560547 -47.49751663208008 -45.521095275878906 -43.454837799072266 -41.58938980102539 -39.53898620605469 -38.08573532104492 -36.584922790527344 -35.697120666503906 -34.8304557800293 -34.074764251708984 -33.2292366027832 -32.721920013427734 -32.18817901611328 -31.834115982055664 -31.506473541259766 -31.110132217407227 -30.729644775390625 -30.69265365600586 -30.54468536376953 -30.322734832763672 -30.1430606842041 -30.084930419921875 -29.820703506469727 -29.741436004638672 -29.641029357910156 -29.524768829345703 -29.567045211791992 -30.465417861938477 -32.02436065673828 -33.630863189697266 -35.047119140625 -36.95484161376953 -38.50321578979492 -39.80849838256836 -41.837764739990234 -42.899959564208984 -44.30036544799805 -45.92272186279297 -46.97434616088867 -48.607269287109375 -49.76987075805664 -51.52434158325195 -53.09913635253906 -54.510108947753906 -55.4560432434082 -56.137752532958984 -56.93043518066406 -57.41661071777344 -58.10888671875 -58.66376495361328 -58.975555419921875 -59.334903717041016 -59.67839813232422 -59.85807418823242 -59.984901428222656 -59.80522918701172 -59.73652648925781 -59.498722076416016 -59.44587707519531 -59.46173095703125 -59.37717819213867 -59.50929260253906 -59.694252014160156 -59.83693313598633 -59.72067642211914 -60.01132583618164 -60.03774642944336 -60.1064453125 -59.9954719543457 -60.01660919189453 -59.99018859863281 -59.488155364990234 -59.11823654174805 -57.96092224121094 -55.852386474609375 -53.52190017700195 -53.368648529052734 -52.75564193725586 -51.03287887573242 -49.310115814208984 -47.41824722290039 -45.27272033691406 -43.127193450927734 -41.23004150390625 -39.5337028503418 -38.28654861450195 -37.277198791503906 -36.431671142578125 -35.52273178100586 -35.131675720214844 -34.51338195800781 -33.81582260131836 -33.567447662353516 -33.10240936279297 -32.91216278076172 -32.45769119262695 -32.24631118774414 -31.834115982055664 -31.628019332885742 -31.554035186767578 -32.056068420410156 -32.373138427734375 -30.861759185791016 -30.571109771728516 -30.169483184814453 -30.058507919311523 -30.275175094604492 -30.22761344909668 -30.190622329711914 -30.3808650970459 -30.29631233215332 -30.291027069091797 -30.423141479492188 -30.417858123779297 -30.33858871459961 -30.33330535888672 -30.238182067871094 -30.15891456604004 -30.211759567260742 -30.592247009277344 -32.25159454345703 -34.8093147277832 -35.491024017333984 -36.362972259521484 -38.714595794677734 -39.96703338623047 -41.198333740234375 -42.73085403442383 -43.687355041503906 -45.33613586425781 -46.96906280517578 -48.13166046142578 -49.56377410888672 -50.68938446044922 -52.433284759521484 -53.8231201171875 -55.54059600830078 -56.25401306152344 -57.04669189453125 -57.24222183227539 -58.81173324584961 -59.430023193359375 -59.482872009277344 -59.51986312866211 -60.132869720458984 -60.63490295410156 -62.40522384643555 -61.63368225097656 -60.6507568359375 -60.50807189941406 -60.338966369628906 -60.59790802001953 -61.337745666503906 -61.43286895751953 -60.550350189208984 -60.264984130859375 -60.270267486572266 -60.85685348510742 -60.8674201965332 -61.30603790283203 -61.21091842651367 -61.110511779785156 -60.53449630737305 -60.44994354248047 -60.24913024902344 -59.87392807006836 -58.83815383911133 -56.93043518066406 -55.24994659423828 -54.03978729248047 -52.570682525634766 -50.62068176269531 -48.83450698852539 -47.381256103515625 -45.53166198730469 -43.618656158447266 -41.70036697387695 -40.30524444580078 -38.73573684692383 -37.59427261352539 -36.74346160888672 -35.9349250793457 -35.279640197753906 -34.95199966430664 -34.270294189453125 -33.68370819091797 -33.144683837890625 -32.81704330444336 -32.410133361816406 -32.172325134277344 -32.1776123046875 -32.013790130615234 -32.209320068359375 -32.45240783691406 -32.30972671508789 -31.575172424316406 -31.263385772705078 -30.925174713134766 -30.571109771728516 -30.47598648071289 -30.423141479492188 -30.322734832763672 -30.386150360107422 -30.31745147705078 -30.238182067871094 -30.25403594970703 -30.291027069091797 -30.25403594970703 -30.164199829101562 -30.291027069091797 -30.322734832763672 -30.18533706665039 -30.042654037475586 -29.862979888916016 -29.931678771972656 -29.97924041748047 -30.148345947265625 -31.147125244140625 -32.29387283325195 -33.9373664855957 -35.464599609375 -36.780452728271484 -38.048744201660156 -39.28004455566406 -40.53776550292969 -41.816627502441406 -43.14833450317383 -44.40605545043945 -45.82231521606445 -47.381256103515625 -48.78694534301758 -50.19791793823242 -51.704017639160156 -53.278812408447266 -54.80076217651367 -56.3491325378418 -57.95035171508789 -59.47758483886719 -60.98896789550781 -62.63774490356445 -63.96416473388672 -65.69749450683594 -67.0397720336914 -68.81538391113281 -70.18408203125 -71.73773956298828 -73.28082275390625 -74.85033416748047 -76.27716064453125 -78.22187805175781 -79.81781005859375 -81.32919311523438 -82.79829406738281 -84.25682830810547 -86.14341735839844 -87.66536712646484 -88.75926208496094 -90.6458511352539 -91.65519714355469 -92.59056091308594 -94.03324127197266 -94.71495056152344 -96.99259185791016 -98.7523422241211 -100.39583587646484 -101.39461517333984 -102.6893310546875 -105.63282775878906 -107.14949035644531 -108.43891906738281 -110.20924377441406 -111.14989471435547 -112.10111236572266 -113.9295654296875 -115.43037414550781 -115.50436401367188 -115.33525848388672 -115.636474609375 -115.73159790039062 -116.01168060302734 -116.31818389892578 -116.4027328491211 -116.55598449707031 -116.62996673583984 -116.888916015625 -117.13200378417969 -117.34867095947266 -117.43850708007812 -117.61817932128906 -117.77143096923828 -118.16777038574219 -118.33687591552734 -118.5958251953125 -118.61695861816406 -119.05029296875 