LTE(1) or 5G(2)
2 2 2 2 2 2 2 2 2 2 2 2 2 2 2 2 2 2 2 2 2 2 2 2 2 2 2 2 2 2 2 2 2 2 2 2 2 2 2 2 2 2 2 2 2 2 1 1 2 2 2 2 2 2 2 2 2 2 2 2 2 2 2 2 2 2 2 1 1 1 1 1 1 1 1 1 1 1 1 1 1 1 1 1 1 1 1 1 1 1 1 1 1 1 1 1 1 1 1 1 1 1 1 1 1 1 1 1 1 1 1 1 1 1 1 1 1 1 1 1 1 1 1 1 1 1 1 1 1 1 1 1 1 1 1 1 1 1 1 1 1 1 1 1 1 1 1 1 1 1 1 1 1 1 1 1 1 1 1 1 1 1 1 1 1 1 1 1 1 1 1 1 1 1 1 1 1 1 1 1 1 1 1 1 1 1 1 1 1 1 1 1 1 1 1 1 1 1 1 1 1 1 1 1 1 1 1 1 1 1 1 1 1 1 1 1 1 1 1 1 1 1 1 1 1 1 1 1 1 1 1 1 1 1 1 1 1 1 1 1 1 1 1 1 1 1 1 1 1 1 1 1 1 1 1 1 1 1 1 1 1 1 1 1 1 1 1 1 1 1 1 1 1 1 1 1 1 1 1 1 1 1 1 1 1 1 1 1 1 1 1 1 1 1 1 1 1 1 1 1 1 1 1 1 1 1 1 1 1 1 1 1 1 1 1 1 1 1 1 1 1 1 1 1 1 1 1 1 1 
SNR of LTE
3 3 3 3 3 3 3 3 3 3 3 3 3 3 3 3 3 3 3 4 4 5 5 5 5 3 3 3 2 2 2 2 2 1 1 1 1 1 1 1 1 0 0 0 0 0 0 0 0 0 0 0 0 0 0 0 -2 -2 -2 -2 -2 -2 -2 -2 -3 -3 -3 -3 -3 -3 -3 -3 -3 -3 -3 -3 -3 -3 -3 -3 -3 -3 -3 -3 -3 -3 -3 -3 -3 -3 -3 -3 -3 -3 -3 -3 -3 -3 -3 -3 -3 -3 -3 -3 -3 -3 -3 -3 -3 -3 -3 -3 -3 -3 -3 -3 -3 -3 -3 -3 -3 -3 -3 -3 -3 -3 -3 -3 -3 -3 -3 -3 -3 -3 -3 0 0 0 0 0 0 0 0 0 0 0 0 0 0 0 0 0 0 3 3 3 3 2 2 2 2 2 2 0 0 0 0 0 0 0 0 0 0 0 0 -5 -5 -5 -5 -5 -5 -5 -5 -5 -5 -5 -5 -6 -6 -6 -6 -6 -6 -6 -6 -6 -6 -6 -6 -6 -4 -4 -4 -4 -4 -4 -3 -3 -3 -3 -3 -3 -3 -3 -3 -3 -3 -3 -3 -3 0 0 0 0 0 0 0 0 0 0 0 0 0 0 0 0 0 0 0 0 0 -1 -1 -1 -1 -1 -2 -2 -2 -2 -2 -2 -2 -2 -2 -2 -2 -2 -2 -2 -2 -2 -2 -2 -2 -2 -2 -2 -2 -2 -2 -2 -2 -2 -2 -2 -2 -2 -2 -2 -2 -2 -2 -2 -2 -2 -2 -2 -2 -2 -2 -2 -2 -2 -2 -2 0 0 0 0 0 0 0 0 0 0 0 0 0 3 3 3 3 2 2 1 1 1 1 1 1 1 1 1 1 1 1 1 1 
SNR of 5G
12 12 12 12 12 5 5 4 4 4 4 6 6 6 5 6 6 1 1 0 0 0 0 0 0 2 2 5 5 5 5 2 2 2 2 2 2 2 2 2 2 2 2 1 0 0 0 0 0 0 -1 -1 0 0 0 0 0 0 0 0 0 0 0 0 0 0 0 0 0 0 0 0 0 0 0 0 0 0 0 0 0 0 0 0 0 0 0 0 0 0 0 0 0 0 0 0 0 0 0 0 0 0 0 0 0 0 0 0 0 0 0 0 0 0 0 0 0 0 0 0 0 0 0 0 0 0 0 0 0 0 0 0 0 0 0 0 0 0 0 0 0 0 0 0 0 0 0 0 0 0 0 0 0 0 0 0 0 0 0 0 0 0 0 0 0 0 0 0 0 0 0 0 0 0 0 0 0 0 0 0 0 0 0 0 0 0 0 0 0 0 0 0 0 0 0 0 0 0 0 0 0 0 0 0 0 0 0 0 0 0 0 0 0 0 0 0 0 0 0 0 0 0 0 0 0 0 0 0 0 0 0 0 0 0 0 0 0 0 0 0 0 0 0 0 0 0 0 0 0 0 0 0 0 0 0 0 0 0 0 0 0 0 0 0 0 0 0 0 0 0 0 0 0 0 0 0 0 0 0 0 0 0 0 0 0 0 0 0 0 0 0 0 0 0 0 0 0 0 0 0 0 0 0 0 0 0 0 0 0 0 0 0 0 0 0 0 0 0 0 0 0 0 0 0 0 0 0 0 0 
RSSI
-51 -51 -51 -51 -51 -51 -51 -51 -51 -51 -51 -51 -51 -51 -51 -51 -51 -51 -51 -51 -51 -51 -51 -51 -51 -51 -51 -51 -51 -51 -51 -51 -51 -51 -51 -51 -51 -51 -51 -51 -51 -51 -51 -51 -51 -51 -51 -51 -51 -51 -51 -51 -51 -51 -51 -51 -51 -51 -51 -51 -51 -51 -51 -51 -51 -51 -51 -51 -51 -51 -51 -51 -51 -51 -51 -51 -51 -51 -51 -51 -51 -51 -51 -51 -51 -51 -51 -51 -51 -51 -51 -51 -51 -51 -51 -51 -51 -51 -51 -51 -51 -51 -51 -51 -51 -51 -51 -51 -51 -51 -51 -51 -51 -51 -51 -51 -51 -51 -51 -51 -51 -51 -51 -51 -51 -51 -51 -51 -51 -51 -51 -51 -51 -51 -51 -51 -51 -51 -51 -51 -51 -51 -51 -51 -51 -51 -51 -51 -51 -51 -51 -51 -51 -51 -51 -51 -51 -51 -51 -51 -51 -51 -51 -51 -51 -51 -51 -51 -51 -51 -51 -51 -51 -51 -51 -51 -51 -51 -51 -51 -51 -51 -51 -51 -51 -51 -51 -51 -51 -51 -51 -51 -51 -51 -51 -51 -51 -51 -51 -51 -51 -51 -51 -51 -51 -51 -51 -51 -51 -51 -51 -51 -51 -51 -51 -51 -51 -51 -51 -51 -51 -51 -51 -51 -51 -51 -51 -51 -51 -51 -51 -51 -51 -51 -51 -51 -51 -51 -51 -51 -51 -51 -51 -51 -51 -51 -51 -51 -51 -51 -51 -51 -51 -51 -51 -51 -51 -51 -51 -51 -51 -51 -51 -51 -51 -51 -51 -51 -51 -51 -51 -51 -51 -51 -51 -51 -51 -51 -51 -51 -51 -51 -51 -51 -51 -51 -51 -51 -51 -51 -51 -51 -51 -51 -51 -51 -51 -51 -51 -51 -51 -51 -51 -51 -51 -51 -51 -51 -51 -51 -51 -51 -51 -51 -51 -51 -51 -51 -51 -51 -51 -51 -51 -53 -53 -53 -53 -53 -53 
RSRP
-81 -81 -81 -81 -81 -79 -79 -79 -79 -79 -79 -77 -77 -77 -74 -74 -74 -74 -74 -73 -73 -73 -73 -73 -73 -73 -73 -72 -72 -72 -72 -72 -72 -73 -73 -73 -73 -73 -73 -73 -73 -74 -74 -74 -74 -74 -75 -75 -75 -74 -75 -75 -75 -75 -75 -75 -75 -75 -75 -75 -75 -75 -76 -76 -77 -77 -77 -77 -77 -77 -77 -77 -77 -77 -77 -77 -77 -77 -77 -77 -77 -77 -77 -77 -77 -77 -77 -77 -77 -77 -77 -77 -77 -77 -77 -77 -77 -77 -77 -77 -77 -77 -77 -77 -77 -77 -77 -77 -77 -77 -77 -77 -77 -77 -77 -77 -77 -77 -77 -77 -77 -77 -77 -77 -77 -77 -77 -77 -77 -77 -77 -77 -77 -77 -77 -76 -76 -76 -76 -76 -76 -76 -76 -76 -76 -76 -76 -76 -76 -76 -76 -76 -76 -74 -74 -74 -74 -75 -75 -75 -75 -75 -75 -76 -76 -76 -76 -76 -76 -76 -76 -76 -76 -76 -76 -82 -82 -82 -82 -82 -82 -82 -82 -82 -82 -82 -82 -85 -85 -85 -85 -85 -85 -85 -85 -85 -85 -85 -85 -85 -83 -83 -83 -83 -83 -81 -81 -81 -81 -81 -81 -79 -79 -79 -79 -79 -79 -79 -79 -79 -74 -74 -74 -73 -73 -73 -73 -73 -73 -73 -73 -73 -73 -73 -73 -73 -73 -73 -74 -74 -74 -75 -75 -75 -75 -75 -77 -77 -77 -77 -77 -78 -78 -78 -78 -78 -78 -78 -78 -78 -78 -78 -78 -78 -78 -78 -78 -78 -78 -78 -78 -78 -78 -78 -78 -78 -78 -78 -78 -78 -78 -78 -78 -78 -78 -78 -78 -78 -78 -78 -78 -78 -78 -78 -78 -78 -74 -74 -74 -74 -74 -74 -74 -74 -74 -74 -74 -74 -74 -72 -72 -72 -72 -72 -72 -72 -72 -72 -72 -72 -72 -72 -72 -75 -75 -75 -75 -75 -75 
CID
13754896 13754896 13754896 13754896 13754896 13754896 13769745 13769745 13769745 13769745 13769745 13769745 13769745 13769745 13769745 13769745 13769745 13769745 13769745 13769745 13769745 13769745 13769745 13769745 13769745 13769745 13769745 13769745 13769745 13769745 13769745 13769745 13769745 13769745 13769745 13769745 13769745 13769745 13769745 13769745 13769745 13754888 13754888 13754888 13754888 13754888 13769745 13769745 13769745 13769745 13769745 13769745 13769745 13769745 13769745 13769745 13769745 13769745 13769745 13769745 13769745 13769745 13769745 13769745 13769745 13769745 13769745 13769745 13769745 13769745 13769745 13769745 13769745 13769745 13769745 13769745 13769745 13769745 13769745 13769745 13769745 13769745 13769745 13769745 13769745 13769745 13769745 13769745 13769745 13769745 13769745 13769745 13769745 13769745 13769745 13769745 13769745 13769745 13769745 13769745 13769745 13769745 13769745 13769745 13769745 13769745 13769745 13769745 13769745 13769745 13769745 13769745 13769745 13754896 13754896 13754896 13754896 13754896 13754896 13754896 13754896 13754896 13754896 13754896 13754896 13754896 13754896 13754896 13754896 13754896 13754896 13754896 13754896 13754896 13754896 13754896 13754896 13754896 13754896 13754896 13754896 13754896 13754896 13754896 13754896 13754896 13754896 13754896 13754896 13754896 13754896 13754896 13754896 13754896 13754896 13754896 13754896 13754896 13754896 13754896 13754896 13754896 13754896 13754896 13754896 13754896 13754896 13754896 13754896 13754896 13754896 13754896 13754896 13754896 13754896 13754896 13754896 13754896 13754896 13754896 13769745 13769745 13769745 13769745 13769745 13769745 13769745 13792278 13792278 13792278 13792278 13792278 13792278 13792278 13792278 13792278 13792278 13792278 13792278 13792278 13678086 13678086 13678086 13678086 13678086 13678086 13678086 13678086 13678086 13678086 13678086 13678086 13678086 13678086 13678086 13678086 13678086 13678086 13678086 13678086 13678086 13678086 13678086 13678086 13678086 13678086 13678086 13678086 13678086 13678086 13678086 13678086 13678086 13754888 13754888 13754888 13754888 13754888 13754888 13754888 13754888 13792279 13792279 13792279 13792279 13792279 13678086 13678086 13678086 13678086 13678086 13769745 13769745 13769745 13769745 13769745 13769745 13769745 13769745 13769745 13769745 13769745 13769745 13769745 13769745 13769745 13769745 13769745 13769745 13769745 13769745 13769745 13769745 13769745 13769745 13769745 13769745 13769745 13769745 13769745 13769745 13769745 13769745 13769745 13769745 13769745 13769745 13769745 13769745 13769745 13769745 13769745 13769745 13769745 13769745 13769745 13769745 13769745 13769745 13769745 13769745 13769745 13769745 13769745 13769745 13769745 13769745 13769745 13769745 13769745 13769745 13769745 13769745 13769745 13769745 13754896 13754896 13754896 13754896 13754896 13754896 13754896 13754896 13754896 13754896 13754896 13754896 13754896 13754896 
RSRP of 5G
-80 -80 -80 -80 -80 -81 -81 -79 -79 -79 -79 -76 -76 -76 -78 -83 -83 -85 -85 -84 -84 -89 -89 -83 -83 -85 -85 -82 -82 -82 -82 -83 -83 -82 -82 -82 -82 -82 -82 -84 -84 -93 -93 -89 -84 -84 -84 -84 -83 -83 -85 -85 -83 -83 -85 -85 -86 -86 -85 -85 -91 -91 -85 -85 -88 -88 -85 -85 -85 -85 -85 -85 -85 -85 -85 -85 -85 -85 -85 -85 -85 -85 -85 -85 -85 -85 -85 -85 -85 -85 -85 -85 -85 -85 -85 -85 -85 -85 -85 -85 -85 -85 -85 -85 -85 -85 -85 -85 -85 -85 -85 -85 -85 -85 -85 -85 -85 -85 -85 -85 -85 -85 -85 -85 -85 -85 -85 -85 -85 -85 -85 -85 -85 -85 -85 -85 -85 -85 -85 -85 -85 -85 -85 -85 -85 -85 -85 -85 -85 -85 -85 -85 -85 -85 -85 -85 -85 -85 -85 -85 -85 -85 -85 -85 -85 -85 -85 -85 -85 -85 -85 -85 -85 -85 -85 -85 -85 -85 -85 -85 -85 -85 -85 -85 -85 -85 -85 -85 -85 -85 -85 -85 -85 -85 -85 -85 -85 -85 -85 -85 -85 -85 -85 -85 -85 -85 -85 -85 -85 -85 -85 -85 -85 -85 -85 -85 -85 -85 -85 -85 -85 -85 -85 -85 -85 -85 -85 -85 -85 -85 -85 -85 -85 -85 -85 -85 -85 -85 -85 -85 -85 -85 -85 -85 -85 -85 -85 -85 -85 -85 -85 -85 -85 -85 -85 -85 -85 -85 -85 -85 -85 -85 -85 -85 -85 -85 -85 -85 -85 -85 -85 -85 -85 -85 -85 -85 -85 -85 -85 -85 -85 -85 -85 -85 -85 -85 -85 -85 -85 -85 -85 -85 -85 -85 -85 -85 -85 -85 -85 -85 -85 -85 -85 -85 -85 -85 -85 -85 -85 -85 -85 -85 -85 -85 -85 -85 -85 -85 -85 -85 -85 -85 -85 -85 -85 -85 -85 -85 -85 
CQI
2147483647 2147483647 2147483647 2147483647 2147483647 2147483647 2147483647 2147483647 2147483647 2147483647 2147483647 2147483647 2147483647 2147483647 2147483647 2147483647 2147483647 2147483647 2147483647 2147483647 2147483647 2147483647 2147483647 2147483647 2147483647 2147483647 2147483647 2147483647 2147483647 2147483647 2147483647 2147483647 2147483647 2147483647 2147483647 2147483647 2147483647 2147483647 2147483647 2147483647 2147483647 2147483647 2147483647 2147483647 2147483647 2147483647 2147483647 2147483647 2147483647 2147483647 2147483647 2147483647 2147483647 2147483647 2147483647 2147483647 2147483647 2147483647 2147483647 2147483647 2147483647 2147483647 2147483647 2147483647 2147483647 2147483647 2147483647 2147483647 2147483647 2147483647 2147483647 2147483647 2147483647 2147483647 2147483647 2147483647 2147483647 2147483647 2147483647 2147483647 2147483647 2147483647 2147483647 2147483647 2147483647 2147483647 2147483647 2147483647 2147483647 2147483647 2147483647 2147483647 2147483647 2147483647 2147483647 2147483647 2147483647 2147483647 2147483647 2147483647 2147483647 2147483647 2147483647 2147483647 2147483647 2147483647 2147483647 2147483647 2147483647 2147483647 2147483647 2147483647 2147483647 2147483647 2147483647 2147483647 2147483647 2147483647 2147483647 2147483647 2147483647 2147483647 2147483647 2147483647 2147483647 2147483647 2147483647 2147483647 2147483647 2147483647 2147483647 2147483647 2147483647 2147483647 2147483647 2147483647 2147483647 2147483647 2147483647 2147483647 2147483647 2147483647 2147483647 2147483647 2147483647 2147483647 2147483647 2147483647 2147483647 2147483647 2147483647 2147483647 2147483647 2147483647 2147483647 2147483647 2147483647 2147483647 2147483647 2147483647 2147483647 2147483647 2147483647 2147483647 2147483647 2147483647 2147483647 2147483647 2147483647 2147483647 2147483647 2147483647 2147483647 2147483647 2147483647 2147483647 2147483647 2147483647 2147483647 2147483647 2147483647 2147483647 2147483647 2147483647 2147483647 2147483647 2147483647 2147483647 2147483647 2147483647 2147483647 2147483647 2147483647 2147483647 2147483647 2147483647 2147483647 2147483647 2147483647 2147483647 2147483647 2147483647 2147483647 2147483647 2147483647 2147483647 2147483647 2147483647 2147483647 2147483647 2147483647 2147483647 2147483647 2147483647 2147483647 2147483647 2147483647 2147483647 2147483647 2147483647 2147483647 2147483647 2147483647 2147483647 2147483647 2147483647 2147483647 2147483647 2147483647 2147483647 2147483647 2147483647 2147483647 2147483647 2147483647 2147483647 2147483647 2147483647 2147483647 2147483647 2147483647 2147483647 2147483647 2147483647 2147483647 2147483647 2147483647 2147483647 2147483647 2147483647 2147483647 2147483647 2147483647 2147483647 2147483647 2147483647 2147483647 2147483647 2147483647 2147483647 2147483647 2147483647 2147483647 2147483647 2147483647 2147483647 2147483647 2147483647 2147483647 2147483647 2147483647 2147483647 2147483647 2147483647 2147483647 2147483647 2147483647 2147483647 2147483647 2147483647 2147483647 2147483647 2147483647 2147483647 2147483647 2147483647 2147483647 2147483647 2147483647 2147483647 2147483647 2147483647 2147483647 2147483647 2147483647 2147483647 2147483647 2147483647 2147483647 2147483647 2147483647 2147483647 2147483647 2147483647 2147483647 2147483647 2147483647 2147483647 2147483647 2147483647 2147483647 2147483647 2147483647 2147483647 2147483647 2147483647 2147483647 2147483647 2147483647 2147483647 2147483647 2147483647 2147483647 2147483647 2147483647 2147483647 2147483647 2147483647 2147483647 
Altitude
-92.6803970336914 -92.03040313720703 -91.40682220458984 -90.46089172363281 -89.81617736816406 -89.0340576171875 -88.35235595703125 -87.580810546875 -86.33365631103516 -84.1669921875 -82.32268524169922 -79.76496124267578 -77.70927429199219 -75.66415405273438 -73.7405776977539 -71.53692626953125 -69.59749603271484 -67.64749908447266 -65.8296127319336 -63.705223083496094 -61.749942779541016 -59.583274841308594 -57.64384841918945 -55.345069885253906 -53.3527946472168 -51.381656646728516 -49.288978576660156 -47.58735275268555 -45.42597198486328 -43.6556510925293 -41.462562561035156 -39.491424560546875 -37.31947708129883 -35.6442756652832 -33.139400482177734 -31.321514129638672 -29.292247772216797 -27.27355194091797 -25.175586700439453 -22.892662048339844 -20.969085693359375 -18.89754295349121 -17.16421127319336 -15.673969268798828 -14.53779125213623 -13.470312118530273 -12.667060852050781 -11.83210277557373 -11.419907569885254 -10.981290817260742 -10.685356140136719 -10.183323860168457 -9.765844345092773 -9.253243446350098 -9.16869068145752 -8.904462814331055 -8.851617813110352 -8.444707870483398 -8.40243148803711 -8.243894577026367 -8.243894577026367 -7.990236282348633 -8.159341812133789 -7.636171340942383 -5.717880725860596 -3.8418662548065186 -2.4784529209136963 -1.7808926105499268 -1.5430879592895508 0.28008103370666504 1.635567545890808 3.9396305084228516 5.934547424316406 8.056293487548828 10.067063331604004 11.256086349487305 12.698768615722656 13.808523178100586 14.857505798339844 15.70039176940918 16.49043083190918 17.09551239013672 17.34388542175293 17.779861450195312 18.144495010375977 18.387584686279297 18.73900604248047 18.860551834106445 19.056079864501953 18.68351936340332 19.098356246948242 19.11949348449707 20.744491577148438 21.011362075805664 21.373353958129883 21.566240310668945 21.228029251098633 21.151403427124023 20.871320724487305 20.477622985839844 20.810548782348633 20.596525192260742 20.921524047851562 20.926809310913086 21.434125900268555 22.210954666137695 22.726198196411133 22.594083786010742 22.530670166015625 21.106483459472656 18.395511627197266 16.672748565673828 15.840432167053223 14.165230751037598 12.112183570861816 10.410558700561523 9.078853607177734 8.354869842529297 6.47092866897583 5.535563945770264 2.692477226257324 2.621135711669922 1.2180882692337036 -0.10040640830993652 -1.828453540802002 -3.746744394302368 -4.069101810455322 -4.354467391967773 -5.797148704528809 -6.637392044067383 -6.262188911437988 -7.32438325881958 -7.255683898925781 -7.699585914611816 -7.704870700836182 -8.243894577026367 -8.376008033752441 -8.587389945983887 -8.36015510559082 -7.921537399291992 -8.101211547851562 -8.3073091506958 -7.836984634399414 -7.482919692993164 -7.588610649108887 -7.726008892059326 -7.646740913391113 -7.757716178894043 -7.910967826843262 -7.895114421844482 -7.910967826843262 -7.757716178894043 -7.731293678283691 -7.636171340942383 -7.689017295837402 -7.4617815017700195 -6.23048210144043 -4.185361862182617 -1.8548762798309326 -1.35284423828125 -1.030486822128296 0.013211369514465332 2.1587376594543457 3.572354316711426 5.717880725860596 7.6018218994140625 9.440844535827637 10.965436935424805 12.371126174926758 13.539011001586914 14.344904899597168 15.385960578918457 15.959334373474121 16.728235244750977 17.103439331054688 17.631893157958984 18.358518600463867 18.326812744140625 18.77335548400879 18.91339683532715 19.262176513671875 18.68351936340332 18.775999069213867 20.50933074951172 20.942663192749023 20.696931838989258 21.28351593017578 21.751197814941406 21.81989860534668 22.258514404296875 22.081483840942383 22.036563873291016 21.841035842895508 22.04184913635254 21.891239166259766 21.904451370239258 21.915019989013672 21.959938049316406 21.730060577392578 21.856889724731445 21.719491958618164 21.28615951538086 19.795915603637695 17.57904815673828 16.91583824157715 15.592058181762695 13.819092750549316 13.351409912109375 10.156900405883789 9.086779594421387 8.003447532653809 6.753652095794678 5.625401020050049 4.470727443695068 2.816663980484009 1.6461366415023804 -0.9036576747894287 -0.6024384498596191 -3.0756068229675293 -3.7520289421081543 -4.7138166427612305 -5.4325151443481445 -5.9504008293151855 -6.695522308349609 -7.202838897705078 -7.477635383605957 -7.8158464431762695 -8.058935165405273 -8.249178886413574 -8.856902122497559 -10.584949493408203 -7.726008892059326 -7.4195051193237305 -8.413000106811523 -8.645520210266113 -8.449992179870605 -8.265032768249512 -8.656089782714844 -8.920316696166992 -8.391861915588379 -7.847553253173828 -7.720724105834961 -7.810561656951904 -7.895114421844482 -7.895114421844482 -7.836984634399414 -8.138203620910645 -8.016658782958984 -7.9373908042907715 -7.910967826843262 -8.074789047241211 -8.169910430908203 -8.154057502746582 -8.249178886413574 -8.592674255371094 -9.084137916564941 -10.52153491973877 -11.689419746398926 -13.068686485290527 -14.120311737060547 -15.008115768432617 -16.117870330810547 -17.047950744628906 -18.289819717407227 -19.864614486694336 -20.97965431213379 -22.882091522216797 -24.451602935791016 -26.739810943603516 -27.606477737426758 -29.345094680786133 -30.571109771728516 -31.675579071044922 -32.5211067199707 -34.09590148925781 -35.79224395751953 -37.784515380859375 -40.14142608642578 -41.38329315185547 -42.75727462768555 -44.07312774658203 -45.56336975097656 -46.408897399902344 -47.830440521240234 -49.183284759521484 -50.41458511352539 -51.71986770629883 -52.91417694091797 -54.716209411621094 -56.57637023925781 -58.11945724487305 -59.31376647949219 -61.08408737182617 -62.65359878540039 -64.05400085449219 -65.6235122680664 -66.54830932617188 -67.63164520263672 -69.24871826171875 -70.8922119140625 -72.31375122070312 -73.75643157958984 -74.49626922607422 -76.58895111083984 -77.87309265136719 -79.56414794921875 -80.86415100097656 -82.28569030761719 -84.16170501708984 -85.58853912353516 -88.24137878417969 -90.13324737548828 -90.5982894897461 -91.8877182006836 -92.16780090332031 -91.90885925292969 -91.78202819824219 -92.10966491699219 -92.40032196044922 -92.56942749023438 -92.92877197265625 -93.08202362060547 -93.37267303466797 -93.41495513916016 -93.573486328125 -93.74259185791016 -93.95397186279297 -94.24462890625 -94.49828338623047 