LTE(1) or 5G(2)
1 1 1 1 1 1 1 1 1 1 1 1 1 1 1 1 1 1 1 1 1 1 1 1 1 1 1 1 1 1 1 1 1 1 1 1 1 1 1 1 1 1 1 1 1 1 2 2 2 2 2 2 2 2 2 2 2 2 2 2 2 2 2 2 2 2 2 2 2 2 2 2 2 2 2 2 2 2 2 2 1 1 1 1 1 1 1 1 1 1 1 1 1 1 1 1 1 1 1 1 1 1 1 1 2 2 2 2 2 2 2 2 2 2 2 2 2 2 2 2 2 2 2 2 2 2 2 2 2 2 2 2 2 2 2 2 2 2 2 2 2 2 2 2 2 2 2 2 2 1 1 1 1 1 1 1 1 1 1 1 1 1 1 1 1 1 1 1 1 1 1 1 1 1 1 1 1 1 1 1 1 1 1 1 1 1 1 1 1 1 1 1 1 1 1 1 1 1 1 1 1 1 1 1 1 1 1 1 1 1 1 1 1 1 1 1 1 1 1 1 1 1 1 1 1 1 1 2 2 2 2 2 2 2 2 2 2 2 2 2 2 2 2 2 2 2 2 2 2 2 2 2 2 2 2 2 2 2 2 2 2 2 2 2 2 2 2 2 2 2 2 2 2 2 2 2 2 2 2 2 2 2 2 2 2 2 2 2 2 2 2 2 2 2 2 2 2 2 2 2 2 2 2 2 2 2 2 2 2 2 2 2 2 2 2 2 2 2 1 1 1 1 1 1 1 1 1 1 1 1 1 1 1 1 1 1 1 1 1 1 1 1 1 1 1 1 1 1 1 1 1 1 1 1 1 1 1 1 1 1 1 1 1 
SNR of LTE
1 1 1 1 1 1 1 0 0 0 0 0 0 0 0 2 2 2 2 3 3 3 3 3 3 3 3 2 2 2 2 2 2 2 2 2 2 2 2 0 0 0 0 0 0 -1 -1 -1 -1 -1 -1 -1 -1 -1 -1 -1 -1 -1 -1 0 0 0 0 0 -1 -1 -1 -1 -1 -1 -1 -1 -1 -1 -2 -2 -2 -2 -2 -2 -2 -2 -2 -2 -2 -2 -2 -2 -2 -2 -2 -2 -2 -2 -2 -2 -2 -2 -2 -2 -2 -2 -2 -3 -2 -2 -2 -2 -2 -2 -2 -2 -2 -2 -2 -2 -2 -2 -1 -1 -1 -1 -1 -1 -1 -1 0 0 0 0 -1 -1 -1 -1 -1 -1 -2 -2 -2 -2 -2 -2 -2 -2 -2 -2 -2 -2 -2 -2 -2 -2 -2 -2 -2 -2 -2 -2 -2 -2 -2 -2 -2 -2 -2 -2 -2 -2 -2 -2 0 0 0 0 0 0 0 0 0 0 0 0 0 0 0 0 0 0 0 0 0 0 0 0 0 0 0 0 0 0 -3 -3 -4 -4 -4 -4 -4 -4 -4 -4 -4 -4 -4 -4 -4 -4 -4 -4 -4 -4 -4 -4 -4 -4 -4 -4 -5 -5 -5 -4 -3 -3 -3 -3 -3 -3 -3 -2 -2 -2 -2 -2 -2 -1 -1 -1 -1 -1 -3 -3 -3 -3 -3 -3 -3 -4 -4 -4 -4 -4 -4 -4 -4 -5 -5 -5 -5 -5 -5 -5 -5 -5 -5 -4 -4 -5 -5 -5 -5 -5 -5 -5 -5 -5 -4 -4 -4 -3 -3 -3 -3 -3 -3 -3 -3 -3 -3 -3 -3 -3 -3 -3 -2 -2 -2 -2 -2 -2 -2 -2 -1 -1 -1 -1 -1 -1 0 0 0 0 0 0 0 0 0 0 0 0 0 0 0 0 0 0 0 0 0 0 0 0 0 0 0 0 0 0 0 0 0 0 0 0 0 0 0 0 0 0 0 0 0 0 0 
SNR of 5G
0 0 0 0 0 0 0 0 0 0 0 0 0 0 0 0 0 0 0 0 0 0 0 0 0 0 0 0 0 0 0 0 0 0 0 0 0 0 0 0 0 0 0 0 0 0 -4 -4 -3 -4 3 3 2 2 2 2 3 3 3 3 3 3 2 2 3 3 3 3 4 4 3 3 3 3 2 2 2 2 3 3 0 0 0 0 0 0 0 0 0 0 0 0 0 0 0 0 0 0 0 0 0 0 0 0 8 8 8 8 7 7 7 7 7 7 7 7 7 7 8 8 8 8 8 8 6 6 -1 -1 -1 -1 0 0 0 0 -1 -1 -2 -2 -1 -1 -1 -1 -1 -1 -2 -2 -3 -3 -4 0 0 0 0 0 0 0 0 0 0 0 0 0 0 0 0 0 0 0 0 0 0 0 0 0 0 0 0 0 0 0 0 0 0 0 0 0 0 0 0 0 0 0 0 0 0 0 0 0 0 0 0 0 0 0 0 0 0 0 0 0 0 0 0 0 0 0 0 0 0 0 0 0 0 0 0 0 0 1 1 1 1 1 1 0 0 0 0 -1 -1 -2 -2 -2 -2 -2 -2 -2 -2 -1 -1 1 1 0 0 -1 -1 -1 -1 -1 -1 -1 -1 -1 -1 -1 -1 -2 -2 -3 -3 -1 -1 -2 -2 -1 -1 -2 -2 -2 -2 -3 -3 -3 -4 2 3 3 2 2 5 5 2 2 2 2 2 2 3 3 1 1 1 1 1 1 1 1 3 3 3 3 3 3 3 3 3 3 4 4 0 0 0 0 0 0 0 0 0 0 0 0 0 0 0 0 0 0 0 0 0 0 0 0 0 0 0 0 0 0 0 0 0 0 0 0 0 0 0 0 0 0 0 0 0 
RSSI
-55 -55 -55 -55 -55 -55 -55 -51 -51 -51 -51 -51 -51 -51 -51 -51 -51 -51 -51 -51 -51 -51 -51 -51 -51 -51 -51 -51 -51 -51 -51 -51 -51 -51 -51 -51 -51 -51 -51 -51 -51 -51 -51 -51 -51 -51 -51 -51 -51 -51 -51 -51 -51 -51 -51 -51 -51 -51 -51 -51 -51 -51 -51 -51 -51 -51 -51 -51 -51 -51 -51 -51 -51 -51 -51 -51 -51 -51 -51 -51 -51 -51 -51 -51 -51 -51 -51 -51 -51 -51 -51 -51 -51 -51 -51 -51 -51 -51 -51 -51 -51 -51 -51 -51 -51 -51 -51 -51 -51 -51 -51 -51 -51 -51 -51 -51 -51 -51 -51 -51 -51 -51 -51 -51 -51 -51 -51 -51 -51 -51 -51 -51 -51 -51 -51 -51 -51 -51 -51 -51 -51 -51 -51 -51 -51 -51 -51 -51 -51 -51 -51 -51 -51 -51 -51 -51 -51 -51 -51 -51 -51 -51 -51 -51 -51 -51 -51 -51 -51 -51 -51 -51 -51 -51 -51 -51 -51 -51 -51 -51 -51 -51 -51 -51 -51 -51 -51 -51 -51 -51 -51 -51 -51 -51 -51 -51 -51 -51 -51 -51 -51 -51 -51 -51 -51 -51 -51 -51 -51 -51 -51 -51 -51 -51 -51 -51 -51 -51 -51 -51 -51 -51 -51 -51 -51 -51 -51 -51 -51 -51 -51 -51 -51 -51 -51 -51 -51 -51 -51 -51 -51 -51 -51 -51 -51 -51 -51 -51 -51 -51 -51 -51 -51 -51 -51 -51 -51 -51 -51 -51 -51 -51 -51 -51 -51 -51 -51 -51 -51 -51 -51 -51 -51 -51 -51 -51 -51 -51 -51 -51 -51 -51 -51 -51 -51 -51 -51 -51 -51 -51 -51 -51 -51 -51 -51 -51 -51 -51 -51 -51 -51 -51 -51 -51 -51 -51 -51 -51 -51 -51 -51 -51 -51 -51 -51 -51 -51 -51 -51 -51 -51 -51 -51 -51 -51 -51 -51 -51 -51 -51 -51 -51 -51 -51 -51 -51 -51 -51 -51 -51 -51 -51 -51 -51 -51 -51 -51 -51 -51 -51 -51 -51 -51 -51 -51 -51 -51 -51 -51 -51 -51 -51 -51 
RSRP
-81 -81 -81 -81 -81 -81 -81 -82 -82 -80 -80 -80 -80 -80 -80 -74 -74 -74 -74 -73 -73 -73 -73 -73 -73 -73 -73 -72 -72 -72 -72 -72 -72 -72 -72 -72 -72 -72 -72 -73 -73 -73 -73 -73 -73 -74 -74 -74 -74 -74 -74 -74 -74 -74 -74 -74 -74 -74 -74 -74 -74 -74 -74 -75 -75 -75 -75 -75 -75 -75 -76 -76 -76 -76 -76 -76 -76 -76 -76 -76 -76 -76 -76 -76 -76 -76 -76 -76 -76 -76 -76 -76 -76 -76 -76 -76 -76 -76 -76 -76 -76 -76 -76 -78 -78 -78 -78 -78 -77 -77 -77 -77 -77 -77 -77 -77 -77 -77 -75 -75 -75 -75 -75 -75 -75 -75 -74 -74 -74 -74 -74 -75 -75 -75 -75 -75 -76 -76 -76 -76 -76 -76 -75 -75 -75 -75 -75 -75 -76 -75 -75 -75 -75 -75 -75 -75 -75 -75 -75 -75 -75 -75 -75 -75 -75 -75 -75 -75 -75 -75 -75 -75 -75 -75 -75 -75 -75 -75 -75 -75 -75 -75 -77 -77 -77 -77 -77 -77 -77 -77 -77 -77 -77 -77 -77 -77 -77 -77 -77 -77 -81 -81 -82 -82 -82 -82 -82 -82 -82 -82 -82 -82 -82 -82 -82 -82 -82 -82 -82 -82 -82 -82 -82 -82 -82 -82 -81 -81 -81 -81 -80 -80 -80 -80 -80 -80 -80 -79 -79 -79 -79 -79 -79 -79 -79 -79 -79 -79 -80 -79 -79 -79 -79 -79 -79 -79 -79 -79 -79 -79 -79 -79 -79 -78 -78 -78 -78 -78 -78 -78 -78 -78 -78 -78 -78 -78 -78 -78 -78 -78 -78 -78 -78 -78 -77 -77 -77 -77 -77 -77 -77 -77 -76 -76 -76 -76 -76 -76 -76 -76 -76 -76 -75 -75 -75 -75 -75 -75 -75 -75 -74 -74 -74 -74 -74 -74 -73 -73 -73 -73 -73 -73 -73 -73 -73 -73 -73 -73 -73 -73 -73 -73 -73 -73 -73 -73 -72 -72 -72 -72 -72 -72 -72 -72 -72 -72 -72 -72 -72 -72 -72 -72 -72 -72 -72 -72 -72 -72 -72 -72 -72 -72 -72 
CID
13754896 13754896 13754896 13754896 13754896 13754896 13754896 13769745 13769745 13769745 13769745 13769745 13769745 13769745 13769745 13769745 13769745 13769745 13769745 13769745 13769745 13769745 13769745 13769745 13769745 13769745 13769745 13769745 13769745 13769745 13769745 13769745 13769745 13769745 13769745 13769745 13769745 13769745 13769745 13769745 13769745 13769745 13769745 13769745 13769745 13769745 13769745 13769745 13769745 13769745 13769745 13769745 13769745 13769745 13769745 13769745 13769745 13769745 13769745 13769745 13769745 13769745 13769745 13769745 13769745 13769745 13769745 13769745 13769745 13769745 13769745 13769745 13769745 13769745 13769745 13769745 13769745 13769745 13769745 13769745 13769745 13769745 13769745 13769745 13769745 13769745 13769745 13769745 13769745 13769745 13769745 13769745 13769745 13769745 13769745 13769745 13769745 13769745 13769745 13769745 13769745 13769745 13769745 13769745 13769745 13769745 13769745 13769745 13769745 13769745 13769745 13769745 13769745 13769745 13769745 13769745 13769745 13769745 13769745 13769745 13769745 13769745 13769745 13769745 13769745 13769745 13754896 13754896 13754896 13754896 13754896 13754896 13754896 13754896 13754896 13754896 13754896 13754896 13754896 13754896 13754896 13754896 13754896 13754896 13754896 13754896 13754896 13754896 13754896 13754896 13754896 13754896 13754896 13754896 13754896 13754896 13754896 13754896 13754896 13754896 13754896 13754896 13754896 13754896 13754896 13754896 13754896 13754896 13754896 13754896 13754896 13754896 13754896 13754896 13754896 13754896 13754896 13754896 13754896 13754896 13754896 13754896 13754896 13754896 13754896 13754896 13754896 13754896 13754896 13754896 13754896 13754896 13754896 13754896 13754896 13754896 13754896 13754896 13754896 13754896 13754896 13754896 13754896 13754896 13754896 13754896 13754896 13754896 13754896 13754896 13754896 13754896 13754896 13754896 13754896 13754896 13754896 13754896 13754896 13754896 13754896 13754896 13754896 13754896 13754896 13754896 13754896 13754896 13754896 13754896 13754896 13754896 13769745 13769745 13769745 13769745 13769745 13769745 13769745 13792279 13792279 13792279 13792279 13792279 13792279 13792279 13792279 13792279 13792279 13769745 13769745 13769745 13769745 13769745 13769745 13792279 13792279 13792279 13792279 13792279 13792279 13792279 13792279 13769745 13769745 13769745 13792279 13792279 13792279 13792279 13792279 13792279 13769745 13769745 13769745 13769745 13769745 13769745 13769745 13769745 13769745 13769745 13769745 13769745 13769745 13769745 13769745 13769745 13769745 13769745 13769745 13769745 13769745 13769745 13769745 13769745 13769745 13769745 13769745 13769745 13769745 13769745 13769745 13769745 13769745 13769745 13769745 13769745 13769745 13769745 13769745 13769745 13769745 13769745 13769745 13769745 13769745 13769745 13769745 13769745 13769745 13769745 13769745 13769745 13769745 13769745 13769745 13769745 13769745 13769745 13769745 13769745 13769745 13769745 13769745 13769745 13769745 13769745 13769745 13769745 13769745 13769745 13769745 13769745 13769745 13769745 13769745 13769745 13769745 13769745 13769745 13769745 13754896 13754896 13754896 13754896 13754896 13754896 13754896 13754896 13754896 13754896 13754896 
RSRP of 5G
-86 -86 -86 -86 -86 -86 -86 -86 -86 -86 -86 -86 -86 -86 -86 -86 -86 -86 -86 -86 -86 -86 -86 -86 -86 -86 -86 -86 -86 -86 -86 -86 -86 -86 -86 -86 -86 -86 -86 -86 -86 -86 -86 -86 -86 -86 -108 -108 -90 -84 -85 -85 -83 -83 -83 -83 -83 -83 -83 -86 -86 -86 -86 -86 -83 -83 -83 -83 -87 -87 -83 -83 -83 -83 -85 -85 -85 -85 -83 -83 -83 -83 -83 -83 -83 -83 -83 -83 -83 -83 -83 -83 -83 -83 -83 -83 -83 -83 -83 -83 -83 -83 -83 -83 -82 -82 -82 -82 -77 -77 -77 -77 -77 -77 -77 -77 -77 -77 -81 -81 -79 -79 -79 -79 -81 -81 -81 -81 -85 -85 -84 -84 -82 -82 -88 -88 -83 -83 -83 -83 -86 -86 -83 -83 -86 -86 -82 -82 -84 -84 -84 -84 -84 -84 -84 -84 -84 -84 -84 -84 -84 -84 -84 -84 -84 -84 -84 -84 -84 -84 -84 -84 -84 -84 -84 -84 -84 -84 -84 -84 -84 -84 -84 -84 -84 -84 -84 -84 -84 -84 -84 -84 -84 -84 -84 -84 -84 -84 -84 -84 -84 -84 -84 -84 -84 -84 -84 -84 -84 -84 -84 -84 -84 -84 -84 -84 -84 -84 -84 -84 -84 -84 -84 -84 -84 -84 -84 -82 -82 -83 -83 -83 -83 -83 -83 -83 -83 -83 -83 -86 -86 -86 -86 -84 -84 -82 -82 -82 -82 -79 -79 -80 -80 -80 -80 -81 -81 -79 -79 -79 -79 -79 -79 -82 -82 -79 -79 -82 -82 -82 -82 -83 -83 -82 -82 -84 -84 -89 -89 -91 -91 -81 -81 -82 -82 -82 -84 -84 -85 -85 -84 -84 -89 -89 -85 -85 -83 -83 -86 -86 -86 -86 -88 -88 -85 -85 -83 -83 -83 -83 -79 -79 -81 -81 -81 -81 -85 -85 -85 -85 -85 -85 -85 -85 -85 -85 -85 -85 -85 -85 -85 -85 -85 -85 -85 -85 -85 -85 -85 -85 -85 -85 -85 -85 -85 -85 -85 -85 -85 -85 -85 -85 -85 -85 -85 -85 -85 -85 -85 -85 -85 -85 -85 
CQI
2147483647 2147483647 2147483647 2147483647 2147483647 2147483647 2147483647 2147483647 2147483647 2147483647 2147483647 2147483647 2147483647 2147483647 2147483647 2147483647 2147483647 2147483647 2147483647 2147483647 2147483647 2147483647 2147483647 2147483647 2147483647 2147483647 2147483647 2147483647 2147483647 2147483647 2147483647 2147483647 2147483647 2147483647 2147483647 2147483647 2147483647 2147483647 2147483647 2147483647 2147483647 2147483647 2147483647 2147483647 2147483647 2147483647 2147483647 2147483647 2147483647 2147483647 2147483647 2147483647 2147483647 2147483647 2147483647 2147483647 2147483647 2147483647 2147483647 2147483647 2147483647 2147483647 2147483647 2147483647 2147483647 2147483647 2147483647 2147483647 2147483647 2147483647 2147483647 2147483647 2147483647 2147483647 2147483647 2147483647 2147483647 2147483647 2147483647 2147483647 2147483647 2147483647 2147483647 2147483647 2147483647 2147483647 2147483647 2147483647 2147483647 2147483647 2147483647 2147483647 2147483647 2147483647 2147483647 2147483647 2147483647 2147483647 2147483647 2147483647 2147483647 2147483647 2147483647 2147483647 2147483647 2147483647 2147483647 2147483647 2147483647 2147483647 2147483647 2147483647 2147483647 2147483647 2147483647 2147483647 2147483647 2147483647 2147483647 2147483647 2147483647 2147483647 2147483647 2147483647 2147483647 2147483647 2147483647 2147483647 2147483647 2147483647 2147483647 2147483647 2147483647 2147483647 2147483647 2147483647 2147483647 2147483647 2147483647 2147483647 2147483647 2147483647 2147483647 2147483647 2147483647 2147483647 2147483647 2147483647 2147483647 2147483647 2147483647 2147483647 2147483647 2147483647 2147483647 2147483647 2147483647 2147483647 2147483647 2147483647 2147483647 2147483647 2147483647 2147483647 2147483647 2147483647 2147483647 2147483647 2147483647 2147483647 2147483647 2147483647 2147483647 2147483647 2147483647 2147483647 2147483647 2147483647 2147483647 2147483647 2147483647 2147483647 2147483647 2147483647 2147483647 2147483647 2147483647 2147483647 2147483647 2147483647 2147483647 2147483647 2147483647 2147483647 2147483647 2147483647 2147483647 2147483647 2147483647 2147483647 2147483647 2147483647 2147483647 2147483647 2147483647 2147483647 2147483647 2147483647 2147483647 2147483647 2147483647 2147483647 2147483647 2147483647 2147483647 2147483647 2147483647 2147483647 2147483647 2147483647 2147483647 2147483647 2147483647 2147483647 2147483647 2147483647 2147483647 2147483647 2147483647 2147483647 2147483647 2147483647 2147483647 2147483647 2147483647 2147483647 2147483647 2147483647 2147483647 2147483647 2147483647 2147483647 2147483647 2147483647 2147483647 2147483647 2147483647 2147483647 2147483647 2147483647 2147483647 2147483647 2147483647 2147483647 2147483647 2147483647 2147483647 2147483647 2147483647 2147483647 2147483647 2147483647 2147483647 2147483647 2147483647 2147483647 2147483647 2147483647 2147483647 2147483647 2147483647 2147483647 2147483647 2147483647 2147483647 2147483647 2147483647 2147483647 2147483647 2147483647 2147483647 2147483647 2147483647 2147483647 2147483647 2147483647 2147483647 2147483647 2147483647 2147483647 2147483647 2147483647 2147483647 2147483647 2147483647 2147483647 2147483647 2147483647 2147483647 2147483647 2147483647 2147483647 2147483647 2147483647 2147483647 2147483647 2147483647 2147483647 2147483647 2147483647 2147483647 2147483647 2147483647 2147483647 2147483647 2147483647 2147483647 2147483647 2147483647 2147483647 2147483647 2147483647 2147483647 2147483647 2147483647 2147483647 2147483647 2147483647 2147483647 2147483647 2147483647 2147483647 2147483647 2147483647 2147483647 2147483647 2147483647 2147483647 2147483647 2147483647 2147483647 2147483647 2147483647 2147483647 2147483647 2147483647 2147483647 2147483647 2147483647 2147483647 2147483647 2147483647 2147483647 2147483647 2147483647 2147483647 2147483647 2147483647 2147483647 2147483647 2147483647 2147483647 2147483647 
Altitude
-62.38408660888672 -61.56498336791992 -60.846282958984375 -59.984901428222656 -59.14994430541992 -58.30441665649414 -57.46945571899414 -56.787750244140625 -55.51417541503906 -53.90238952636719 -51.69873046875 -49.62718963623047 -47.582069396972656 -45.388980865478516 -43.31215286254883 -41.25117874145508 -39.01053237915039 -37.26134490966797 -34.941429138183594 -32.83818054199219 -31.036149978637695 -28.72151756286621 -26.787372589111328 -24.779245376586914 -22.654855728149414 -20.678436279296875 -18.69144630432129 -16.646326065063477 -14.495514869689941 -12.503240585327148 -10.310153007507324 -8.603243827819824 -6.795928478240967 -4.919914245605469 -2.747964859008789 -1.072763204574585 1.075405478477478 3.181297779083252 5.149791717529297 7.245115280151367 9.073568344116211 11.097550392150879 12.902223587036133 14.844294548034668 16.527423858642578 18.6121768951416 20.728639602661133 22.79753875732422 24.83737564086914 27.004039764404297 28.835134506225586 30.967449188232422 32.83818054199219 34.637569427490234 36.43695831298828 38.57191467285156 40.331668853759766 42.24203109741211 43.90930938720703 45.610931396484375 46.76824951171875 48.06296157836914 48.84243392944336 50.015602111816406 50.55462646484375 51.02495193481445 51.674949645996094 51.780643463134766 52.17698287963867 52.47291564941406 52.943241119384766 53.60116958618164 53.366004943847656 53.62495040893555 53.67779541015625 53.63023376464844 53.640804290771484 53.640804290771484 53.73856735229492 53.595882415771484 53.07271194458008 51.91275405883789 48.87678146362305 47.51072692871094 46.27149963378906 44.91337203979492 42.71500015258789 41.560325622558594 40.31317138671875 39.35138702392578 36.584922790527344 35.350982666015625 34.75911331176758 33.53573989868164 32.12740707397461 31.007083892822266 29.58818244934082 27.86806297302246 26.816438674926758 26.716032028198242 25.667049407958984 24.932497024536133 24.293066024780273 24.813594818115234 24.057903289794922 23.550586700439453 23.66948890686035 23.513595581054688 23.17802619934082 23.86501693725586 24.015626907348633 23.069692611694336 23.196521759033203 23.960140228271484 24.361764907836914 24.047334671020508 24.30891990661621 23.724977493286133 23.806888580322266 23.854448318481445 23.28107452392578 23.999773025512695 23.259937286376953 23.952213287353516 23.96278190612793 23.814815521240234 23.862375259399414 24.443675994873047 25.45302391052246 26.871925354003906 28.343671798706055 29.701801300048828 30.737571716308594 33.070701599121094 34.88330078125 36.230857849121094 38.67760467529297 40.57740020751953 42.88938903808594 44.107479095458984 45.05869674682617 45.824954986572266 46.7867431640625 47.52922439575195 48.184505462646484 48.37739181518555 49.037960052490234 49.42108917236328 49.537349700927734 49.90726852416992 50.2005615234375 50.20848846435547 50.7818603515625 50.92190170288086 49.68796157836914 49.46601104736328 51.70665740966797 52.021087646484375 51.368446350097656 50.98796081542969 50.77657699584961 50.948326110839844 51.236331939697266 50.86112976074219 51.47149658203125 52.010520935058594 52.47291564941406 52.68694305419922 52.792633056640625 52.95381164550781 52.98023223876953 53.18368911743164 52.51783752441406 51.92068099975586 50.87434005737305 49.54792022705078 48.95869445800781 46.47495651245117 45.21194839477539 43.14304733276367 40.66195297241211 40.52191162109375 40.35544967651367 37.4093132019043 37.25606155395508 34.378623962402344 34.39976501464844 31.8790340423584 30.322734832763672 28.570907592773438 27.926193237304688 27.7280216217041 26.85607147216797 25.84408187866211 24.8505859375 24.59956932067871 24.145099639892578 23.611358642578125 22.950790405273438 22.993066787719727 22.35892105102539 22.586156845092773 22.808109283447266 22.81867790222168 22.641645431518555 22.350994110107422 22.308717727661133 22.662782669067383 22.77640151977539 22.84510040283203 22.979856491088867 22.993066787719727 22.377418518066406 22.493677139282227 22.66542625427246 22.74205207824707 23.35770034790039 23.57436752319336 23.48453140258789 24.21115493774414 26.06338882446289 27.94468879699707 29.63045883178711 30.44163703918457 30.885540008544922 32.555458068847656 34.18045425415039 35.66805648803711 37.62333679199219 39.2430534362793 41.29345703125 42.765201568603516 43.84589385986328 44.95564651489258 45.529022216796875 46.453819274902344 46.85015869140625 47.386539459228516 48.06032180786133 48.234710693359375 48.77109146118164 48.90056228637695 49.19913864135742 49.579627990722656 50.29039764404297 50.427799224853516 50.37495040893555 51.04873275756836 51.529624938964844 51.820274353027344 51.91275405883789 52.589176177978516 52.95645523071289 52.89303970336914 53.173118591308594 53.1440544128418 53.38978576660156 53.55889129638672 53.19954299926758 53.506046295166016 53.31315994262695 53.138771057128906 53.027793884277344 53.292022705078125 53.26295852661133 53.154624938964844 53.33165740966797 53.28937911987305 53.0330810546875 53.096492767333984 52.943241119384766 52.792633056640625 52.002593994140625 50.573123931884766 49.3576774597168 46.7576789855957 45.806461334228516 44.36906433105469 43.99650192260742 42.23674774169922 40.852195739746094 39.55219650268555 37.81622314453125 37.34589767456055 34.93086242675781 33.25830078125 32.74305725097656 30.54732894897461 28.967248916625977 26.922128677368164 25.92599105834961 24.46217155456543 23.447538375854492 21.872743606567383 20.802621841430664 19.270103454589844 17.59490203857422 15.031896591186523 14.262994766235352 11.861167907714844 10.627225875854492 8.89389419555664 8.84897518157959 6.777432441711426 4.742881774902344 3.33454966545105 3.704468011856079 0.3936988115310669 -1.5747952461242676 -2.3727619647979736 -4.084955215454102 -5.860563278198242 -5.992677211761475 -7.408936023712158 -9.940234184265137 -11.71055793762207 -12.624784469604492 -13.058117866516113 -16.043888092041016 -18.781282424926758 -19.51055145263672 -20.04957389831543 -22.723556518554688 -23.90729522705078 -25.7304630279541 -26.52314567565918 -28.3833065032959 -30.15891456604004 -31.860538482666016 -33.303218841552734 -33.48289489746094 -35.68126678466797 -37.81622314453125 -38.561344146728516 -39.554840087890625 -41.77963638305664 -43.5816650390625 -45.230445861816406 -45.71662139892578 -46.091827392578125 -48.81336975097656 -50.90076446533203 -52.7503547668457 -54.48368835449219 -55.80482482910156 -55.81539535522461 -58.420677185058594 -59.54628372192383 -60.68246078491211 -61.1792106628418 -61.00482177734375 -61.36945343017578 -61.36945343017578 -61.54384231567383 -61.8661994934082 -62.09343719482422 -62.27839660644531 -62.399940490722656 -62.775142669677734 -62.9918098449707 -63.20319366455078 -63.483272552490234 -63.705223083496094 