LTE(1) or 5G(2)
2 2 2 2 2 2 2 2 2 2 2 2 2 2 2 2 2 2 2 2 2 2 2 2 2 2 2 2 2 2 2 2 2 2 2 2 2 2 2 2 2 2 2 2 2 2 2 2 2 2 2 2 2 1 1 2 2 2 2 2 2 2 2 2 2 2 2 2 2 2 2 2 2 2 2 2 2 2 2 2 2 2 2 2 2 2 2 2 2 2 2 2 2 2 2 2 2 2 2 2 2 2 2 2 2 2 2 2 2 2 2 2 2 2 2 2 2 2 2 2 2 2 2 2 2 2 2 2 2 2 2 2 2 2 2 2 2 2 2 2 2 2 2 2 2 2 2 2 2 2 2 2 2 2 2 2 2 2 2 2 2 2 2 2 1 1 1 2 2 2 2 2 2 2 2 2 2 2 2 2 2 2 2 2 2 1 1 2 2 2 1 1 2 2 2 2 2 2 2 2 2 2 2 2 2 2 2 2 2 2 2 2 2 2 2 2 2 2 2 2 2 2 2 2 2 2 2 2 2 2 2 2 2 2 2 2 2 2 2 2 2 2 2 2 2 2 2 2 2 2 2 2 2 2 2 2 2 2 2 2 1 1 1 1 1 1 2 2 2 2 2 1 1 1 1 2 2 2 2 2 2 2 2 2 2 2 2 2 2 2 2 2 2 2 2 2 2 2 2 2 2 2 2 1 1 2 2 2 2 2 2 2 2 2 2 2 2 2 2 2 2 2 2 2 2 2 1 1 2 2 2 2 2 2 1 1 1 2 2 2 2 2 2 2 2 2 2 2 2 2 2 2 2 2 2 2 2 2 2 2 2 2 2 2 2 2 2 2 2 2 2 2 2 2 2 2 2 2 2 2 2 2 2 2 
SNR of LTE
2 2 2 2 2 0 0 0 0 -1 -1 -1 -1 -1 -1 -1 -1 -1 -1 -1 -1 -1 -1 -1 -1 -1 -1 0 0 0 0 0 0 0 0 -1 -1 -1 -1 -1 -1 -2 -2 -2 -2 -3 -3 -3 -3 -3 -3 -3 -3 -4 -4 -4 -4 -4 -4 -4 -4 -4 -4 -4 -4 -4 -4 -4 -4 -4 -4 -4 -4 -4 -4 -4 -4 -4 -4 -4 -4 -4 -4 -4 -4 -4 -4 -4 -4 -4 -4 -4 -4 -4 -4 -5 -5 -5 -5 -5 -5 -5 -5 -5 -5 -4 -4 -4 -4 -4 -4 -2 -2 -1 -1 -1 -1 -1 -1 0 0 0 0 0 0 0 0 0 0 3 3 3 3 3 3 3 3 2 2 2 2 2 3 3 3 3 3 3 3 3 3 2 2 2 2 1 1 0 0 0 -1 -1 -1 -1 -1 -1 -1 -3 -3 -3 -3 -3 -4 -4 -4 -4 -4 -4 -4 -4 -4 -4 -4 -3 -3 -3 -3 -3 -3 -3 -3 -3 -3 -3 -3 -3 -3 -3 -3 -3 -3 -3 -3 -3 -2 -2 -2 -2 -2 -2 0 0 0 0 -2 -2 -2 -2 -2 -2 -1 -1 -1 -1 0 0 0 0 0 0 0 0 0 0 0 0 0 0 0 0 0 0 0 0 0 0 0 0 0 0 0 -1 -1 -1 -1 -2 -4 -4 -4 -4 -4 -4 -4 -4 -6 -6 -6 -6 -6 -6 -6 -6 -6 -5 -5 -5 -5 -5 -5 -5 -5 -4 -4 -4 -4 -4 -4 -4 -4 -4 -4 -4 -4 -3 -3 -3 -3 -3 -3 -3 -3 -3 -3 -3 -3 -3 -3 -3 -3 -3 -3 -3 -2 -2 -2 -2 -2 -2 -2 -2 -2 -2 -2 -2 -2 -2 -2 -2 -2 -2 -2 -2 -2 -2 -2 -2 -2 -2 -2 -2 -2 -1 -1 -1 -1 -1 -1 -1 -1 -1 -1 -1 0 0 0 0 0 0 0 0 0 1 1 1 1 1 1 1 1 1 1 2 2 2 2 2 2 2 2 2 2 2 2 2 
SNR of 5G
9 9 9 9 9 6 6 6 6 2 1 9 9 9 9 7 7 7 7 7 7 1 1 0 0 1 1 2 2 3 3 3 3 3 3 3 3 2 1 1 0 0 0 0 0 0 0 0 0 -5 -5 -2 -2 0 0 3 3 3 3 3 3 2 2 2 2 2 2 3 3 3 3 3 3 3 3 3 3 3 3 3 3 1 1 0 0 0 0 0 0 0 0 -1 -1 -2 -2 5 5 6 6 6 6 8 8 8 8 8 8 8 8 7 7 7 7 5 5 5 5 5 5 3 3 3 3 3 3 3 3 3 3 2 2 2 2 2 2 -1 -1 0 0 1 1 3 3 0 0 -1 -1 -1 -1 -2 -2 -2 -2 -2 -2 1 1 0 0 -1 -1 0 0 -1 0 0 0 4 4 4 4 4 4 3 3 2 2 2 2 3 1 1 1 1 0 0 0 3 3 3 0 0 0 0 -2 -2 -3 -3 1 1 1 1 1 1 0 0 1 1 1 1 3 3 3 3 4 4 4 4 4 4 2 2 0 0 0 0 -1 -1 -1 -1 -1 -1 -1 -1 0 0 0 0 0 0 4 4 2 2 1 1 -1 -2 -3 -3 -6 -6 -1 -1 -1 -1 4 4 -4 -4 0 0 0 0 0 0 3 3 3 3 3 0 0 0 0 2 2 1 1 1 1 1 1 1 1 2 2 0 0 6 6 0 0 1 2 1 1 2 2 2 1 0 0 0 0 1 1 1 1 0 0 0 0 1 1 0 0 -2 -2 -2 -2 -4 -4 -2 -2 -4 0 0 -2 -2 0 0 2 2 0 0 0 2 2 2 2 3 3 1 1 1 1 0 0 -1 -1 0 0 1 1 5 5 5 5 5 5 7 7 7 7 7 7 7 7 5 5 1 1 8 8 8 8 8 8 8 8 8 8 8 
RSSI
-51 -51 -51 -51 -51 -51 -51 -51 -51 -51 -51 -51 -51 -51 -51 -51 -51 -51 -51 -51 -51 -51 -51 -51 -51 -51 -51 -51 -51 -51 -51 -51 -51 -51 -51 -51 -51 -51 -51 -51 -51 -51 -51 -51 -51 -51 -51 -51 -51 -51 -51 -51 -51 -51 -51 -51 -51 -51 -51 -51 -51 -51 -51 -51 -51 -51 -51 -51 -51 -51 -51 -51 -51 -51 -51 -51 -51 -51 -51 -51 -51 -51 -51 -51 -51 -51 -51 -51 -51 -51 -51 -51 -51 -51 -51 -51 -51 -51 -51 -51 -51 -53 -53 -53 -53 -51 -51 -51 -51 -51 -51 -51 -51 -51 -51 -51 -51 -51 -51 -51 -51 -51 -51 -51 -51 -51 -51 -51 -51 -51 -51 -51 -51 -51 -51 -51 -51 -51 -51 -51 -51 -51 -51 -51 -51 -51 -51 -51 -51 -51 -51 -51 -51 -51 -51 -51 -51 -51 -51 -51 -51 -51 -51 -51 -51 -51 -51 -51 -51 -51 -51 -51 -53 -51 -51 -51 -51 -51 -51 -51 -51 -51 -51 -51 -51 -51 -51 -51 -51 -51 -51 -51 -51 -51 -51 -51 -51 -51 -51 -51 -51 -51 -51 -51 -51 -51 -51 -51 -51 -51 -51 -51 -51 -51 -51 -51 -51 -51 -51 -51 -51 -51 -51 -51 -51 -51 -51 -51 -51 -51 -51 -51 -51 -51 -51 -51 -51 -51 -51 -51 -51 -51 -51 -51 -51 -51 -51 -51 -51 -51 -51 -51 -51 -51 -51 -51 -51 -51 -51 -51 -51 -51 -51 -51 -51 -51 -51 -51 -51 -51 -51 -51 -51 -51 -51 -51 -51 -51 -51 -51 -51 -51 -51 -51 -51 -51 -51 -51 -51 -51 -51 -51 -51 -51 -51 -51 -51 -51 -51 -51 -51 -51 -51 -51 -51 -51 -51 -51 -51 -51 -51 -51 -51 -51 -51 -51 -51 -51 -51 -51 -51 -51 -51 -51 -51 -51 -51 -51 -51 -51 -51 -51 -51 -51 -51 -51 -51 -51 -51 -51 -51 -51 -51 -51 -51 -51 -51 -51 -51 -51 -51 -51 -51 -51 -51 -51 -51 -51 -51 -51 -51 -51 -51 -51 -51 -51 -51 -51 -51 -51 -51 -51 -51 -51 -51 -51 -51 -51 -51 -51 -51 -51 -51 -51 
RSRP
-78 -78 -78 -78 -78 -78 -78 -78 -78 -78 -78 -77 -77 -77 -77 -77 -77 -77 -77 -77 -77 -76 -76 -76 -76 -76 -76 -76 -76 -76 -76 -76 -76 -76 -76 -76 -76 -76 -76 -76 -76 -77 -77 -77 -77 -77 -77 -77 -77 -78 -78 -78 -78 -78 -78 -78 -78 -78 -78 -78 -78 -79 -79 -79 -79 -79 -79 -78 -78 -78 -78 -78 -78 -78 -78 -78 -78 -77 -77 -77 -77 -77 -77 -77 -77 -77 -77 -77 -77 -77 -77 -77 -77 -78 -78 -78 -78 -78 -78 -78 -78 -78 -78 -78 -78 -77 -77 -77 -77 -76 -76 -76 -76 -75 -75 -74 -74 -74 -74 -73 -73 -73 -73 -73 -73 -73 -73 -73 -73 -73 -73 -72 -72 -72 -72 -72 -72 -72 -72 -72 -72 -72 -72 -71 -71 -71 -71 -71 -71 -70 -70 -70 -70 -70 -70 -70 -70 -71 -71 -71 -72 -72 -72 -72 -72 -72 -72 -73 -73 -73 -73 -73 -76 -76 -76 -76 -76 -76 -76 -76 -76 -76 -76 -76 -75 -75 -75 -74 -74 -74 -74 -74 -74 -74 -74 -74 -75 -75 -75 -75 -73 -73 -73 -73 -73 -73 -72 -72 -72 -72 -72 -72 -72 -72 -72 -72 -72 -72 -72 -72 -73 -73 -73 -73 -73 -73 -73 -75 -75 -75 -75 -75 -75 -75 -76 -76 -76 -76 -77 -77 -77 -77 -77 -77 -77 -77 -76 -76 -76 -76 -76 -77 -77 -77 -77 -78 -78 -78 -79 -79 -79 -79 -79 -79 -81 -81 -81 -81 -82 -82 -82 -81 -80 -79 -79 -79 -79 -78 -78 -78 -78 -77 -77 -77 -77 -77 -77 -77 -77 -77 -77 -77 -77 -77 -77 -77 -77 -77 -77 -77 -77 -77 -77 -77 -77 -77 -77 -77 -77 -77 -77 -77 -77 -77 -77 -77 -77 -77 -77 -77 -77 -77 -77 -78 -78 -78 -78 -78 -78 -78 -78 -78 -78 -78 -78 -78 -78 -78 -78 -78 -78 -78 -78 -78 -78 -78 -78 -77 -77 -77 -77 -77 -76 -76 -76 -76 -76 -76 -76 -76 -76 -75 -75 -75 -75 -75 -75 -75 -75 -75 -75 -75 -75 -75 -75 -75 -75 -75 -75 -75 -75 -75 -75 -75 
CID
13792258 13792258 13792258 13792258 13792258 13792258 13792258 13792258 13792258 13792258 13792258 13792258 13792258 13792258 13792258 13792258 13792258 13792258 13792258 13792258 13792258 13792258 13792258 13792258 13792258 13792258 13792258 13792258 13792258 13792258 13792258 13792258 13792258 13792258 13792258 13792258 13792258 13792258 13792258 13792258 13792258 13792258 13792258 13792258 13792258 13792258 13792258 13792258 13792258 13792258 13792258 13792258 13792258 13792258 13792258 13792258 13792258 13792258 13792258 13792258 13792258 13792258 13792258 13792258 13792258 13792258 13792258 13792258 13792258 13792258 13792258 13792258 13792258 13792258 13792258 13792258 13792258 13792258 13792258 13792258 13792258 13792258 13792258 13792258 13792258 13792258 13792258 13792258 13792258 13792258 13792258 13792258 13792258 13792258 13792258 13792258 13792258 13792513 13792513 13792513 13792513 13769739 13769739 13769739 13769739 13769739 13769739 13769739 13769739 13769739 13769739 13769739 13769739 13769739 13769739 13769739 13769739 13769739 13769739 13769739 13769739 13769739 13769739 13769739 13769739 13769739 13769739 13769739 13769739 13769739 13769739 13769739 13769739 13769739 13769739 13769739 13769739 13769739 13769739 13769739 13769739 13769739 13769739 13769739 13769739 13769739 13769739 13769739 13769739 13769739 13769739 13769739 13769739 13769739 13769739 13769739 13769739 13769739 13769739 13769739 13769739 13769739 13769739 13769739 13769739 13769739 13769739 13769739 13769739 13769739 13769739 13769739 13754890 13754890 13754890 13754890 13754890 13754890 13792258 13792258 13792258 13792258 13792258 13792258 13792258 13754890 13754890 13754890 13754890 13754890 13681153 13681153 13681153 13681153 13681153 13792523 13792523 13792523 13769739 13769739 13769739 13769739 13769739 13769739 13769739 13769739 13769739 13769739 13769739 13769739 13769739 13769739 13769739 13769739 13792513 13792513 13792513 13792513 13792513 13792513 13792513 13792513 13792513 13792513 13792513 13792513 13792513 13792513 13792513 13792513 13792513 13792513 13792513 13792513 13792513 13792513 13792513 13792513 13792513 13792513 13792513 13792513 13792513 13792513 13792513 13792513 13792513 13792513 13792513 13792513 13792513 13792258 13792258 13792258 13792258 13792257 13792257 13792257 13754890 13754890 13754890 13754890 13754890 13754890 13769739 13769739 13769739 13769739 13754890 13754890 13754890 13754890 13754890 13754890 13792258 13792258 13792258 13792258 13792258 13792258 13792258 13792258 13792258 13792258 13792258 13792258 13792258 13792258 13792258 13792258 13792258 13792258 13792258 13792258 13792258 13792258 13792258 13792258 13792258 13792258 13792258 13792258 13792258 13792258 13792258 13792258 13792258 13792258 13792258 13792258 13792258 13792258 13792258 13792258 13792258 13792258 13792258 13792258 13792258 13792258 13792258 13792258 13792258 13792258 13792258 13792258 13792258 13792258 13769739 13769739 13769739 13769739 13792258 13792258 13792258 13792258 13792258 13792258 13792258 13792258 13792258 13792258 13792258 13792258 13792258 13792258 13792258 13792258 13792258 13792258 13792258 13792258 13792258 13792258 13792258 13792258 13792258 13792258 13792258 13792258 13792258 13792258 13792258 13792258 13792258 13792258 13792258 13792258 13792258 13792258 13792258 13792258 13792258 13792258 13792258 13792258 13792258 13792258 13792258 13792258 13792258 13792258 13792258 13792258 
RSRP of 5G
-83 -83 -83 -83 -83 -84 -84 -84 -84 -83 -74 -78 -78 -78 -78 -81 -81 -81 -81 -81 -81 -84 -84 -84 -84 -84 -84 -82 -82 -82 -82 -82 -82 -95 -95 -84 -84 -102 -84 -91 -85 -92 -92 -91 -91 -93 -84 -96 -96 -115 -115 -90 -90 -90 -90 -86 -86 -86 -86 -86 -86 -85 -85 -85 -85 -85 -85 -85 -85 -85 -85 -85 -85 -85 -85 -90 -90 -85 -85 -85 -85 -79 -79 -80 -80 -81 -81 -81 -81 -81 -81 -86 -86 -79 -79 -81 -81 -82 -82 -82 -82 -79 -79 -79 -79 -82 -82 -82 -82 -79 -79 -79 -79 -81 -81 -81 -81 -81 -81 -83 -83 -83 -83 -83 -83 -83 -83 -83 -83 -81 -81 -84 -84 -84 -84 -88 -78 -88 -88 -80 -80 -79 -79 -83 -83 -87 -87 -84 -84 -88 -88 -84 -84 -87 -87 -84 -84 -95 -95 -88 -88 -86 -86 -87 -87 -87 -87 -79 -79 -79 -79 -79 -78 -79 -79 -90 -90 -85 -85 -85 -83 -83 -83 -97 -89 -89 -89 -90 -90 -90 -90 -90 -93 -82 -80 -80 -82 -83 -92 -80 -78 -78 -79 -79 -80 -80 -79 -79 -79 -79 -77 -77 -77 -77 -76 -76 -76 -76 -76 -76 -79 -79 -81 -81 -82 -82 -80 -80 -82 -82 -84 -84 -82 -82 -82 -82 -82 -82 -79 -79 -78 -78 -82 -82 -87 -87 -93 -81 -93 -93 -101 -85 -101 -101 -101 -77 -82 -82 -91 -91 -81 -81 -81 -81 -81 -81 -79 -79 -79 -79 -79 -79 -79 -79 -79 -80 -80 -80 -80 -80 -80 -81 -81 -80 -80 -80 -80 -81 -81 -79 -79 -80 -80 -97 -83 -84 -84 -84 -84 -89 -82 -84 -84 -84 -84 -87 -87 -87 -87 -87 -87 -97 -97 -90 -90 -91 -91 -82 -82 -90 -90 -96 -96 -86 -86 -106 -106 -106 -87 -87 -89 -89 -86 -86 -102 -102 -102 -87 -87 -83 -83 -85 -85 -83 -83 -87 -87 -87 -87 -88 -88 -82 -82 -84 -84 -87 -87 -83 -83 -83 -83 -78 -78 -78 -78 -78 -78 -78 -78 -84 -84 -88 -81 -84 -84 -84 -84 -84 -84 -84 -84 -84 -84 -84 
CQI
2147483647 2147483647 2147483647 2147483647 2147483647 2147483647 2147483647 2147483647 2147483647 2147483647 2147483647 2147483647 2147483647 2147483647 2147483647 2147483647 2147483647 2147483647 2147483647 2147483647 2147483647 2147483647 2147483647 2147483647 2147483647 2147483647 2147483647 2147483647 2147483647 2147483647 2147483647 2147483647 2147483647 2147483647 2147483647 2147483647 2147483647 2147483647 2147483647 2147483647 2147483647 2147483647 2147483647 2147483647 2147483647 2147483647 2147483647 2147483647 2147483647 2147483647 2147483647 2147483647 2147483647 2147483647 2147483647 2147483647 2147483647 2147483647 2147483647 2147483647 2147483647 2147483647 2147483647 2147483647 2147483647 2147483647 2147483647 2147483647 2147483647 2147483647 2147483647 2147483647 2147483647 2147483647 2147483647 2147483647 2147483647 2147483647 2147483647 2147483647 2147483647 2147483647 2147483647 2147483647 2147483647 2147483647 2147483647 2147483647 2147483647 2147483647 2147483647 2147483647 2147483647 2147483647 2147483647 2147483647 2147483647 2147483647 2147483647 2147483647 2147483647 2147483647 2147483647 2147483647 2147483647 2147483647 2147483647 2147483647 2147483647 2147483647 2147483647 2147483647 2147483647 2147483647 2147483647 2147483647 2147483647 2147483647 2147483647 2147483647 2147483647 2147483647 2147483647 2147483647 2147483647 2147483647 2147483647 2147483647 2147483647 2147483647 2147483647 2147483647 2147483647 2147483647 2147483647 2147483647 2147483647 2147483647 2147483647 2147483647 2147483647 2147483647 2147483647 2147483647 2147483647 2147483647 2147483647 2147483647 2147483647 2147483647 2147483647 2147483647 2147483647 2147483647 2147483647 2147483647 2147483647 2147483647 2147483647 2147483647 2147483647 2147483647 2147483647 2147483647 2147483647 2147483647 2147483647 2147483647 2147483647 2147483647 2147483647 2147483647 2147483647 2147483647 2147483647 2147483647 2147483647 2147483647 2147483647 2147483647 2147483647 2147483647 2147483647 2147483647 2147483647 2147483647 2147483647 2147483647 2147483647 2147483647 2147483647 2147483647 2147483647 2147483647 2147483647 2147483647 2147483647 2147483647 2147483647 2147483647 2147483647 2147483647 2147483647 2147483647 2147483647 2147483647 2147483647 2147483647 2147483647 2147483647 2147483647 2147483647 2147483647 2147483647 2147483647 2147483647 2147483647 2147483647 2147483647 2147483647 2147483647 2147483647 2147483647 2147483647 2147483647 2147483647 2147483647 2147483647 2147483647 2147483647 2147483647 2147483647 2147483647 2147483647 2147483647 2147483647 2147483647 2147483647 2147483647 2147483647 2147483647 2147483647 2147483647 2147483647 2147483647 2147483647 2147483647 2147483647 2147483647 2147483647 2147483647 2147483647 2147483647 2147483647 2147483647 2147483647 2147483647 2147483647 2147483647 2147483647 2147483647 2147483647 2147483647 2147483647 2147483647 2147483647 2147483647 2147483647 2147483647 2147483647 2147483647 2147483647 2147483647 2147483647 2147483647 2147483647 2147483647 2147483647 2147483647 2147483647 2147483647 2147483647 2147483647 2147483647 2147483647 2147483647 2147483647 2147483647 2147483647 2147483647 2147483647 2147483647 2147483647 2147483647 2147483647 2147483647 2147483647 2147483647 2147483647 2147483647 2147483647 2147483647 2147483647 2147483647 2147483647 2147483647 2147483647 2147483647 2147483647 2147483647 2147483647 2147483647 2147483647 2147483647 2147483647 2147483647 2147483647 2147483647 2147483647 2147483647 2147483647 2147483647 2147483647 2147483647 2147483647 2147483647 2147483647 2147483647 2147483647 2147483647 2147483647 2147483647 2147483647 2147483647 2147483647 2147483647 2147483647 2147483647 2147483647 2147483647 2147483647 2147483647 2147483647 2147483647 2147483647 2147483647 2147483647 2147483647 2147483647 2147483647 2147483647 2147483647 2147483647 2147483647 2147483647 2147483647 2147483647 2147483647 2147483647 2147483647 2147483647 2147483647 2147483647 2147483647 2147483647 2147483647 2147483647 2147483647 2147483647 2147483647 2147483647 2147483647 2147483647 2147483647 2147483647 2147483647 2147483647 2147483647 2147483647 2147483647 2147483647 2147483647 2147483647 2147483647 
Altitude
-62.188560485839844 -61.707664489746094 -61.041812896728516 -60.275550842285156 -59.66254425048828 -58.912139892578125 -58.30970001220703 -57.363765716552734 -56.491817474365234 -55.16011047363281 -53.373931884765625 -50.927188873291016 -49.10401916503906 -46.90564727783203 -44.84467315673828 -42.773128509521484 -40.60646438598633 -38.820289611816406 -36.5162239074707 -34.47639083862305 -32.58452224731445 -30.618669509887695 -28.62639617919922 -26.87721061706543 -24.536155700683594 -22.46461296081543 -20.419492721557617 -18.210552215576172 -16.6146183013916 -14.352831840515137 -12.47681713104248 -10.569095611572266 -8.740642547607422 -6.700806617736816 -4.608125686645508 -2.6052820682525635 -0.7292675971984863 1.2075191736221313 3.242070198059082 5.221133232116699 7.231903553009033 9.43556022644043 11.427834510803223 13.45974349975586 15.306693077087402 17.203845977783203 19.19611930847168 21.132905960083008 23.17009925842285 25.207292556762695 27.025177001953125 28.98574447631836 30.885540008544922 32.7589111328125 34.75382995605469 36.717037200927734 38.820289611816406 40.86540985107422 42.6357307434082 44.625362396240234 46.14467239379883 47.032474517822266 48.19507598876953 48.7314567565918 49.50300216674805 50.26661682128906 51.112144470214844 51.17292022705078 51.434505462646484 52.23247146606445 52.48876953125 53.28145217895508 52.306453704833984 52.570682525634766 52.6684455871582 53.41356658935547 53.949947357177734 53.027793884277344 53.14933776855469 52.021087646484375 51.225765228271484 50.90076446533203 48.32719039916992 46.5780029296875 45.50259780883789 43.83268356323242 41.94345474243164 41.124351501464844 38.87841796875 37.9087028503418 35.99834060668945 34.53980255126953 33.04692077636719 31.966230392456055 29.767858505249023 28.84041976928711 26.94590950012207 26.475584030151367 24.21115493774414 23.10932731628418 21.804044723510742 19.851404190063477 18.20526695251465 16.41380500793457 16.181285858154297 13.697547912597656 12.059337615966797 10.703851699829102 10.228241920471191 9.176617622375488 8.531902313232422 7.247757434844971 5.614831924438477 4.1959309577941895 3.3371920585632324 1.2048768997192383 -0.8983731269836426 -1.7756080627441406 -2.267071008682251 -3.308126926422119 -3.8471508026123047 -4.2382073402404785 -4.830076694488525 -5.3955230712890625 -5.5487751960754395 -5.823571681976318 -6.082514762878418 -6.288611888885498 -6.293896675109863 -6.5845465660095215 -6.88576602935791 -6.88576602935791 -7.033733367919922 -7.213407516479492 -7.128854751586914 -7.572756767272949 -7.245115280151367 -6.188205718994141 -4.983328819274902 -2.901216745376587 -1.4109742641448975 -1.474388837814331 -1.157315969467163 0.4016256332397461 2.3199164867401123 3.960768699645996 5.5910515785217285 7.493488788604736 9.210967063903809 11.250802040100098 13.298564910888672 14.984334945678711 16.83921241760254 18.865835189819336 21.00607681274414 23.479246139526367 25.973552703857422 27.395095825195312 29.841840744018555 31.89752960205078 33.852813720703125 35.79752731323242 38.32353973388672 39.08980178833008 40.65930938720703 41.71886444091797 43.695281982421875 45.42068862915039 45.35991668701172 46.292640686035156 46.58857345581055 46.99283981323242 47.246498107910156 48.789588928222656 49.64568328857422 50.13186264038086 50.382877349853516 50.8558464050293 50.84263610839844 50.869056701660156 51.05137252807617 51.521697998046875 51.34466552734375 49.492431640625 49.85970687866211 50.83206558227539 51.030235290527344 50.47007369995117 48.74995422363281 47.05889892578125 46.01255798339844 43.90666580200195 41.85626220703125 40.421504974365234 39.57862091064453 37.16886520385742 35.4936637878418 35.02862548828125 33.094482421875 32.3335075378418 30.420499801635742 28.525989532470703 28.304039001464844 25.492658615112305 25.508512496948242 22.982498168945312 21.080060958862305 20.21603775024414 18.852624893188477 17.75343894958496 15.697749137878418 14.001409530639648 13.25100326538086 11.990638732910156 10.12519359588623 8.566251754760742 7.940032958984375 6.711375713348389 5.012393474578857 3.7203216552734375 2.3674774169921875 1.389836072921753 -0.30121922492980957 -1.1044704914093018 -2.2406482696533203 -3.9951181411743164 -4.729670524597168 -5.115442276000977 -5.707311630249023 -6.711375713348389 -6.933326721191406 -7.509342193603516 -7.440643310546875 -6.933326721191406 -8.159341812133789 -7.4617815017700195 -7.160562515258789 -7.22926139831543 -7.4195051193237305 -7.128854751586914 -6.732513904571533 -6.484140396118164 -6.235766410827637 -3.857719898223877 -1.7333316802978516 0.19552826881408691 0.10040640830993652 1.3184946775436401 3.2499969005584717 4.782515525817871 6.795928478240967 9.187186241149902 10.981290817260742 13.335556030273438 15.253847122192383 17.46807289123535 19.484127044677734 21.571523666381836 23.133108139038086 25.19672393798828 27.506071090698242 29.471923828125 31.15769386291504 33.19752883911133 35.406471252441406 37.4093132019043 38.69081497192383 40.249759674072266 41.607887268066406 42.818050384521484 45.238372802734375 46.382476806640625 47.69568634033203 48.93755340576172 49.28105163574219 49.809505462646484 50.372310638427734 50.60747146606445 51.13592529296875 51.53226852416992 51.516414642333984 51.79121017456055 51.804420471191406 51.94974899291992 52.34344482421875 52.42007064819336 52.084503173828125 52.85868835449219 51.69080352783203 51.503204345703125 52.298526763916016 52.04751205444336 51.307674407958984 50.723731994628906 49.76722717285156 48.06560516357422 45.457679748535156 44.95036315917969 43.121910095214844 41.74528503417969 40.981666564941406 39.118865966796875 38.03817367553711 36.94427490234375 35.16073989868164 33.929439544677734 32.7060661315918 30.890823364257812 28.880054473876953 28.134933471679688 26.83493423461914 25.331480026245117 24.195302963256836 21.875385284423828 20.707500457763672 19.64794921875 17.742868423461914 16.247343063354492 14.45059585571289 12.989418029785156 11.501818656921387 9.953445434570312 8.701007843017578 7.205481052398682 5.585766792297363 4.224996089935303 2.187802791595459 0.8798772096633911 -0.7926821708679199 -2.1243882179260254 -3.419102430343628 -5.517067909240723 -6.674384117126465 -7.641456127166748 -9.506901741027832 -10.283729553222656 -11.240233421325684 -12.682914733886719 -14.194295883178711 -14.88128662109375 -16.56705665588379 -18.670307159423828 -20.884532928466797 -22.612579345703125 -23.373554229736328 -25.027618408203125 -26.94590950012207 -28.552412033081055 -29.968669891357422 -31.300376892089844 -32.67435836791992 -33.852813720703125 -34.86744689941406 -36.74346160888672 -38.37110137939453 -39.91947555541992 -41.2406120300293 -43.42841339111328 -44.707275390625 -46.55158233642578 -47.97312545776367 -49.50035858154297 -50.75808334350586 -52.153202056884766 -53.574745178222656 -55.18653106689453 -56.81417465209961 -58.050758361816406 -59.45116424560547 -60.486934661865234 -60.555633544921875 -61.38530731201172 -61.691810607910156 -61.845062255859375 -61.908477783203125 -62.16741943359375 -62.352378845214844 -62.685306549072266 -63.00766372680664 -63.065792083740234 -63.27717590332031 -63.43571090698242 -63.66294860839844 -63.93246078491211 