LTE(1) or 5G(2)
2 2 2 2 2 2 2 2 2 2 2 2 2 2 2 2 2 2 2 2 2 2 2 2 2 2 2 2 2 2 2 2 2 2 2 2 2 2 2 2 2 2 2 2 2 2 2 2 2 2 2 2 2 2 2 2 2 2 2 2 2 2 2 2 2 2 2 2 2 2 2 2 2 2 2 2 2 2 2 2 2 2 2 2 2 2 2 2 2 2 1 1 1 1 1 1 1 1 1 2 2 2 2 2 2 2 2 2 2 2 2 2 2 2 2 2 2 2 2 2 2 2 2 2 2 2 2 2 2 2 2 2 2 2 2 2 2 2 2 2 2 2 2 2 2 2 2 2 2 2 2 2 2 2 2 2 2 2 2 1 1 2 2 2 2 2 2 2 2 2 2 2 2 2 2 2 2 1 1 1 1 1 1 2 2 2 2 2 2 2 2 2 2 2 2 2 2 2 2 2 2 2 2 2 2 2 2 2 2 2 2 2 2 2 2 2 2 2 2 2 2 2 2 2 2 2 2 2 2 2 2 2 2 2 2 2 2 2 2 2 2 2 2 2 2 2 2 2 1 1 1 1 1 1 1 2 2 2 2 2 2 2 2 2 2 2 2 2 2 2 2 2 2 2 2 2 2 2 2 2 2 2 2 2 2 2 2 2 2 2 2 2 1 1 1 1 1 1 1 1 1 1 2 2 2 2 2 2 2 2 2 2 2 2 2 2 2 2 2 2 2 2 2 2 2 2 2 2 2 2 2 2 2 2 2 2 2 2 2 2 2 2 1 1 2 2 2 2 2 2 2 2 2 2 2 2 2 2 2 2 2 2 2 2 2 2 2 2 2 2 2 2 2 2 2 2 
SNR of LTE
0 0 0 0 0 0 0 0 0 0 0 0 0 0 0 0 -1 -1 -1 -1 -1 -1 -1 -1 -1 -1 0 0 -1 -1 -1 -1 -1 -1 -1 -1 -1 -1 -1 -1 -3 -3 -3 -3 -3 -3 -3 -3 -2 -2 -2 -2 -2 -2 -2 -2 -2 -2 -2 -2 -2 -2 -2 -2 -2 -2 -2 -2 -2 -2 -2 -2 -2 -2 -2 -2 -2 -3 -3 -3 -3 -3 -3 -4 -4 -4 -4 -4 -3 -3 -3 -3 -3 -3 -4 -4 -4 -4 -3 -3 -3 -2 -2 -2 -2 -2 -2 -2 -2 -2 -2 -2 -2 -2 -2 0 0 0 0 1 1 1 1 1 1 1 1 2 3 3 3 3 3 3 3 3 2 2 2 2 2 2 2 1 1 1 1 1 1 0 0 0 0 0 0 0 0 0 0 0 -1 -1 -1 -1 -2 -2 -2 -3 -3 -3 -3 -3 -3 -3 -3 -3 -3 -3 -3 -3 -3 -3 -3 -3 -3 -3 -3 -3 -3 -3 -3 -1 -1 -1 -1 -1 -1 0 0 0 0 0 0 0 0 0 0 0 0 0 0 0 0 0 0 0 0 0 0 0 0 1 1 0 0 0 0 0 0 0 0 0 0 0 0 0 0 0 0 -1 -1 -2 -2 -2 -2 -3 -3 -3 -3 -3 -3 -3 -4 -3 -3 -1 -1 -1 -1 -1 -1 -1 -1 -1 -1 -1 -1 -1 -1 -1 -1 -1 -1 -1 -1 -2 -2 -3 -3 -3 -3 -3 -3 -3 -3 -3 -4 -4 -4 -4 -4 -4 -5 -6 -6 -6 -6 -6 -8 -8 -8 -8 -8 -8 -8 -8 -8 -8 -8 -7 -7 -6 -6 -6 -6 -6 -3 -3 -3 -3 -3 -3 -2 -2 -2 -2 -2 -2 -1 -1 -1 -1 -1 -1 0 0 0 0 0 0 0 0 0 0 0 0 0 0 0 0 0 0 2 2 2 2 3 3 3 3 4 4 4 4 4 4 5 5 5 6 6 6 6 6 7 7 
SNR of 5G
9 9 9 9 7 7 4 4 10 10 10 10 10 10 10 10 6 6 6 6 2 2 0 0 0 0 -1 -1 -2 -2 4 4 4 4 4 5 4 4 -3 -3 -1 -2 0 0 2 2 0 0 3 3 3 3 3 3 3 3 3 3 3 3 3 3 3 3 3 3 3 3 3 3 3 3 3 3 3 3 3 2 1 1 0 0 0 0 0 0 0 0 -2 4 0 0 0 0 0 0 0 0 0 7 7 8 8 8 8 7 7 7 7 5 5 5 5 5 5 4 4 4 4 2 2 2 2 2 2 2 2 2 2 2 2 0 -1 0 0 2 2 3 3 -2 -2 -2 -2 -2 -2 -2 -2 -2 -2 -2 -2 -2 -2 -2 -2 -2 -2 -1 -1 0 0 2 2 4 4 4 4 4 4 4 4 2 2 0 0 0 0 0 0 0 0 0 0 1 1 -3 -3 -3 -3 -1 -1 -3 -3 -4 -4 -6 -6 1 1 0 0 0 0 1 1 2 2 4 4 4 4 4 4 4 4 3 3 0 0 1 1 1 1 1 1 1 1 0 0 0 0 1 1 1 1 2 2 4 4 2 2 2 2 0 -2 -3 -3 -7 0 0 0 0 0 0 0 2 2 2 2 2 2 1 1 2 2 3 3 3 3 3 3 2 2 1 1 1 1 1 1 1 1 1 1 1 1 0 -4 7 7 0 0 0 0 0 0 0 0 0 0 0 0 0 4 4 4 4 4 4 4 4 4 4 4 4 3 3 3 3 3 3 2 2 2 2 3 3 3 3 4 4 4 4 5 5 4 4 4 4 4 4 4 5 0 0 2 2 2 1 2 2 1 1 2 2 2 2 4 5 9 9 9 9 9 9 11 11 7 7 4 4 4 4 4 4 3 3 
RSSI
-51 -51 -51 -51 -51 -51 -51 -51 -51 -51 -51 -51 -51 -51 -51 -51 -51 -51 -51 -51 -51 -51 -51 -51 -51 -51 -51 -51 -51 -51 -51 -51 -51 -51 -51 -51 -51 -51 -51 -51 -51 -51 -51 -51 -51 -51 -51 -51 -51 -51 -51 -51 -51 -51 -51 -51 -51 -51 -51 -51 -51 -51 -51 -51 -51 -51 -51 -51 -51 -51 -51 -51 -51 -51 -51 -51 -51 -51 -51 -53 -53 -53 -53 -51 -51 -51 -51 -51 -51 -51 -51 -51 -51 -51 -51 -51 -51 -51 -51 -51 -51 -51 -51 -51 -51 -51 -51 -51 -51 -51 -51 -51 -51 -51 -51 -51 -51 -51 -51 -51 -51 -51 -51 -51 -51 -51 -51 -51 -51 -51 -51 -51 -51 -51 -51 -51 -51 -51 -51 -51 -51 -51 -51 -51 -51 -51 -51 -51 -51 -51 -51 -51 -51 -51 -51 -51 -51 -51 -51 -51 -51 -51 -51 -51 -51 -51 -51 -51 -51 -51 -51 -51 -51 -51 -51 -51 -51 -51 -51 -51 -51 -51 -51 -51 -51 -51 -51 -51 -51 -51 -51 -51 -51 -51 -51 -51 -51 -51 -51 -51 -51 -51 -51 -51 -51 -51 -51 -51 -51 -51 -51 -51 -51 -51 -51 -51 -51 -51 -51 -51 -51 -51 -51 -51 -51 -51 -51 -51 -51 -51 -51 -51 -51 -51 -51 -51 -51 -51 -51 -51 -51 -51 -51 -51 -51 -51 -51 -51 -51 -51 -51 -51 -51 -51 -51 -51 -51 -51 -51 -51 -51 -51 -51 -51 -51 -51 -51 -51 -51 -51 -51 -51 -51 -51 -51 -51 -51 -51 -51 -51 -51 -51 -51 -51 -51 -51 -51 -51 -51 -51 -51 -51 -51 -51 -51 -51 -51 -51 -51 -51 -51 -51 -51 -51 -51 -51 -51 -51 -51 -51 -51 -51 -51 -51 -51 -51 -51 -51 -51 -51 -51 -51 -51 -51 -51 -51 -51 -51 -51 -51 -51 -51 -51 -51 -51 -51 -51 -51 -51 -51 -51 -51 -51 -51 -51 -51 -51 -51 -51 -51 -51 -51 -51 -51 -51 -51 -51 -51 -51 -51 -51 -51 -51 -51 -51 -51 -51 -51 -51 -51 -51 -51 -51 -51 -51 -51 
RSRP
-80 -80 -79 -79 -79 -79 -79 -79 -79 -79 -79 -79 -79 -79 -79 -79 -77 -77 -77 -77 -76 -76 -75 -75 -75 -75 -75 -75 -75 -75 -75 -75 -75 -75 -75 -76 -76 -76 -76 -76 -77 -77 -77 -77 -77 -77 -77 -77 -77 -77 -77 -77 -77 -77 -77 -77 -77 -77 -77 -77 -77 -77 -77 -77 -77 -77 -77 -77 -77 -77 -77 -77 -77 -77 -77 -77 -77 -78 -78 -79 -79 -79 -79 -79 -79 -79 -79 -79 -78 -78 -78 -78 -78 -78 -79 -78 -78 -78 -78 -78 -78 -76 -76 -76 -76 -76 -76 -76 -76 -75 -75 -75 -75 -75 -75 -74 -74 -74 -74 -74 -74 -74 -74 -74 -74 -74 -74 -74 -73 -73 -73 -73 -73 -74 -74 -74 -73 -73 -73 -73 -73 -73 -73 -73 -73 -73 -73 -73 -73 -73 -73 -73 -73 -73 -73 -73 -73 -73 -73 -73 -73 -73 -73 -73 -74 -74 -74 -74 -75 -75 -75 -75 -75 -76 -76 -76 -76 -76 -75 -75 -75 -75 -75 -75 -75 -75 -75 -76 -76 -76 -76 -74 -74 -74 -74 -74 -74 -73 -73 -73 -72 -72 -72 -72 -72 -71 -71 -72 -72 -72 -72 -72 -72 -72 -72 -72 -72 -72 -72 -73 -73 -73 -73 -74 -74 -75 -75 -75 -75 -75 -75 -77 -77 -77 -77 -77 -77 -77 -77 -77 -77 -77 -77 -77 -77 -77 -77 -77 -77 -77 -77 -77 -78 -75 -75 -73 -73 -73 -73 -73 -73 -72 -72 -72 -72 -72 -72 -72 -72 -72 -72 -72 -72 -72 -72 -72 -72 -72 -72 -72 -72 -72 -72 -72 -72 -74 -74 -74 -74 -74 -74 -74 -74 -76 -76 -76 -76 -76 -80 -80 -80 -80 -80 -81 -81 -81 -81 -81 -81 -80 -80 -78 -78 -78 -78 -78 -77 -77 -77 -77 -77 -77 -76 -76 -76 -76 -76 -76 -75 -75 -75 -75 -75 -75 -75 -75 -75 -75 -75 -75 -75 -75 -75 -75 -75 -74 -74 -73 -73 -73 -73 -73 -71 -71 -71 -71 -70 -70 -69 -69 -68 -68 -68 -68 -68 -68 -67 -67 -67 -67 -67 -67 -67 -67 -68 -68 
CID
13792258 13792258 13792258 13792258 13792258 13792258 13792258 13792258 13792258 13792258 13792258 13792258 13792258 13792258 13792258 13792258 13792258 13792258 13792258 13792258 13792258 13792258 13792258 13792258 13792258 13792258 13792258 13792258 13792258 13792258 13792258 13792258 13792258 13792258 13792258 13769739 13769739 13769739 13769739 13769739 13769739 13769739 13769739 13769739 13769739 13769739 13769739 13769739 13769739 13769739 13769739 13769739 13769739 13769739 13769739 13769739 13769739 13769739 13769739 13769739 13769739 13769739 13769739 13769739 13769739 13769739 13769739 13769739 13769739 13769739 13769739 13769739 13769739 13769739 13769739 13769739 13769739 13769739 13769739 13792258 13792258 13792258 13792258 13792258 13792258 13792258 13792258 13792258 13792258 13792258 13792258 13792258 13792258 13792258 13792258 13769739 13769739 13769739 13769739 13769739 13769739 13769739 13769739 13769739 13769739 13769739 13769739 13769739 13769739 13769739 13769739 13769739 13769739 13769739 13769739 13769739 13769739 13769739 13769739 13769739 13769739 13769739 13769739 13769739 13769739 13769739 13769739 13769739 13769739 13769739 13769739 13769739 13769739 13769739 13769739 13769739 13769739 13769739 13769739 13769739 13769739 13769739 13769739 13769739 13769739 13769739 13769739 13769739 13769739 13769739 13769739 13769739 13769739 13769739 13769739 13769739 13769739 13769739 13769739 13769739 13769739 13769739 13769739 13769739 13754890 13754890 13754890 13754890 13754890 13754890 13754890 13754890 13754890 13754890 13754890 13754890 13754890 13792258 13792258 13792258 13792258 13754890 13754890 13754890 13754890 13754890 13754890 13754890 13754890 13769739 13769739 13769739 13769739 13769739 13769739 13769739 13769739 13769739 13769739 13769739 13769739 13769739 13769739 13769739 13769739 13769739 13769739 13792523 13792513 13792513 13792513 13792513 13792513 13792513 13792513 13792513 13792513 13792513 13792513 13792513 13792513 13792513 13792513 13792513 13792513 13792513 13792513 13792513 13792513 13792513 13792513 13792513 13792513 13792513 13792513 13792513 13792513 13792513 13792513 13792513 13792513 13792513 13792513 13792513 13792513 13792513 13792513 13792258 13792258 13792258 13792258 13792258 13678086 13678086 13678086 13678086 13678086 13678086 13678086 13678086 13678086 13678086 13678086 13678086 13678086 13678086 13678086 13678086 13678086 13678086 13678086 13678086 13678086 13678086 13678086 13678086 13678086 13678086 13678086 13678086 13678086 13678086 13678086 13678086 13678086 13678086 13792261 13792261 13792261 13792261 13792261 13792261 13792261 13792261 13792261 13792261 13792261 13792261 13754893 13754893 13769742 13769742 13769742 13769742 13769742 13769742 13769742 13769742 13769742 13769742 13769742 13769742 13769742 13769742 13769742 13769742 13769742 13769742 13769742 13769742 13769742 13769742 13769742 13769742 13769742 13769742 13769742 13769742 13769742 13769742 13769742 13769742 13769742 13769742 13769742 13769742 13769742 13769742 13769742 13769742 13769742 13678086 13678086 13678086 13678086 13678086 13678086 13678086 13678086 13678086 13678086 13678086 13678086 13678086 13678086 13678086 13678086 13678086 13678086 13678086 13678086 13678086 13678086 13678086 13678086 13678086 13678086 13678086 13678086 13678086 13678086 13678086 13678086 13678086 13678086 13678086 
RSRP of 5G
-81 -81 -88 -88 -84 -84 -92 -82 -79 -79 -79 -79 -79 -79 -79 -79 -83 -83 -83 -83 -86 -80 -87 -87 -100 -100 -89 -89 -82 -82 -84 -84 -84 -84 -84 -83 -87 -82 -92 -92 -88 -80 -85 -85 -79 -79 -82 -82 -86 -86 -86 -86 -86 -86 -86 -86 -86 -86 -86 -86 -86 -86 -86 -86 -86 -86 -86 -86 -86 -86 -86 -86 -86 -86 -86 -86 -86 -79 -80 -80 -81 -81 -81 -81 -80 -80 -82 -82 -80 -81 -81 -81 -81 -81 -81 -81 -81 -81 -81 -79 -79 -80 -80 -81 -81 -78 -78 -78 -78 -81 -81 -81 -81 -81 -81 -82 -82 -82 -82 -84 -84 -84 -84 -84 -84 -84 -84 -86 -86 -86 -86 -92 -82 -88 -88 -79 -79 -79 -79 -94 -94 -92 -92 -88 -88 -85 -85 -89 -89 -118 -118 -82 -82 -90 -90 -95 -95 -85 -85 -85 -85 -89 -89 -83 -83 -83 -83 -77 -77 -77 -77 -80 -80 -95 -95 -94 -94 -94 -94 -94 -94 -94 -94 -98 -83 -91 -91 -84 -84 -81 -81 -82 -82 -84 -84 -78 -78 -79 -79 -81 -81 -80 -80 -80 -80 -78 -78 -75 -75 -75 -75 -75 -75 -77 -77 -82 -82 -81 -81 -81 -81 -80 -80 -82 -82 -78 -78 -85 -85 -79 -79 -79 -79 -79 -79 -81 -81 -79 -79 -84 -84 -81 -81 -95 -80 -88 -88 -81 -81 -81 -81 -81 -81 -81 -81 -83 -83 -83 -83 -83 -83 -80 -80 -79 -79 -78 -78 -78 -78 -78 -78 -78 -78 -80 -80 -81 -81 -81 -81 -81 -81 -81 -81 -81 -81 -83 -79 -78 -78 -82 -82 -81 -81 -81 -81 -81 -81 -81 -81 -81 -81 -81 -83 -83 -83 -83 -83 -83 -83 -83 -83 -85 -88 -88 -84 -84 -84 -84 -84 -84 -89 -89 -86 -86 -87 -87 -87 -87 -84 -84 -84 -84 -87 -87 -84 -84 -84 -84 -84 -84 -84 -100 -94 -94 -88 -88 -90 -79 -82 -82 -85 -85 -86 -86 -84 -84 -92 -82 -79 -79 -76 -76 -74 -74 -78 -78 -85 -85 -87 -87 -87 -87 -87 -87 -93 -93 
CQI
2147483647 2147483647 2147483647 2147483647 2147483647 2147483647 2147483647 2147483647 2147483647 2147483647 2147483647 2147483647 2147483647 2147483647 2147483647 2147483647 2147483647 2147483647 2147483647 2147483647 2147483647 2147483647 2147483647 2147483647 2147483647 2147483647 2147483647 2147483647 2147483647 2147483647 2147483647 2147483647 2147483647 2147483647 2147483647 2147483647 2147483647 2147483647 2147483647 2147483647 2147483647 2147483647 2147483647 2147483647 2147483647 2147483647 2147483647 2147483647 2147483647 2147483647 2147483647 2147483647 2147483647 2147483647 2147483647 2147483647 2147483647 2147483647 2147483647 2147483647 2147483647 2147483647 2147483647 2147483647 2147483647 2147483647 2147483647 2147483647 2147483647 2147483647 2147483647 2147483647 2147483647 2147483647 2147483647 2147483647 2147483647 2147483647 2147483647 2147483647 2147483647 2147483647 2147483647 2147483647 2147483647 2147483647 2147483647 2147483647 2147483647 2147483647 2147483647 2147483647 2147483647 2147483647 2147483647 2147483647 2147483647 2147483647 2147483647 2147483647 2147483647 2147483647 2147483647 2147483647 2147483647 2147483647 2147483647 2147483647 2147483647 2147483647 2147483647 2147483647 2147483647 2147483647 2147483647 2147483647 2147483647 2147483647 2147483647 2147483647 2147483647 2147483647 2147483647 2147483647 2147483647 2147483647 2147483647 2147483647 2147483647 2147483647 2147483647 2147483647 2147483647 2147483647 2147483647 2147483647 2147483647 2147483647 2147483647 2147483647 2147483647 2147483647 2147483647 2147483647 2147483647 2147483647 2147483647 2147483647 2147483647 2147483647 2147483647 2147483647 2147483647 2147483647 2147483647 2147483647 2147483647 2147483647 2147483647 2147483647 2147483647 2147483647 2147483647 2147483647 2147483647 2147483647 2147483647 2147483647 2147483647 2147483647 2147483647 2147483647 2147483647 2147483647 2147483647 2147483647 2147483647 2147483647 2147483647 2147483647 2147483647 2147483647 2147483647 2147483647 2147483647 2147483647 2147483647 2147483647 2147483647 2147483647 2147483647 2147483647 2147483647 2147483647 2147483647 2147483647 2147483647 2147483647 2147483647 2147483647 2147483647 2147483647 2147483647 2147483647 2147483647 2147483647 2147483647 2147483647 2147483647 2147483647 2147483647 2147483647 2147483647 2147483647 2147483647 2147483647 2147483647 2147483647 2147483647 2147483647 2147483647 2147483647 2147483647 2147483647 2147483647 2147483647 2147483647 2147483647 2147483647 2147483647 2147483647 2147483647 2147483647 2147483647 2147483647 2147483647 2147483647 2147483647 2147483647 2147483647 2147483647 2147483647 2147483647 2147483647 2147483647 2147483647 2147483647 2147483647 2147483647 2147483647 2147483647 2147483647 2147483647 2147483647 2147483647 2147483647 2147483647 2147483647 2147483647 2147483647 2147483647 2147483647 2147483647 2147483647 2147483647 2147483647 2147483647 2147483647 2147483647 2147483647 2147483647 2147483647 2147483647 2147483647 2147483647 2147483647 2147483647 2147483647 2147483647 2147483647 2147483647 2147483647 2147483647 2147483647 2147483647 2147483647 2147483647 2147483647 2147483647 2147483647 2147483647 2147483647 2147483647 2147483647 2147483647 2147483647 2147483647 2147483647 2147483647 2147483647 2147483647 2147483647 2147483647 2147483647 2147483647 2147483647 2147483647 2147483647 2147483647 2147483647 2147483647 2147483647 2147483647 2147483647 2147483647 2147483647 2147483647 2147483647 2147483647 2147483647 2147483647 2147483647 2147483647 2147483647 2147483647 2147483647 2147483647 2147483647 2147483647 2147483647 2147483647 2147483647 2147483647 2147483647 2147483647 2147483647 2147483647 2147483647 2147483647 2147483647 2147483647 2147483647 2147483647 2147483647 2147483647 2147483647 2147483647 2147483647 2147483647 2147483647 2147483647 2147483647 2147483647 2147483647 2147483647 2147483647 2147483647 2147483647 2147483647 2147483647 2147483647 2147483647 2147483647 2147483647 2147483647 2147483647 2147483647 2147483647 2147483647 2147483647 2147483647 2147483647 2147483647 2147483647 2147483647 2147483647 
Altitude
-62.833274841308594 -62.130428314208984 -61.15278625488281 -60.32311248779297 -59.53042984008789 -58.88571548461914 -58.272708892822266 -57.432464599609375 -55.8735237121582 -53.75970458984375 -51.71458435058594 -49.537349700927734 -47.61906051635742 -45.55808639526367 -43.63979721069336 -41.462562561035156 -39.422725677490234 -37.21378707885742 -35.08939743041992 -33.09183883666992 -31.02557945251465 -29.128427505493164 -27.09916114807129 -25.28127670288086 -22.871522903442383 -21.00607681274414 -19.0296573638916 -16.910552978515625 -14.728034973144531 -12.852020263671875 -10.82275390625 -8.946739196777344 -6.76422119140625 -4.819507598876953 -3.070322275161743 -1.0939013957977295 0.8006089925765991 2.631704807281494 4.771946907043457 6.991456985473633 8.981088638305664 11.113404273986816 13.087182998657227 15.016042709350586 17.037382125854492 19.0296573638916 21.04306983947754 23.291645050048828 25.10160255432129 26.985544204711914 29.205053329467773 30.959524154663086 33.149967193603516 35.129032135009766 37.32476043701172 39.2430534362793 41.3753662109375 42.98715591430664 44.65707015991211 45.970279693603516 46.94792175292969 47.9651985168457 48.728816986083984 49.18857192993164 49.89670181274414 50.29304122924805 50.97210693359375 51.24954605102539 51.34202575683594 51.593040466308594 51.88633346557617 52.16377258300781 52.26153564453125 52.570682525634766 52.356658935546875 52.509910583496094 51.55340576171875 50.33795928955078 47.949344635009766 45.33085250854492 44.37434768676758 43.16682815551758 41.687156677246094 39.82963562011719 40.548336029052734 39.11357879638672 37.79508590698242 34.99956130981445 33.66257095336914 32.08513259887695 31.00444221496582 28.304039001464844 27.691030502319336 25.978836059570312 24.396114349365234 22.68656349182129 21.502824783325195 19.074575424194336 18.26075553894043 18.173559188842773 15.560351371765137 12.611573219299316 12.521736145019531 10.761981964111328 10.04592514038086 9.113203048706055 8.164626121520996 6.687595367431641 6.418083190917969 5.495929718017578 2.710973024368286 0.11890232563018799 -1.072763204574585 -2.0398354530334473 -2.8536558151245117 -3.7256062030792236 -4.121947288513184 -5.030889511108398 -5.284547805786133 -5.707311630249023 -6.283327102661133 -6.4260101318359375 -7.033733367919922 -7.149992942810059 -7.287391662597656 -7.271537780761719 -7.472350597381592 -7.905683517456055 -7.895114421844482 -7.736577987670898 -7.498773574829102 -7.435359001159668 -7.440643310546875 -6.3890180587768555 -5.215848922729492 -3.7150371074676514 -2.5682902336120605 -1.6910552978515625 -0.33292651176452637 1.8892258405685425 3.614630699157715 5.720522880554199 7.395724773406982 9.438201904296875 11.396127700805664 13.745108604431152 15.507505416870117 17.460145950317383 19.11949348449707 21.28615951538086 23.278432846069336 25.06725311279297 27.265625 29.453426361083984 31.24753189086914 33.284725189208984 35.073543548583984 37.417240142822266 39.1981315612793 40.7940673828125 41.66865921020508 42.6119499206543 44.2607307434082 45.62678527832031 46.00198745727539 46.400970458984375 46.599143981933594 47.12759780883789 47.76966857910156 48.454017639160156 49.18857192993164 49.719669342041016 50.54669952392578 50.53348922729492 50.890193939208984 51.06986999511719 51.11478805541992 51.1464958190918 49.28633499145508 49.92576599121094 50.39609146118164 50.232269287109375 49.57170104980469 48.4117431640625 46.736541748046875 45.473533630371094 43.4469108581543 41.72414779663086 39.87984085083008 38.93390655517578 37.29041290283203 35.58086013793945 34.780250549316406 32.67964172363281 31.44041633605957 29.995094299316406 28.359525680541992 27.83899688720703 26.206071853637695 25.297130584716797 23.40790367126465 22.1448974609375 20.601810455322266 18.23961639404297 16.862991333007812 16.004253387451172 13.549580574035645 12.56401252746582 12.423972129821777 9.451414108276367 8.912389755249023 7.469708442687988 6.595115661621094 5.456295490264893 3.9211344718933105 3.0993871688842773 0.5839425325393677 -0.34878015518188477 -1.8443071842193604 -3.149590492248535 -3.5934925079345703 -3.931703567504883 -5.1101579666137695 -5.923977851867676 -6.077229976654053 -6.013815402984619 -6.4630022048950195 -6.674384117126465 -7.245115280151367 -7.155277729034424 -7.393082618713379 -7.482919692993164 -7.683732509613037 -7.689017295837402 -7.76300048828125 -7.710155487060547 -7.694301605224609 -7.562188148498535 -6.64267635345459 -4.660971164703369 -2.7955257892608643 -2.066258192062378 -1.3475596904754639 0.2985769510269165 2.0504045486450195 4.026825428009033 5.905482292175293 7.770927429199219 9.744706153869629 11.964216232299805 13.953848838806152 15.95669174194336 18.170917510986328 19.677013397216797 21.690425872802734 23.806888580322266 25.91806411743164 27.6751766204834 29.58025550842285 31.31623077392578 33.234519958496094 35.136959075927734 37.44894790649414 39.7662239074707 41.08207321166992 41.59996032714844 43.28308868408203 44.84731674194336 45.72454833984375 47.228004455566406 48.329830169677734 49.1727180480957 49.656253814697266 50.0208854675293 50.150360107421875 50.82942199707031 51.349952697753906 51.61946105957031 51.801780700683594 51.71458435058594 51.8546257019043 52.06600570678711 51.92068099975586 52.02637481689453 51.957672119140625 52.211334228515625 51.91804122924805 51.6458854675293 51.9365348815918 51.75950241088867 51.46885299682617 50.966819763183594 49.84121322631836 48.69182205200195 47.101173400878906 44.92394256591797 44.65707015991211 43.37556838989258 41.2115478515625 39.95117950439453 38.82292938232422 36.97069549560547 35.95342254638672 33.5198860168457 32.48411560058594 31.19204330444336 29.981882095336914 28.018672943115234 26.900991439819336 24.361764907836914 23.584936141967773 22.147539138793945 21.183109283447266 19.312379837036133 18.643884658813477 17.391447067260742 16.252626419067383 13.887791633605957 12.254866600036621 10.685356140136719 9.464625358581543 7.329668045043945 5.797148704528809 4.272556781768799 3.0808913707733154 1.152031421661377 -0.6658530235290527 -1.0569095611572266 -1.8125998973846436 -4.312191009521484 -6.124791145324707 -7.149992942810059 -8.560967445373535 -9.53860855102539 -11.24551773071289 -13.031694412231445 -14.606490135192871 -16.149578094482422 -17.78778839111328 -19.045509338378906 -19.986160278320312 -21.81989860534668 -23.072336196899414 -24.182090759277344 -25.77273941040039 -27.284120559692383 -29.1442813873291 -30.724361419677734 -31.64915657043457 -33.271514892578125 -35.26378631591797 -37.70524978637695 -39.12150573730469 -40.08858108520508 -41.325164794921875 -42.91053009033203 -44.66499710083008 -46.32963180541992 -46.62556457519531 -47.825157165527344 -49.10401916503906 -51.725154876708984 -53.44791793823242 -54.4784049987793 -55.878807067871094 -57.337345123291016 -59.01254653930664 -60.37595748901367 -61.940185546875 -62.685306549072266 -62.98652648925781 -63.00766372680664 -62.98652648925781 -63.08693313598633 -63.414573669433594 -63.67351531982422 