LTE(1) or 5G(2)
2 2 2 2 2 2 2 2 2 2 2 2 2 2 2 2 2 2 2 2 2 2 2 2 2 2 2 2 2 2 2 2 2 2 2 2 2 2 2 2 2 2 2 2 2 2 2 2 2 1 1 2 2 2 2 2 2 2 2 2 2 2 2 1 2 2 2 2 2 2 2 2 1 1 1 2 2 2 2 2 2 2 2 2 2 2 2 2 2 2 2 2 2 2 2 2 2 2 2 2 2 2 2 1 1 2 2 2 1 1 1 1 2 2 2 2 2 2 2 2 2 2 2 2 2 2 2 1 1 1 1 1 1 1 1 1 1 1 1 1 2 2 2 2 2 2 2 2 2 2 2 2 2 2 2 2 2 2 2 2 2 2 2 2 2 2 2 2 2 2 2 2 2 2 2 2 2 2 2 2 2 2 2 2 2 2 2 2 2 2 2 2 2 2 2 2 2 2 2 2 2 2 2 2 2 2 2 2 2 2 2 2 2 2 2 2 2 2 2 1 1 2 2 2 2 2 2 2 2 2 2 2 2 2 2 2 2 2 2 2 2 2 2 2 2 2 2 2 2 2 2 2 2 2 2 2 2 2 2 2 2 2 2 2 2 2 1 1 2 2 2 2 2 2 2 2 2 2 2 2 2 2 2 2 2 2 2 2 2 2 2 2 2 2 2 2 2 2 2 2 2 2 2 2 2 2 2 2 2 2 2 2 2 2 2 2 2 2 2 2 2 2 2 2 2 2 2 
SNR of LTE
12 12 12 12 12 11 11 11 11 11 11 8 8 8 8 8 8 8 8 7 7 7 7 7 7 6 6 6 6 6 6 6 6 5 5 5 5 4 4 4 4 2 2 1 1 1 1 -1 -1 -1 -1 -2 -2 -2 -3 -3 -3 -4 -4 -4 -4 -3 -3 -3 -4 -4 -4 -4 -4 -4 -4 -4 -4 -4 -4 -4 -4 -3 -3 -3 -3 -3 -3 -3 -3 -3 -4 -4 -4 -3 -3 -3 -3 -3 -3 -3 -3 -3 -3 -3 -4 -4 -4 -4 -4 -4 -4 -4 -4 -4 -4 -5 -5 -5 -5 -5 -4 -4 -4 -4 -4 -4 -4 -4 -5 -5 -4 -4 -4 -4 -4 -4 -3 -3 -3 -3 -3 -3 -3 -3 -2 -2 -2 -2 -1 -1 -1 -1 -1 -1 0 0 0 0 0 0 0 0 1 1 1 1 2 2 2 2 2 1 0 0 0 0 0 0 0 0 -1 -1 -1 -1 -1 -1 -3 -3 -3 -4 -5 -5 -5 -5 -5 -5 -5 -5 -5 -5 -5 -5 -5 -5 -5 -5 -5 -5 -5 -5 -5 -5 -5 -5 -4 -4 -4 -4 -4 -4 -3 -3 -3 -3 -3 -1 -1 -1 -1 -1 -1 -1 -1 -1 -1 0 0 0 0 0 0 0 0 0 0 0 0 0 0 0 0 0 0 0 0 0 0 -1 -1 -1 -1 0 0 0 0 -1 -1 0 0 0 0 0 0 0 0 0 0 0 0 0 -1 -1 -1 -1 -2 -2 -2 -2 -2 -2 -2 -2 -1 -1 -1 -1 -1 -1 -1 -1 -1 -1 0 0 0 0 2 2 2 3 5 5 5 5 5 5 5 5 6 6 6 6 6 5 5 5 5 5 5 5 5 
SNR of 5G
12 12 12 12 12 4 4 4 4 4 4 3 3 2 2 1 1 1 1 0 0 0 0 -3 -3 2 2 3 3 3 3 3 3 2 2 0 0 0 0 0 0 -1 -1 -2 -2 -3 -3 -2 -2 0 0 1 1 1 1 1 1 0 0 0 0 -2 -2 0 3 3 3 3 3 3 0 0 0 0 0 -1 -4 -3 -3 4 4 5 5 5 3 -1 -1 0 0 1 -2 1 1 0 0 -2 -2 -2 -2 -2 -2 -4 -4 0 0 -2 -2 -7 0 0 0 0 3 3 3 3 0 0 -1 -1 4 4 4 4 0 0 -3 0 0 0 0 0 0 0 0 0 0 0 0 0 -2 -2 -1 -1 1 1 1 0 -1 -1 0 0 -1 -1 -1 -1 -2 -2 0 0 0 0 -1 -1 0 0 0 0 0 0 1 1 0 0 -2 -2 -2 -2 -3 -3 -3 -3 -1 -1 -1 -1 -2 -2 -1 -1 1 1 3 3 3 3 3 3 3 3 3 3 3 3 2 2 1 1 -1 -1 -1 -1 0 0 -1 -1 0 0 0 0 0 2 2 2 2 2 2 1 1 2 2 2 2 2 2 2 2 2 2 3 3 3 3 3 3 3 3 3 3 3 3 3 3 2 2 2 2 1 1 0 0 0 0 -1 -1 -1 0 0 0 0 -1 -1 -2 -2 -2 -2 -3 -3 2 2 0 0 0 0 -1 -1 3 0 4 4 4 4 2 2 2 2 0 0 0 0 1 1 0 0 2 2 2 2 5 5 6 6 6 6 10 10 10 10 12 12 10 10 6 6 3 3 2 
RSSI
-51 -51 -51 -51 -51 -51 -51 -51 -51 -51 -51 -51 -51 -51 -51 -51 -51 -51 -51 -51 -51 -51 -51 -51 -51 -51 -51 -51 -51 -51 -51 -51 -51 -51 -51 -51 -51 -51 -51 -51 -51 -51 -51 -51 -51 -51 -51 -51 -51 -51 -51 -51 -51 -51 -51 -51 -51 -51 -51 -51 -51 -51 -51 -51 -51 -51 -51 -51 -51 -51 -51 -51 -51 -51 -51 -51 -51 -51 -51 -51 -51 -51 -51 -51 -51 -51 -51 -51 -51 -51 -51 -51 -51 -51 -51 -51 -51 -51 -51 -51 -51 -51 -51 -51 -51 -51 -51 -51 -51 -51 -51 -51 -51 -51 -51 -51 -51 -51 -51 -51 -51 -51 -51 -51 -51 -51 -51 -51 -51 -51 -51 -51 -51 -51 -51 -51 -51 -51 -51 -51 -51 -51 -51 -51 -51 -51 -51 -51 -51 -51 -51 -51 -51 -51 -51 -51 -51 -51 -51 -51 -51 -51 -51 -51 -51 -51 -51 -51 -51 -51 -51 -51 -51 -51 -51 -51 -51 -51 -51 -51 -51 -51 -51 -51 -51 -51 -51 -51 -51 -51 -51 -51 -51 -51 -51 -51 -51 -51 -51 -51 -51 -51 -51 -51 -51 -51 -51 -51 -51 -51 -51 -51 -51 -51 -51 -51 -51 -51 -51 -51 -51 -51 -51 -51 -51 -51 -51 -51 -51 -51 -51 -51 -51 -51 -51 -51 -51 -51 -51 -51 -51 -51 -51 -51 -51 -51 -51 -51 -51 -51 -51 -51 -51 -51 -51 -51 -51 -51 -51 -51 -51 -51 -51 -51 -51 -51 -51 -51 -51 -51 -51 -51 -51 -51 -51 -51 -51 -51 -51 -51 -51 -51 -51 -51 -51 -51 -51 -51 -51 -51 -51 -51 -51 -51 -51 -51 -51 -51 -51 -51 -51 -51 -51 -51 -51 -51 -51 -51 -51 -51 -51 -51 -51 -51 -51 -51 -51 -51 -51 -51 -51 -51 -51 -51 -51 -51 -51 
RSRP
-67 -67 -67 -67 -67 -68 -68 -68 -68 -68 -68 -68 -68 -68 -68 -68 -68 -68 -68 -69 -69 -69 -69 -69 -69 -69 -69 -69 -69 -69 -69 -69 -69 -69 -69 -69 -69 -69 -69 -69 -69 -71 -71 -72 -72 -72 -72 -74 -74 -74 -74 -76 -76 -76 -77 -77 -77 -78 -78 -78 -78 -79 -79 -79 -79 -79 -79 -79 -79 -79 -80 -80 -80 -80 -79 -79 -79 -79 -79 -79 -79 -79 -79 -79 -78 -78 -79 -79 -79 -78 -78 -78 -78 -77 -77 -77 -77 -77 -77 -77 -78 -78 -78 -78 -78 -78 -78 -78 -78 -78 -78 -79 -79 -79 -79 -79 -79 -79 -79 -79 -79 -79 -79 -79 -79 -79 -79 -79 -79 -79 -79 -79 -79 -79 -79 -79 -78 -78 -78 -77 -77 -77 -77 -77 -77 -77 -77 -77 -77 -77 -75 -75 -75 -75 -75 -74 -74 -74 -74 -74 -74 -74 -74 -74 -74 -74 -74 -74 -74 -74 -74 -74 -74 -75 -75 -75 -75 -75 -75 -75 -75 -75 -77 -77 -77 -78 -78 -78 -78 -78 -79 -79 -79 -79 -79 -79 -79 -79 -79 -79 -79 -79 -79 -79 -80 -80 -80 -80 -80 -80 -78 -78 -77 -77 -77 -77 -76 -76 -76 -76 -76 -75 -75 -75 -75 -74 -74 -73 -73 -73 -73 -73 -73 -72 -72 -73 -73 -73 -73 -73 -73 -73 -73 -73 -73 -73 -73 -73 -73 -73 -73 -73 -73 -73 -73 -73 -73 -74 -74 -74 -74 -74 -74 -74 -74 -74 -74 -74 -74 -75 -75 -75 -75 -75 -75 -75 -75 -75 -75 -75 -76 -76 -77 -77 -76 -76 -76 -76 -76 -76 -76 -76 -76 -74 -74 -74 -74 -74 -73 -72 -72 -72 -71 -71 -71 -70 -70 -70 -70 -70 -70 -70 -70 -70 -69 -69 -69 -69 -69 -70 -70 -70 -70 -70 -70 -70 -70 
CID
13678086 13678086 13678086 13678086 13678086 13678086 13678086 13678086 13678086 13678086 13678086 13678086 13678086 13678086 13678086 13678086 13678086 13678086 13678086 13678086 13678086 13678086 13678086 13678086 13678086 13678086 13678086 13678086 13678086 13678086 13678086 13678086 13678086 13678086 13678086 13678086 13678086 13678086 13678086 13678086 13678086 13769742 13769742 13769742 13769742 13769742 13769742 13769742 13769742 13678086 13678086 13678086 13678086 13678086 13769742 13769742 13769742 13769742 13769742 13769742 13769742 13769742 13769742 13769742 13792261 13792261 13792261 13792261 13792261 13792261 13792261 13792261 13792261 13769742 13769742 13769742 13769742 13769742 13678086 13678086 13678086 13769742 13769742 13769742 13769742 13769742 13769742 13769742 13769742 13769742 13769742 13769742 13769742 13769742 13769742 13769742 13769742 13769742 13769742 13769742 13769742 13769742 13769742 13769742 13769742 13769742 13769742 13769742 13769742 13769742 13769742 13769742 13769742 13769742 13769742 13769742 13678088 13678088 13792526 13678088 13678088 13678088 13678088 13678088 13678088 13678088 13678088 13678088 13792526 13792526 13792526 13792526 13792526 13792526 13792526 13792526 13792526 13792526 13792526 13792526 13792526 13792526 13792526 13792526 13792526 13792526 13792526 13792526 13792526 13792526 13792526 13792526 13792526 13792526 13792526 13792526 13792526 13792526 13792526 13792526 13792526 13792526 13792526 13792526 13792526 13792526 13792526 13678086 13678086 13678086 13678086 13678086 13678086 13678086 13678086 13678086 13678086 13678086 13678086 13678086 13678086 13678086 13678086 13678086 13678086 13678086 13678086 13678086 13678086 13678086 13678086 13678086 13678086 13678086 13678086 13678086 13792260 13792260 13792260 13792260 13792260 13792260 13792260 13792260 13678086 13678086 13678086 13678086 13678086 13678086 13678086 13678086 13678086 13678086 13678086 13678086 13678086 13678086 13678086 13678086 13678086 13678086 13678086 13678086 13678086 13678086 13678086 13678086 13678086 13678086 13678086 13678086 13678086 13678086 13678086 13678086 13678086 13678086 13678086 13678086 13678086 13678086 13678086 13678086 13678086 13678086 13678086 13678086 13678086 13678086 13678086 13678086 13678086 13678086 13678086 13678086 13678086 13678086 13678086 13678086 13678086 13769742 13769742 13769742 13769742 13769742 13769742 13769742 13769742 13769742 13769742 13769742 13769742 13769742 13769742 13769742 13769742 13769742 13769742 13769742 13769742 13769742 13678086 13678086 13678086 13678086 13678086 13678086 13678086 13678086 13678086 13678086 13678086 13678086 13678086 13678086 13678086 13678086 13678086 13678086 13678086 13678086 13678086 13678086 13678086 13678086 13678086 13678086 13678086 13678086 13678086 13678086 13678086 13678086 13678086 13678086 13678086 13678086 13678086 13678086 13678086 13678086 13678086 13678086 13678086 13678086 13678086 
RSRP of 5G
-79 -79 -79 -79 -79 -79 -79 -79 -79 -79 -79 -81 -81 -81 -81 -86 -86 -86 -86 -84 -84 -86 -86 -90 -90 -82 -82 -82 -82 -82 -82 -82 -82 -88 -88 -84 -84 -87 -87 -87 -87 -102 -102 -95 -95 -86 -86 -86 -86 -86 -86 -83 -83 -83 -84 -84 -84 -88 -88 -83 -83 -83 -83 -83 -84 -84 -84 -84 -84 -84 -117 -85 -85 -85 -85 -104 -86 -85 -85 -83 -83 -82 -82 -82 -78 -83 -83 -80 -80 -81 -81 -80 -80 -83 -83 -87 -87 -84 -84 -89 -89 -86 -86 -89 -89 -96 -96 -129 -129 -129 -129 -129 -86 -86 -86 -86 -84 -84 -85 -85 -82 -82 -82 -82 -100 -100 -138 -138 -138 -138 -138 -138 -138 -138 -138 -138 -138 -138 -138 -138 -88 -88 -87 -87 -87 -87 -97 -87 -88 -88 -89 -89 -89 -89 -88 -88 -101 -84 -105 -81 -85 -85 -115 -115 -117 -117 -92 -92 -88 -88 -81 -81 -81 -81 -82 -82 -82 -82 -113 -82 -82 -82 -81 -81 -81 -81 -81 -81 -80 -80 -78 -78 -77 -77 -77 -77 -79 -79 -79 -79 -79 -79 -79 -79 -76 -76 -77 -77 -93 -77 -82 -82 -83 -83 -90 -90 -81 -81 -90 -90 -90 -84 -84 -85 -85 -83 -83 -83 -83 -84 -84 -85 -85 -86 -86 -87 -87 -85 -85 -79 -79 -79 -79 -79 -79 -79 -79 -79 -79 -79 -79 -79 -79 -80 -80 -82 -82 -87 -87 -83 -83 -83 -83 -99 -82 -128 -128 -128 -82 -82 -85 -85 -83 -83 -85 -85 -80 -80 -86 -86 -86 -86 -84 -84 -83 -83 -86 -79 -80 -80 -83 -83 -83 -83 -80 -80 -84 -84 -82 -82 -87 -87 -86 -86 -84 -84 -82 -82 -81 -81 -80 -80 -80 -80 -76 -76 -76 -76 -73 -73 -77 -77 -83 -83 -86 -86 -80 
CQI
2147483647 2147483647 2147483647 2147483647 2147483647 2147483647 2147483647 2147483647 2147483647 2147483647 2147483647 2147483647 2147483647 2147483647 2147483647 2147483647 2147483647 2147483647 2147483647 2147483647 2147483647 2147483647 2147483647 2147483647 2147483647 2147483647 2147483647 2147483647 2147483647 2147483647 2147483647 2147483647 2147483647 2147483647 2147483647 2147483647 2147483647 2147483647 2147483647 2147483647 2147483647 2147483647 2147483647 2147483647 2147483647 2147483647 2147483647 2147483647 2147483647 2147483647 2147483647 2147483647 2147483647 2147483647 2147483647 2147483647 2147483647 2147483647 2147483647 2147483647 2147483647 2147483647 2147483647 2147483647 2147483647 2147483647 2147483647 2147483647 2147483647 2147483647 2147483647 2147483647 2147483647 2147483647 2147483647 2147483647 2147483647 2147483647 2147483647 2147483647 2147483647 2147483647 2147483647 2147483647 2147483647 2147483647 2147483647 2147483647 2147483647 2147483647 2147483647 2147483647 2147483647 2147483647 2147483647 2147483647 2147483647 2147483647 2147483647 2147483647 2147483647 2147483647 2147483647 2147483647 2147483647 2147483647 2147483647 2147483647 2147483647 2147483647 2147483647 2147483647 2147483647 2147483647 2147483647 2147483647 2147483647 2147483647 2147483647 2147483647 2147483647 2147483647 2147483647 2147483647 2147483647 2147483647 2147483647 2147483647 2147483647 2147483647 2147483647 2147483647 2147483647 2147483647 2147483647 2147483647 2147483647 2147483647 2147483647 2147483647 2147483647 2147483647 2147483647 2147483647 2147483647 2147483647 2147483647 2147483647 2147483647 2147483647 2147483647 2147483647 2147483647 2147483647 2147483647 2147483647 2147483647 2147483647 2147483647 2147483647 2147483647 2147483647 2147483647 2147483647 2147483647 2147483647 2147483647 2147483647 2147483647 2147483647 2147483647 2147483647 2147483647 2147483647 2147483647 2147483647 2147483647 2147483647 2147483647 2147483647 2147483647 2147483647 2147483647 2147483647 2147483647 2147483647 2147483647 2147483647 2147483647 2147483647 2147483647 2147483647 2147483647 2147483647 2147483647 2147483647 2147483647 2147483647 2147483647 2147483647 2147483647 2147483647 2147483647 2147483647 2147483647 2147483647 2147483647 2147483647 2147483647 2147483647 2147483647 2147483647 2147483647 2147483647 2147483647 2147483647 2147483647 2147483647 2147483647 2147483647 2147483647 2147483647 2147483647 2147483647 2147483647 2147483647 2147483647 2147483647 2147483647 2147483647 2147483647 2147483647 2147483647 2147483647 2147483647 2147483647 2147483647 2147483647 2147483647 2147483647 2147483647 2147483647 2147483647 2147483647 2147483647 2147483647 2147483647 2147483647 2147483647 2147483647 2147483647 2147483647 2147483647 2147483647 2147483647 2147483647 2147483647 2147483647 2147483647 2147483647 2147483647 2147483647 2147483647 2147483647 2147483647 2147483647 2147483647 2147483647 2147483647 2147483647 2147483647 2147483647 2147483647 2147483647 2147483647 2147483647 2147483647 2147483647 2147483647 2147483647 2147483647 2147483647 2147483647 2147483647 2147483647 2147483647 2147483647 2147483647 2147483647 2147483647 2147483647 2147483647 2147483647 2147483647 2147483647 2147483647 2147483647 2147483647 2147483647 2147483647 2147483647 2147483647 2147483647 2147483647 2147483647 2147483647 2147483647 2147483647 2147483647 2147483647 2147483647 2147483647 2147483647 2147483647 2147483647 2147483647 2147483647 2147483647 2147483647 2147483647 2147483647 2147483647 2147483647 2147483647 2147483647 2147483647 2147483647 
Altitude
-63.477989196777344 -62.85441207885742 -62.23611831665039 -61.27961730957031 -60.12229919433594 -57.92921447753906 -55.79954147338867 -53.84954071044922 -52.079219818115234 -50.21377182006836 -48.13166046142578 -45.88572692871094 -44.247520446777344 -42.27109909057617 -40.326385498046875 -38.30768585205078 -36.03004837036133 -34.370697021484375 -32.31501007080078 -30.349157333374023 -28.245908737182617 -26.37517738342285 -24.409326553344727 -22.38006019592285 -20.38250160217285 -18.25811195373535 -16.16543197631836 -14.014620780944824 -12.154459953308105 -9.781698226928711 -7.910967826843262 -5.813002586364746 -3.693898916244507 -1.632925271987915 0.14268279075622559 2.1296727657318115 4.082313060760498 6.145929336547852 8.111781120300293 9.308731079101562 10.730274200439453 11.847955703735352 12.67498779296875 13.502019882202148 14.07275104522705 14.728034973144531 15.364822387695312 15.93291187286377 16.26848030090332 16.437585830688477 16.7335205078125 16.9422607421875 17.283113479614258 17.51034927368164 17.48392677307129 17.584333419799805 17.75872230529785 17.777217864990234 17.721731185913086 17.77457618713379 17.6133975982666 17.653032302856445 17.8221378326416 17.853845596313477 17.964820861816406 18.17620277404785 18.152421951293945 18.424575805664062 18.477420806884766 18.498559951782227 18.41400718688965 18.186771392822266 18.281892776489258 18.39815330505371 19.22518539428711 21.405061721801758 23.67741584777832 24.80830955505371 26.018470764160156 27.66196632385254 29.458711624145508 31.33208465576172 33.31907272338867 35.197731018066406 37.31419372558594 38.99467849731445 40.44528579711914 41.08736038208008 42.30280685424805 43.29629898071289 43.87495803833008 44.4694709777832 45.243656158447266 45.71398162841797 46.00463104248047 46.41946792602539 46.64670181274414 46.9664192199707 47.317840576171875 47.61377716064453 47.33369445800781 47.01133728027344 47.92820739746094 48.05767822265625 47.81987380981445 48.221500396728516 48.42759704589844 48.83450698852539 48.97983169555664 49.228206634521484 49.175357818603516 49.06966781616211 49.098731994628906 49.151580810546875 48.887351989746094 48.311336517333984 48.78694534301758 48.84507369995117 48.34304428100586 47.65340805053711 46.63613510131836 45.47617721557617 44.556663513183594 43.33857727050781 41.193050384521484 39.126792907714844 38.22842025756836 36.780452728271484 35.773746490478516 34.1751708984375 32.573951721191406 31.273954391479492 29.910541534423828 28.502208709716797 27.051599502563477 25.360544204711914 24.44896125793457 23.521522521972656 22.987783432006836 22.10262107849121 21.925588607788086 21.169898986816406 20.9743709564209 20.805265426635742 20.406280517578125 20.0284366607666 19.66115951538086 18.955673217773438 18.746932983398438 18.80770492553711 19.005876541137695 19.087787628173828 18.984737396240234 18.744291305541992 18.707298278808594 18.540836334228516 18.25811195373535 18.36908721923828 18.2686824798584 18.168275833129883 18.25811195373535 18.20526695251465 18.7310791015625 19.309738159179688 19.988801956176758 20.08392333984375 20.38250160217285 22.081483840942383 24.353837966918945 25.34204864501953 26.19550323486328 28.053022384643555 29.72029685974121 31.8499698638916 33.60443878173828 35.38004684448242 37.25077819824219 38.87841796875 40.136138916015625 41.14548873901367 42.2393913269043 43.06378173828125 43.74284362792969 44.6332893371582 44.960933685302734 45.57394027709961 46.033695220947266 46.35076904296875 46.678409576416016 46.950565338134766 47.12759780883789 47.29670333862305 47.43410110473633 47.394466400146484 48.00218963623047 48.08409881591797 48.739383697509766 49.34710693359375 48.96662139892578 48.934913635253906 49.114585876464844 49.21235275268555 49.29161834716797 49.27048110961914 49.21235275268555 49.21499252319336 49.442230224609375 49.24406051635742 49.55056381225586 49.030033111572266 49.14629364013672 48.76580810546875 47.69568634033203 46.229225158691406 44.67292404174805 42.98979568481445 41.483699798583984 39.94061279296875 39.2430534362793 37.73695755004883 36.209720611572266 34.225372314453125 32.97293472290039 31.78127098083496 30.066434860229492 28.782289505004883 27.95261573791504 25.225788116455078 24.68412208557129 23.682701110839844 22.913799285888672 22.390628814697266 21.851604461669922 21.49225616455078 20.977012634277344 20.585956573486328 20.345508575439453 19.975589752197266 19.941240310668945 19.233112335205078 18.234333038330078 19.100997924804688 19.354656219482422 18.480064392089844 18.916038513183594 20.025793075561523 20.131484985351562 19.75892448425293 19.7668514251709 19.708721160888672 19.407501220703125 18.976810455322266 19.103639602661133 18.98209571838379 19.053436279296875 19.169696807861328 19.17498207092285 19.07193374633789 19.074575424194336 18.934534072875977 19.325592041015625 19.19611930847168 19.11421012878418 19.124778747558594 18.45363998413086 17.439006805419922 16.59347915649414 14.61441707611084 13.36462116241455 12.574581146240234 11.575801849365234 10.109339714050293 8.621739387512207 6.412798881530762 4.341256141662598 2.333127975463867 0.7847553491592407 -0.6922757625579834 -1.8178844451904297 -3.0491840839385986 -4.248776435852051 -6.045522689819336 -6.732513904571533 -8.1170654296875 -8.983731269836426 -10.204462051391602 -11.06584358215332 -12.793889999389648 -14.474376678466797 -16.360960006713867 -18.400794982910156 -20.599166870117188 -21.86745834350586 -22.966644287109375 -24.657699584960938 -26.406885147094727 -27.680461883544922 -28.261760711669922 -28.959321975708008 -30.808914184570312 -31.7971248626709 -33.1763916015625 -35.24793243408203 -37.208499908447266 -38.630043029785156 -40.749149322509766 -41.9487419128418 -43.2381706237793 -43.703208923339844 -45.07719421386719 -46.84223175048828 -47.36540222167969 -48.94548034667969 -50.14507293701172 -51.31824493408203 -53.47962188720703 -55.83124923706055 -56.4019775390625 -58.35197830200195 -59.94791030883789 -62.11457443237305 -62.60603713989258 -63.525550842285156 -64.5877456665039 -65.01050567626953 -65.03692626953125 -65.11619567871094 