LTE(1) or 5G(2)
2 2 2 2 2 2 2 2 2 2 2 2 2 2 2 2 2 2 2 2 2 2 2 2 2 2 2 2 2 2 2 2 2 2 2 2 2 2 2 2 2 2 2 2 2 2 2 2 2 2 2 2 2 2 2 2 2 2 2 2 2 2 2 2 2 2 2 2 2 2 2 2 2 2 2 2 2 2 2 2 2 2 2 2 2 2 2 2 2 2 2 2 2 2 2 2 2 2 2 2 2 2 2 2 2 2 2 2 2 2 2 2 2 2 2 2 2 2 2 2 2 2 2 2 2 2 2 2 2 2 2 2 2 2 2 2 2 2 2 2 2 2 2 2 2 2 2 2 2 2 2 2 2 2 2 2 2 2 2 2 2 2 2 2 2 2 2 2 2 2 2 2 2 2 2 2 2 2 2 2 2 2 2 2 2 2 2 2 2 2 2 2 2 2 2 2 2 2 2 2 2 2 2 2 2 2 2 2 2 2 2 2 2 2 2 2 2 2 2 2 2 2 2 2 2 2 2 2 2 2 2 2 2 2 2 2 2 2 2 2 2 2 2 2 2 2 2 2 2 2 2 2 2 1 1 1 2 2 2 2 2 2 2 2 2 2 2 2 2 2 2 2 2 2 2 2 2 2 2 2 2 2 2 2 2 2 2 2 2 2 2 2 2 2 2 2 2 2 2 2 2 2 2 2 2 2 2 2 2 2 2 2 2 2 2 2 2 2 2 2 2 2 2 2 2 2 2 2 2 2 2 2 2 2 2 2 2 2 2 2 2 2 2 2 2 2 2 2 2 2 2 2 2 2 2 2 2 2 2 2 2 2 2 2 2 2 2 2 2 2 2 2 2 2 2 2 2 2 2 2 2 2 2 2 
SNR of LTE
-1 -1 -1 -1 0 0 0 0 0 0 0 0 0 0 1 1 1 1 1 2 2 2 3 3 3 3 3 2 2 2 2 2 2 2 2 2 2 2 2 2 1 1 1 1 1 1 1 1 1 1 1 1 1 1 1 1 1 1 1 1 1 1 0 0 0 0 0 0 -3 -3 -3 -3 -3 -3 -4 -4 -4 -4 -4 -4 -4 -4 -4 -4 -4 -4 -4 -4 -4 -4 -4 -4 -4 -4 -3 -3 -3 -3 -3 -3 -3 -3 -2 -2 -2 -2 -2 -2 -1 -1 -1 -1 -1 -1 -1 -1 0 0 0 0 0 0 0 0 0 0 0 0 -1 -1 0 0 0 0 0 0 -1 -1 -1 -1 -1 -1 -1 -1 -1 -1 0 0 0 0 0 0 0 0 0 0 -1 -1 -1 -1 -1 -1 -1 -1 0 0 0 0 0 0 0 0 0 0 0 0 0 0 0 0 0 0 0 0 1 1 1 1 0 0 0 0 0 0 -1 -1 -1 -1 -2 -2 -2 -2 -2 -2 -2 -2 -3 -3 -3 -3 -3 -3 -3 -3 -3 -3 -3 -3 -4 -4 -5 -5 -4 -4 -6 -6 -6 -6 -6 -6 -7 -7 -7 -7 -7 -7 -7 -7 -7 -7 -7 -7 -7 -7 -7 -7 -6 -6 -6 -6 -6 -6 -6 -6 -5 -5 -5 -5 -5 -5 -5 -5 -5 -5 -5 -5 -4 -4 -3 -3 -3 -3 -3 -4 -4 -4 -4 -4 -3 -3 -3 -3 -3 -3 -2 -2 -2 -2 -2 -2 -3 -3 -3 -5 -5 -5 -5 -5 -5 -5 -5 -5 -4 -4 -5 -5 -5 -5 -5 -5 -5 -5 -5 -5 -5 -5 -5 -2 -2 -2 -2 -2 -2 -2 -1 -1 -1 -1 -1 -1 -1 -1 0 0 0 0 0 0 0 0 0 0 0 0 0 0 1 1 1 1 2 2 2 2 2 2 2 2 2 2 2 2 2 2 2 2 2 2 2 2 2 2 2 2 2 2 2 2 1 1 1 1 1 1 
SNR of 5G
11 11 11 11 -2 -2 -2 -2 12 12 12 12 12 12 6 6 6 6 6 2 2 2 0 0 0 0 -2 -3 5 5 5 5 5 5 4 4 4 4 4 4 2 2 3 3 3 3 3 3 3 3 3 3 3 3 3 3 3 3 3 3 3 3 4 4 4 4 4 4 4 4 4 4 4 4 4 4 4 4 4 4 1 1 0 0 0 0 0 0 0 0 0 0 -2 -3 5 5 5 5 7 7 7 7 8 8 8 8 8 8 8 8 8 8 8 8 5 5 5 5 5 5 5 5 5 5 5 5 5 5 2 2 3 3 1 1 -3 -3 -3 -3 1 1 2 2 0 0 0 0 -1 -1 -2 -2 -2 -2 -2 -2 0 0 -2 -2 -2 -2 -2 -2 -2 -2 0 0 2 2 3 3 3 3 3 3 3 3 2 2 2 2 2 2 1 1 -1 -1 1 1 4 4 4 4 2 1 -3 -3 -2 -2 -4 -4 -4 -7 0 0 0 0 0 0 1 1 2 2 3 3 3 3 3 3 5 5 2 2 0 0 0 0 1 1 -1 -1 1 1 0 0 -1 -1 0 0 2 2 4 4 4 4 1 1 -1 -2 5 1 -5 -5 -5 0 0 0 3 3 3 3 3 3 3 3 3 3 3 3 2 2 3 3 3 4 4 4 0 0 -1 -1 0 0 -1 -1 0 0 0 0 -1 -1 -4 -3 1 1 0 0 0 0 0 0 0 0 -1 -1 -1 -1 -1 -1 5 5 5 5 5 5 5 5 5 4 4 4 4 4 4 4 2 2 3 3 3 3 3 3 4 4 4 4 4 4 4 4 4 4 4 4 4 4 3 3 3 3 3 2 6 6 2 2 3 3 4 4 4 6 6 6 6 6 6 6 6 6 6 5 5 8 8 8 8 8 11 11 11 11 9 9 
RSSI
-51 -51 -51 -51 -51 -51 -51 -51 -51 -51 -51 -51 -51 -51 -51 -51 -51 -51 -51 -51 -51 -51 -51 -51 -51 -51 -51 -51 -51 -51 -51 -51 -51 -51 -51 -51 -51 -51 -51 -51 -51 -51 -51 -51 -51 -51 -51 -51 -51 -51 -51 -51 -51 -51 -51 -51 -51 -51 -51 -51 -51 -51 -51 -51 -51 -51 -51 -51 -51 -51 -51 -51 -51 -51 -51 -51 -51 -51 -51 -51 -51 -51 -51 -51 -51 -51 -51 -51 -51 -51 -51 -51 -51 -51 -51 -51 -51 -51 -51 -51 -51 -51 -51 -51 -51 -51 -51 -51 -51 -51 -51 -51 -51 -51 -51 -51 -51 -51 -51 -51 -51 -51 -51 -51 -51 -51 -51 -51 -51 -51 -51 -51 -51 -51 -51 -51 -51 -51 -51 -51 -51 -51 -51 -51 -51 -51 -51 -51 -51 -51 -51 -51 -51 -51 -51 -51 -51 -51 -51 -51 -51 -51 -51 -51 -51 -51 -51 -51 -51 -51 -51 -51 -51 -51 -51 -51 -51 -51 -51 -51 -51 -51 -51 -51 -51 -51 -51 -51 -51 -51 -51 -51 -51 -51 -51 -51 -51 -51 -51 -51 -51 -51 -51 -51 -51 -51 -51 -51 -51 -51 -51 -51 -51 -51 -51 -51 -51 -51 -51 -51 -51 -51 -51 -51 -51 -51 -51 -51 -51 -51 -51 -51 -51 -51 -51 -51 -51 -51 -51 -51 -51 -51 -51 -51 -51 -51 -51 -51 -51 -51 -51 -51 -51 -51 -51 -51 -51 -51 -51 -51 -51 -51 -51 -51 -51 -51 -51 -51 -51 -51 -51 -51 -51 -51 -51 -51 -51 -51 -51 -51 -51 -51 -51 -51 -51 -51 -51 -51 -51 -51 -51 -51 -51 -51 -51 -51 -51 -51 -51 -51 -51 -51 -51 -51 -51 -51 -51 -51 -51 -51 -51 -51 -51 -51 -51 -51 -51 -51 -51 -51 -51 -51 -51 -51 -51 -51 -51 -51 -51 -51 -51 -51 -51 -51 -51 -51 -51 -51 -51 -51 -51 -51 -51 -51 -51 -51 -51 -51 -51 -51 -51 -51 -51 -51 -51 -51 -51 -51 -51 -51 -51 -51 -51 -51 -51 -51 -51 -51 -51 -51 -51 -51 -51 -51 -51 -51 -51 -51 -51 -51 -51 -51 -51 -51 
RSRP
-83 -83 -83 -83 -81 -81 -81 -81 -79 -77 -77 -77 -77 -77 -74 -74 -74 -74 -74 -73 -72 -72 -71 -71 -71 -71 -71 -71 -71 -71 -71 -71 -71 -71 -71 -71 -71 -71 -71 -71 -72 -72 -72 -72 -72 -72 -72 -72 -72 -72 -72 -72 -72 -72 -72 -72 -72 -72 -72 -72 -72 -72 -73 -73 -73 -73 -73 -73 -75 -75 -75 -75 -75 -75 -77 -77 -77 -77 -77 -77 -78 -78 -78 -78 -78 -78 -78 -78 -78 -78 -78 -78 -78 -78 -77 -77 -77 -77 -77 -77 -77 -77 -77 -77 -76 -76 -76 -76 -76 -76 -76 -76 -76 -76 -75 -75 -74 -74 -74 -74 -74 -74 -74 -74 -74 -74 -74 -74 -73 -73 -72 -72 -72 -72 -73 -73 -73 -73 -73 -73 -74 -74 -74 -75 -75 -75 -74 -73 -73 -73 -73 -73 -74 -74 -74 -74 -75 -75 -75 -75 -75 -75 -75 -75 -74 -73 -73 -73 -73 -73 -73 -73 -73 -73 -73 -73 -73 -73 -73 -72 -72 -72 -72 -72 -72 -72 -72 -72 -73 -73 -73 -73 -74 -74 -75 -75 -75 -75 -76 -76 -76 -78 -78 -78 -78 -78 -80 -80 -80 -80 -81 -81 -81 -81 -81 -81 -81 -81 -81 -81 -81 -81 -81 -81 -81 -81 -81 -81 -81 -81 -82 -82 -82 -82 -82 -82 -82 -82 -82 -82 -82 -82 -82 -82 -82 -82 -81 -81 -81 -81 -81 -81 -81 -81 -80 -79 -79 -79 -79 -79 -79 -79 -79 -79 -79 -79 -79 -79 -79 -79 -79 -79 -79 -80 -80 -80 -80 -80 -80 -80 -80 -80 -79 -79 -79 -79 -79 -79 -79 -79 -78 -78 -78 -78 -78 -78 -78 -78 -77 -77 -77 -77 -77 -77 -77 -77 -77 -77 -77 -77 -77 -77 -77 -77 -77 -77 -77 -76 -76 -76 -76 -76 -76 -76 -75 -75 -74 -74 -74 -74 -74 -74 -74 -74 -74 -74 -74 -74 -74 -74 -74 -74 -74 -74 -74 -74 -74 -74 -74 -74 -73 -73 -73 -73 -72 -72 -72 -72 -72 -72 -72 -72 -72 -72 -72 -72 -72 -72 -72 -72 -72 -72 -72 -72 -72 -72 -72 -72 -73 -73 -73 -73 -74 -74 
CID
13754896 13754896 13754896 13754896 13754896 13769745 13769745 13769745 13769745 13769745 13769745 13769745 13769745 13769745 13769745 13769745 13769745 13769745 13769745 13769745 13769745 13769745 13769745 13769745 13769745 13769745 13769745 13769745 13769745 13769745 13769745 13769745 13769745 13769745 13769745 13769745 13769745 13769745 13769745 13769745 13769745 13769745 13769745 13769745 13769745 13769745 13769745 13769745 13769745 13769745 13769745 13769745 13769745 13769745 13769745 13769745 13769745 13769745 13769745 13769745 13769745 13769745 13769745 13769745 13769745 13769745 13769745 13769745 13769745 13769745 13769745 13769745 13769745 13769745 13769745 13769745 13769745 13769745 13769745 13769745 13769745 13754896 13754896 13754896 13754896 13769745 13769745 13769745 13769745 13769745 13769745 13769745 13769745 13769745 13769745 13769745 13769745 13769745 13769745 13769745 13769745 13769745 13769745 13769745 13769745 13769745 13769745 13769745 13769745 13769745 13769745 13769745 13769745 13769745 13769745 13769745 13769745 13769745 13769745 13769745 13769745 13769745 13769745 13769745 13769745 13769745 13769745 13769745 13769745 13769745 13769745 13769745 13769745 13769745 13769745 13769745 13769745 13769745 13769745 13769745 13769745 13769745 13769745 13769745 13754896 13754896 13754896 13754896 13754896 13754896 13754896 13754896 13754896 13754896 13754896 13754896 13754896 13754896 13754896 13754896 13754896 13754896 13754896 13754896 13754896 13754896 13754896 13754896 13754896 13754896 13754896 13754896 13754896 13754896 13754896 13754896 13754896 13754896 13754896 13754896 13754896 13754896 13754896 13754896 13754896 13754896 13754896 13754896 13754896 13754896 13754896 13754896 13754896 13754896 13754896 13754896 13754896 13754896 13754896 13754896 13754896 13754896 13754896 13754896 13754896 13754896 13754896 13754896 13754896 13754896 13754896 13754896 13754896 13754896 13754896 13754896 13754896 13754896 13754896 13754896 13754896 13754896 13792534 13792534 13792534 13792534 13792534 13792534 13769745 13754896 13754896 13754896 13769745 13769745 13769745 13769745 13769745 13769745 13769745 13769745 13769745 13769745 13769745 13769745 13769745 13769745 13769745 13769745 13769745 13769745 13769745 13769745 13769745 13769745 13769745 13769745 13769745 13769745 13769745 13769745 13769745 13769745 13792279 13769745 13769745 13769745 13769745 13769745 13769745 13769745 13769745 13769745 13769745 13769745 13769745 13769745 13792279 13792279 13792279 13792279 13792279 13792279 13792279 13792279 13792279 13792279 13792279 13792279 13792279 13792279 13792279 13792279 13792279 13754888 13754888 13769745 13769745 13769745 13769745 13769745 13769745 13769745 13769745 13769745 13769745 13769745 13769745 13769745 13769745 13769745 13769745 13769745 13769745 13769745 13769745 13769745 13769745 13769745 13769745 13769745 13769745 13769745 13769745 13769745 13769745 13769745 13769745 13769745 13769745 13769745 13769745 13769745 13769745 13769745 13769745 13769745 13769745 13769745 13769745 13769745 13769745 13769745 13769745 13769745 13769745 13769745 13769745 13769745 13769745 13769745 13769745 13769745 13769745 13769745 13769745 13769745 13769745 13769745 13769745 13769745 13769745 13769745 13769745 13769745 13769745 13769745 13769745 13769745 13769745 13769745 13769745 13754896 13754896 13769745 13769745 13769745 13769745 13769745 13754896 13754896 13754896 13754896 13754896 13754896 
RSRP of 5G
-82 -82 -82 -82 -83 -83 -83 -83 -76 -76 -76 -76 -76 -76 -81 -81 -81 -81 -81 -80 -84 -84 -87 -87 -88 -88 -87 -81 -83 -83 -83 -83 -87 -87 -85 -85 -85 -85 -85 -85 -84 -84 -83 -83 -83 -83 -83 -83 -83 -83 -83 -83 -83 -83 -83 -83 -83 -83 -83 -83 -83 -83 -82 -82 -82 -82 -82 -82 -82 -82 -82 -82 -82 -82 -80 -80 -83 -83 -80 -80 -79 -79 -79 -79 -81 -81 -81 -81 -81 -81 -81 -81 -88 -81 -79 -79 -79 -79 -83 -83 -83 -83 -80 -80 -81 -81 -81 -81 -78 -78 -78 -78 -78 -78 -81 -81 -81 -81 -81 -81 -81 -81 -81 -81 -81 -81 -81 -81 -84 -84 -82 -82 -75 -75 -82 -82 -94 -94 -89 -89 -85 -85 -88 -88 -83 -83 -87 -87 -84 -84 -95 -95 -97 -97 -84 -84 -84 -84 -90 -90 -90 -90 -85 -85 -81 -81 -83 -83 -79 -79 -79 -79 -79 -79 -79 -79 -78 -78 -80 -80 -84 -84 -80 -80 -85 -85 -80 -80 -84 -84 -84 -84 -86 -79 -80 -80 -82 -82 -83 -83 -83 -78 -78 -78 -80 -80 -80 -80 -79 -79 -77 -77 -77 -77 -77 -77 -77 -77 -77 -77 -80 -80 -81 -81 -80 -80 -80 -80 -79 -79 -81 -81 -82 -82 -80 -80 -79 -79 -80 -80 -78 -78 -78 -78 -81 -81 -101 -82 -84 -84 -109 -109 -109 -109 -109 -109 -83 -83 -83 -83 -83 -83 -84 -83 -83 -83 -80 -80 -79 -79 -78 -78 -78 -78 -78 -78 -78 -78 -78 -78 -79 -79 -79 -79 -79 -79 -79 -79 -80 -80 -102 -80 -81 -81 -79 -79 -79 -79 -81 -81 -80 -80 -81 -81 -83 -83 -82 -82 -82 -82 -82 -82 -82 -82 -82 -82 -82 -84 -84 -84 -84 -84 -84 -84 -84 -84 -84 -84 -84 -84 -84 -84 -83 -83 -83 -83 -83 -83 -83 -83 -83 -83 -83 -83 -83 -83 -91 -91 -91 -91 -86 -78 -78 -78 -86 -86 -84 -84 -87 -87 -87 -78 -78 -78 -78 -78 -78 -78 -78 -78 -85 -86 -86 -86 -86 -86 -86 -86 -86 -86 -86 -86 -89 -89 
CQI
2147483647 2147483647 2147483647 2147483647 2147483647 2147483647 2147483647 2147483647 2147483647 2147483647 2147483647 2147483647 2147483647 2147483647 2147483647 2147483647 2147483647 2147483647 2147483647 2147483647 2147483647 2147483647 2147483647 2147483647 2147483647 2147483647 2147483647 2147483647 2147483647 2147483647 2147483647 2147483647 2147483647 2147483647 2147483647 2147483647 2147483647 2147483647 2147483647 2147483647 2147483647 2147483647 2147483647 2147483647 2147483647 2147483647 2147483647 2147483647 2147483647 2147483647 2147483647 2147483647 2147483647 2147483647 2147483647 2147483647 2147483647 2147483647 2147483647 2147483647 2147483647 2147483647 2147483647 2147483647 2147483647 2147483647 2147483647 2147483647 2147483647 2147483647 2147483647 2147483647 2147483647 2147483647 2147483647 2147483647 2147483647 2147483647 2147483647 2147483647 2147483647 2147483647 2147483647 2147483647 2147483647 2147483647 2147483647 2147483647 2147483647 2147483647 2147483647 2147483647 2147483647 2147483647 2147483647 2147483647 2147483647 2147483647 2147483647 2147483647 2147483647 2147483647 2147483647 2147483647 2147483647 2147483647 2147483647 2147483647 2147483647 2147483647 2147483647 2147483647 2147483647 2147483647 2147483647 2147483647 2147483647 2147483647 2147483647 2147483647 2147483647 2147483647 2147483647 2147483647 2147483647 2147483647 2147483647 2147483647 2147483647 2147483647 2147483647 2147483647 2147483647 2147483647 2147483647 2147483647 2147483647 2147483647 2147483647 2147483647 2147483647 2147483647 2147483647 2147483647 2147483647 2147483647 2147483647 2147483647 2147483647 2147483647 2147483647 2147483647 2147483647 2147483647 2147483647 2147483647 2147483647 2147483647 2147483647 2147483647 2147483647 2147483647 2147483647 2147483647 2147483647 2147483647 2147483647 2147483647 2147483647 2147483647 2147483647 2147483647 2147483647 2147483647 2147483647 2147483647 2147483647 2147483647 2147483647 2147483647 2147483647 2147483647 2147483647 2147483647 2147483647 2147483647 2147483647 2147483647 2147483647 2147483647 2147483647 2147483647 2147483647 2147483647 2147483647 2147483647 2147483647 2147483647 2147483647 2147483647 2147483647 2147483647 2147483647 2147483647 2147483647 2147483647 2147483647 2147483647 2147483647 2147483647 2147483647 2147483647 2147483647 2147483647 2147483647 2147483647 2147483647 2147483647 2147483647 2147483647 2147483647 2147483647 2147483647 2147483647 2147483647 2147483647 2147483647 2147483647 2147483647 2147483647 2147483647 2147483647 2147483647 2147483647 2147483647 2147483647 2147483647 2147483647 2147483647 2147483647 2147483647 2147483647 2147483647 2147483647 2147483647 2147483647 2147483647 2147483647 2147483647 2147483647 2147483647 2147483647 2147483647 2147483647 2147483647 2147483647 2147483647 2147483647 2147483647 2147483647 2147483647 2147483647 2147483647 2147483647 2147483647 2147483647 2147483647 2147483647 2147483647 2147483647 2147483647 2147483647 2147483647 2147483647 2147483647 2147483647 2147483647 2147483647 2147483647 2147483647 2147483647 2147483647 2147483647 2147483647 2147483647 2147483647 2147483647 2147483647 2147483647 2147483647 2147483647 2147483647 2147483647 2147483647 2147483647 2147483647 2147483647 2147483647 2147483647 2147483647 2147483647 2147483647 2147483647 2147483647 2147483647 2147483647 2147483647 2147483647 2147483647 2147483647 2147483647 2147483647 2147483647 2147483647 2147483647 2147483647 2147483647 2147483647 2147483647 2147483647 2147483647 2147483647 2147483647 2147483647 2147483647 2147483647 2147483647 2147483647 2147483647 2147483647 2147483647 2147483647 2147483647 2147483647 2147483647 2147483647 2147483647 2147483647 2147483647 2147483647 2147483647 2147483647 2147483647 2147483647 2147483647 2147483647 2147483647 2147483647 2147483647 2147483647 2147483647 2147483647 2147483647 2147483647 2147483647 2147483647 2147483647 2147483647 2147483647 2147483647 2147483647 2147483647 2147483647 2147483647 2147483647 2147483647 2147483647 2147483647 2147483647 2147483647 2147483647 2147483647 2147483647 2147483647 2147483647 2147483647 2147483647 2147483647 2147483647 2147483647 2147483647 2147483647 2147483647 2147483647 
Altitude
-61.72351837158203 -61.05766677856445 -60.30725860595703 -59.37717819213867 -58.647911071777344 -57.79710006713867 -56.95685577392578 -55.24994659423828 -53.42149353027344 -51.13328552246094 -48.98247528076172 -46.873939514160156 -45.056053161621094 -43.02150344848633 -40.88654708862305 -38.92069625854492 -37.007686614990234 -34.86744689941406 -32.60565948486328 -30.51826286315918 -28.494281768798828 -26.586559295654297 -24.48331069946289 -22.565019607543945 -20.435346603393555 -18.27396583557129 -16.286975860595703 -14.3369779586792 -12.154459953308105 -10.262592315673828 -8.291455268859863 -6.130075454711914 -4.269914627075195 -2.1243882179260254 -0.0317072868347168 2.1349573135375977 3.947557210922241 6.148571491241455 7.963813781738281 10.008934020996094 11.972143173217773 13.948563575744629 15.927627563476562 17.91461753845215 19.80120086669922 21.745914459228516 23.814815521240234 25.796520233154297 28.12436294555664 29.947532653808594 32.06663513183594 33.934722900390625 36.00626754760742 37.80301284790039 39.92475891113281 41.774349212646484 43.816829681396484 45.07190704345703 46.247718811035156 47.19629669189453 47.90970993041992 48.69182205200195 49.365604400634766 49.88877487182617 50.34852981567383 50.726375579833984 51.07515335083008 51.47942352294922 51.85990905761719 51.90482711791992 52.16377258300781 52.29059982299805 52.298526763916016 52.47291564941406 52.53369140625 52.73978805541992 52.69486999511719 53.04100799560547 53.09913635253906 52.451778411865234 50.945682525634766 49.220279693603516 46.73918151855469 45.60829162597656 44.69670486450195 42.98979568481445 41.87211608886719 40.28410720825195 38.76744079589844 37.25341796875 36.230857849121094 34.64020919799805 33.76033401489258 31.67822265625 29.836557388305664 28.927614212036133 26.652616500854492 25.57192611694336 22.96400260925293 22.99835205078125 21.341646194458008 19.418071746826172 17.589616775512695 17.021528244018555 14.720108032226562 12.894296646118164 12.032915115356445 11.385558128356934 10.397347450256348 9.921738624572754 9.411779403686523 7.38515567779541 6.523774147033691 4.650402069091797 3.387395143508911 0.09776413440704346 -1.3739824295043945 -2.658127546310425 -3.2499969005584717 -3.2077205181121826 -4.608125686645508 -5.046743392944336 -5.279263496398926 -5.199995040893555 -5.173572540283203 -5.363816261291504 -5.73901891708374 -6.352026462554932 -6.690237522125244 -6.711375713348389 -7.044301986694336 -7.155277729034424 -7.081294059753418 -7.076009750366211 -7.060155868530273 -6.986172199249268 -6.288611888885498 -4.898776054382324 -3.223574161529541 -1.4426815509796143 -1.4479660987854004 -1.1256086826324463 0.16382098197937012 1.9632095098495483 4.0426788330078125 5.342678070068359 6.9253997802734375 9.007512092590332 11.454257011413574 13.388401985168457 15.726814270019531 18.244901657104492 19.748355865478516 22.25587272644043 24.06847381591797 25.582496643066406 27.685745239257812 30.180051803588867 31.765417098999023 34.10382843017578 35.7261848449707 38.209922790527344 40.09386444091797 40.93674850463867 41.380653381347656 42.892032623291016 45.021705627441406 45.402191162109375 46.38511657714844 47.55036163330078 48.63369369506836 49.434303283691406 50.04202651977539 50.57576370239258 50.871700286865234 50.869056701660156 50.945682525634766 51.41072463989258 51.5877571105957 51.56925964355469 51.50056076049805 51.55076217651367 51.27861022949219 51.01966857910156 51.28389358520508 51.26275634765625 50.63125228881836 50.56255340576172 49.33125305175781 47.76966857910156 46.33755874633789 44.746910095214844 42.85504150390625 41.78227615356445 40.07536697387695 37.80565643310547 37.08695602416992 36.28899002075195 35.192447662353516 33.430049896240234 32.72456359863281 31.099563598632812 29.128427505493164 26.750381469726562 24.38554573059082 24.06583023071289 22.950790405273438 21.994287490844727 20.11827278137207 18.71786880493164 16.376813888549805 16.252626419067383 13.071329116821289 12.381695747375488 10.397347450256348 9.274381637573242 8.656089782714844 7.541049957275391 5.551417350769043 4.927840709686279 3.5010128021240234 2.090038776397705 0.22459328174591064 -1.6170716285705566 -2.467883825302124 -3.218289613723755 -4.127231597900391 -5.126011371612549 -6.093083381652832 -6.256904602050781 -6.854058265686035 -7.340236663818359 -7.514626979827881 -7.430074214935303 -8.021944046020508 -8.080073356628418 -8.18576431274414 -8.085357666015625 -7.752431869506836 -7.525196075439453 -7.662594318389893 -7.546334266662598 -6.806497573852539 -6.124791145324707 -4.486580848693848 -2.5735747814178467 -1.231299638748169 -0.9459340572357178 0.3936988115310669 2.396542549133301 3.9581263065338135 5.720522880554199 7.768285274505615 9.75527572631836 11.615436553955078 13.435962677001953 15.378034591674805 17.69795036315918 20.34815216064453 22.578229904174805 24.5599365234375 26.922128677368164 29.292247772216797 30.76927947998047 33.08391189575195 34.97049331665039 36.9337043762207 38.67232131958008 40.77821350097656 42.19975662231445 42.64630126953125 43.766624450683594 45.47617721557617 47.23064422607422 48.36418151855469 49.373531341552734 49.93633270263672 50.522918701171875 50.68145751953125 51.11478805541992 51.656455993652344 51.78856658935547 51.931251525878906 52.20869064331055 52.29059982299805 52.42271423339844 52.35929870605469 52.702796936035156 52.64994812011719 52.44121170043945 51.96824264526367 52.287960052490234 52.4597053527832 52.301170349121094 52.04751205444336 51.94974899291992 50.176780700683594 49.27312469482422 48.2030029296875 45.674346923828125 43.93837356567383 42.86560821533203 42.101993560791016 40.95524597167969 38.923336029052734 37.071102142333984 34.94935607910156 33.53045654296875 32.82761001586914 30.853832244873047 29.466638565063477 27.751802444458008 26.430665969848633 24.98270034790039 23.857091903686523 22.343067169189453 20.712785720825195 19.30709457397461 17.119293212890625 16.065025329589844 14.373970031738281 13.541653633117676 11.628647804260254 10.030071258544922 8.716861724853516 7.464423656463623 5.419303894042969 3.8180856704711914 2.1666646003723145 0.9591454267501831 -0.5813002586364746 -1.4532506465911865 -3.8365817070007324 -5.004467010498047 -6.88576602935791 -7.879261016845703 -9.924381256103516 -11.118688583374023 -13.042263984680176 -13.919498443603516 -16.20770835876465 -17.729658126831055 -19.352014541625977 -20.752418518066406 -21.883312225341797 -22.723556518554688 -24.314205169677734 -25.799161911010742 -27.527210235595703 -28.795501708984375 -30.597532272338867 -32.30972671508789 -33.17110824584961 -35.79752731323242 -36.912567138671875 -38.09101867675781 -39.110939025878906 -41.49427032470703 -43.386138916015625 -44.83938980102539 -45.388980865478516 -46.55686569213867 -48.43288040161133 -49.9918212890625 -51.10686111450195 -52.660518646240234 -54.81132888793945 -56.41254806518555 -57.585716247558594 -58.489376068115234 -59.2344970703125 -60.840999603271484 -61.59668731689453 -61.69709396362305 -61.755226135253906 -61.80807113647461 -62.045875549316406 -62.44750213623047 -62.643028259277344 -62.8121337890625 -62.997093200683594 -63.256038665771484 -63.53611755371094 -63.85847473144531 