LTE(1) or 5G(2)
2 2 2 2 2 2 2 2 2 2 2 2 2 2 2 2 2 2 2 2 2 2 2 2 2 2 2 2 2 2 2 2 2 2 2 2 2 2 2 2 1 1 1 2 2 2 2 2 2 2 2 2 2 2 2 1 1 1 2 2 1 1 2 2 2 2 2 2 2 2 2 2 2 2 2 2 2 2 2 2 2 2 2 2 2 2 2 2 2 2 2 2 2 2 2 2 2 2 2 2 2 2 2 2 2 2 1 1 2 2 2 2 2 2 2 2 2 2 2 2 2 2 2 2 2 2 2 2 2 2 2 2 2 2 2 1 1 2 2 2 2 2 2 2 2 2 2 2 1 1 1 2 2 2 2 2 2 2 2 2 2 2 2 2 2 2 2 2 2 2 2 2 2 2 2 2 2 1 1 2 2 2 2 2 2 2 2 2 2 2 2 2 2 2 2 2 2 2 2 2 2 2 2 2 2 2 2 2 2 2 2 2 2 2 2 2 2 2 2 2 2 2 2 2 2 2 2 2 2 2 2 2 2 2 2 2 2 2 2 2 2 2 2 2 2 2 2 2 2 2 2 2 2 2 2 2 2 2 2 1 1 1 2 2 2 1 1 2 2 2 2 2 2 2 2 2 2 2 2 2 2 2 2 2 2 2 2 2 2 2 2 2 2 2 2 2 2 2 2 2 2 2 2 2 2 2 2 2 2 2 2 2 2 2 2 2 2 2 
SNR of LTE
13 13 13 13 12 11 11 11 11 9 9 9 9 9 8 8 8 8 8 8 7 7 7 7 7 7 6 5 5 5 5 5 4 4 4 4 2 2 2 1 1 1 0 0 0 0 0 -1 -1 -1 -1 -2 -2 -2 -2 -2 -2 -2 -2 -2 -2 -2 -2 -2 -2 -2 -2 -2 -3 -3 -3 -3 -3 -3 -3 -3 -3 -3 -3 -3 -4 -4 -4 -4 -4 -4 -5 -5 -5 -5 -4 -4 -3 -3 -3 -3 -3 -3 -3 -3 -3 -3 -3 -3 -4 -4 -4 -4 -4 -4 -4 -4 -4 -4 -4 -4 -4 -4 -4 -4 -4 -4 -4 -4 -4 -3 -3 -3 -3 -3 -3 -3 -2 -2 -2 -1 -1 -1 -1 0 0 0 0 0 0 1 1 1 1 1 1 1 2 2 2 2 2 2 2 2 2 2 2 2 3 3 3 3 3 3 2 2 2 2 2 2 0 0 0 0 0 0 0 0 0 -2 -2 -2 -2 -3 -3 -3 -3 -3 -3 -3 -3 -4 -4 -4 -4 -4 -4 -4 -4 -4 -4 -4 -4 -4 -3 -3 -3 -3 -3 -3 -3 -3 -3 -3 -3 -3 -3 -3 -1 -1 -1 -1 0 0 0 0 0 0 0 0 0 0 0 0 0 0 0 0 0 0 0 0 0 0 0 0 0 -1 -1 -1 -1 -2 -2 -2 -2 -1 -1 -1 -1 -1 -1 -1 -1 -1 -1 -1 -2 -2 -2 -2 -2 -2 -2 -2 -2 -2 -1 -1 -1 -1 -1 -1 -1 -1 0 0 0 0 0 0 0 0 0 0 3 3 3 3 4 4 4 4 4 4 4 4 4 5 5 5 5 5 
SNR of 5G
11 11 11 11 8 12 10 10 10 9 9 9 9 9 3 3 2 2 2 2 3 3 5 5 5 5 4 4 4 4 4 4 3 3 2 2 0 0 0 0 0 0 0 0 0 0 0 0 0 0 0 0 0 -1 -1 0 0 0 1 1 0 0 1 0 1 1 0 0 0 2 0 0 -2 -5 0 -2 5 5 5 5 5 5 5 5 2 0 1 1 -3 -3 0 0 -1 -1 -1 -1 -1 -1 -2 -2 -2 -2 -4 -4 -4 -4 0 0 3 3 3 3 1 1 -2 -2 -1 -1 -1 -1 -1 -1 -5 -5 -5 -5 -1 -1 -2 -2 -2 -2 -4 -4 -5 0 0 -1 -1 -1 -1 0 0 0 0 -2 -2 -2 0 0 0 -1 -1 -2 -2 -1 -1 -4 -4 -1 -1 0 0 -4 -4 0 -6 0 0 -1 -1 1 1 0 0 0 -1 0 0 -1 -1 -1 -1 -1 -1 -1 -1 0 0 1 1 4 4 4 4 4 4 6 6 6 5 5 5 5 5 4 4 0 0 0 0 0 0 0 0 0 0 -2 -2 2 2 2 2 2 2 2 2 2 2 3 3 3 3 3 3 3 3 3 3 3 3 6 6 6 6 6 6 6 6 6 6 6 6 2 2 1 1 1 0 0 0 0 -2 -2 -1 0 0 1 1 1 0 0 0 0 1 1 0 0 0 0 0 0 4 4 4 4 4 4 5 5 4 4 3 3 3 3 3 3 3 3 3 3 3 3 7 7 7 9 9 9 9 9 9 10 12 12 8 8 
RSSI
-51 -51 -51 -51 -51 -51 -51 -51 -51 -51 -51 -51 -51 -51 -51 -51 -51 -51 -51 -51 -51 -51 -51 -51 -51 -51 -51 -51 -51 -51 -51 -51 -51 -51 -51 -51 -51 -51 -51 -51 -51 -51 -51 -51 -51 -51 -51 -51 -51 -51 -51 -51 -51 -51 -51 -51 -51 -51 -51 -51 -51 -51 -51 -51 -51 -51 -51 -51 -51 -51 -51 -51 -51 -51 -51 -51 -51 -51 -51 -51 -51 -51 -51 -51 -51 -51 -51 -51 -51 -51 -51 -51 -51 -51 -51 -51 -51 -51 -51 -51 -51 -51 -51 -51 -51 -51 -51 -51 -51 -51 -51 -51 -51 -51 -51 -51 -51 -51 -51 -51 -51 -51 -51 -51 -51 -51 -51 -51 -51 -51 -51 -51 -51 -51 -51 -51 -51 -51 -51 -51 -51 -51 -51 -51 -51 -51 -51 -51 -51 -51 -51 -51 -51 -51 -51 -51 -51 -51 -51 -51 -51 -51 -51 -51 -51 -51 -51 -51 -51 -51 -51 -51 -51 -51 -51 -51 -51 -51 -51 -51 -51 -51 -51 -51 -51 -51 -51 -51 -51 -51 -51 -51 -51 -51 -51 -51 -51 -51 -51 -51 -51 -51 -51 -51 -51 -51 -51 -51 -51 -51 -51 -51 -51 -51 -51 -51 -51 -51 -51 -51 -51 -51 -51 -51 -51 -51 -51 -51 -51 -51 -51 -51 -51 -51 -51 -51 -51 -51 -51 -51 -51 -51 -51 -51 -51 -51 -51 -51 -51 -51 -51 -51 -51 -51 -51 -51 -51 -51 -51 -51 -51 -51 -51 -51 -51 -51 -51 -51 -51 -51 -51 -51 -51 -51 -51 -51 -51 -51 -51 -51 -51 -51 -51 -51 -51 -51 -51 -51 -51 -51 -51 -51 -51 -51 -51 -51 -51 -51 -51 -51 -51 -51 -51 -51 -51 -51 -51 -51 -51 -51 -51 -51 -51 -51 -51 -51 -51 -51 
RSRP
-68 -68 -68 -68 -68 -68 -68 -68 -68 -69 -69 -69 -69 -69 -68 -68 -68 -68 -68 -68 -68 -68 -68 -68 -68 -68 -68 -68 -68 -68 -68 -68 -69 -69 -69 -69 -69 -69 -69 -70 -70 -70 -71 -71 -72 -72 -72 -73 -73 -73 -75 -75 -75 -75 -75 -76 -76 -77 -77 -77 -78 -78 -78 -78 -78 -78 -78 -78 -79 -79 -79 -79 -78 -78 -78 -78 -78 -78 -78 -78 -78 -78 -78 -78 -78 -78 -78 -78 -78 -78 -77 -77 -77 -77 -77 -77 -77 -77 -77 -77 -77 -77 -77 -77 -78 -78 -78 -78 -78 -78 -78 -78 -78 -78 -78 -78 -79 -79 -79 -79 -79 -79 -79 -79 -79 -78 -78 -78 -78 -78 -78 -78 -78 -78 -77 -77 -77 -77 -77 -77 -77 -77 -77 -77 -77 -77 -77 -76 -75 -75 -75 -75 -74 -74 -74 -74 -74 -74 -74 -74 -74 -74 -74 -73 -73 -73 -73 -73 -73 -73 -73 -73 -73 -73 -73 -73 -75 -75 -75 -75 -75 -75 -76 -76 -76 -77 -77 -77 -77 -79 -79 -79 -79 -79 -80 -80 -80 -80 -80 -80 -80 -80 -80 -80 -80 -80 -80 -80 -80 -80 -79 -79 -79 -79 -79 -79 -79 -78 -78 -77 -77 -77 -77 -77 -74 -74 -74 -74 -73 -73 -73 -73 -73 -73 -73 -73 -73 -73 -73 -73 -73 -73 -73 -73 -73 -73 -73 -73 -73 -73 -73 -73 -73 -73 -73 -74 -74 -74 -74 -74 -74 -74 -74 -74 -74 -74 -75 -75 -75 -75 -75 -75 -76 -76 -77 -77 -77 -77 -78 -78 -78 -78 -78 -78 -77 -77 -77 -77 -76 -76 -75 -74 -74 -74 -74 -74 -74 -74 -74 -74 -70 -70 -70 -70 -69 -69 -69 -68 -68 -68 -68 -68 -68 -69 -69 -69 -69 -69 
CID
13678086 13678086 13678086 13678086 13678086 13678086 13678086 13678086 13678086 13678086 13678086 13678086 13678086 13678086 13678086 13678086 13678086 13678086 13678086 13678086 13678086 13678086 13678086 13678086 13678086 13678086 13678086 13678086 13678086 13678086 13678086 13678086 13678086 13678086 13678086 13678086 13678086 13678086 13678086 13678086 13678086 13678086 13769742 13769742 13769742 13769742 13769742 13769742 13769742 13769742 13769742 13769742 13769742 13769742 13769742 13769742 13769742 13769742 13769742 13769742 13678086 13678086 13678086 13678086 13792261 13792261 13792261 13792261 13792261 13792261 13769742 13769742 13769742 13769742 13769742 13769742 13769742 13769742 13769742 13769742 13769742 13769742 13769742 13769742 13769742 13769742 13769742 13769742 13769742 13769742 13769742 13769742 13769742 13769742 13769742 13769742 13769742 13769742 13769742 13769742 13769742 13769742 13769742 13769742 13769742 13769742 13769742 13769742 13769742 13769742 13769742 13769742 13769742 13769742 13792526 13792526 13678088 13678088 13678088 13678088 13678088 13678088 13678088 13678088 13678088 13792526 13792526 13792526 13792526 13792526 13792526 13792526 13792526 13792526 13792526 13792526 13792526 13792526 13792526 13792526 13792526 13792526 13792526 13792526 13792526 13792526 13792526 13792526 13792526 13792526 13792526 13792526 13792526 13792526 13792526 13792526 13792526 13792526 13792526 13792526 13792526 13792526 13792526 13792526 13792526 13792526 13678086 13678086 13678086 13678086 13678086 13678086 13678086 13678086 13678086 13678086 13678086 13678086 13678086 13678086 13678086 13678086 13678086 13678086 13678086 13678086 13678086 13678086 13678086 13678086 13678086 13678086 13678086 13678086 13792260 13792260 13792260 13792260 13792260 13792260 13792260 13792260 13792260 13792260 13792260 13678086 13678086 13678086 13678086 13678086 13678086 13678086 13678086 13678086 13678086 13678086 13678086 13678086 13678086 13678086 13678086 13678086 13678086 13678086 13678086 13678086 13678086 13678086 13678086 13678086 13678086 13678086 13678086 13678086 13678086 13678086 13678086 13678086 13678086 13678086 13678086 13678086 13678086 13678086 13678086 13678086 13678086 13678086 13678086 13678086 13678086 13678086 13678086 13678086 13678086 13678086 13678086 13678086 13678086 13769742 13769742 13769742 13769742 13769742 13769742 13769742 13769742 13769742 13769742 13769742 13769742 13769742 13769742 13769742 13769742 13769742 13769742 13769742 13769742 13769742 13769742 13769742 13769742 13678086 13678086 13678086 13678086 13678086 13678086 13678086 13678086 13678086 13678086 13678086 13678086 13678086 13678086 13678086 13678086 13678086 13678086 13678086 13678086 13678086 13678086 13678086 13678086 13678086 13678086 13678086 13678086 13678086 13678086 13678086 13678086 13678086 13678086 13678086 
RSRP of 5G
-84 -84 -84 -84 -74 -72 -77 -77 -77 -78 -78 -78 -78 -78 -82 -82 -81 -81 -81 -81 -82 -82 -80 -80 -83 -83 -80 -80 -82 -82 -82 -82 -87 -87 -86 -86 -95 -95 -95 -82 -82 -82 -82 -85 -85 -82 -82 -79 -79 -81 -81 -81 -81 -80 -80 -83 -83 -83 -105 -105 -105 -105 -91 -82 -99 -83 -84 -84 -93 -79 -87 -87 -101 -89 -101 -84 -82 -82 -82 -82 -81 -81 -81 -81 -84 -76 -78 -78 -81 -81 -82 -82 -83 -83 -83 -83 -88 -88 -86 -86 -81 -81 -97 -97 -90 -90 -90 -90 -85 -85 -85 -85 -93 -93 -85 -85 -84 -84 -84 -84 -86 -86 -104 -104 -108 -108 -93 -93 -94 -94 -94 -94 -92 -92 -113 -113 -113 -89 -89 -89 -89 -86 -86 -88 -88 -91 -91 -105 -105 -105 -105 -89 -89 -87 -87 -98 -83 -86 -86 -87 -87 -85 -85 -81 -81 -88 -97 -95 -95 -92 -92 -84 -84 -87 -87 -92 -80 -80 -80 -81 -81 -81 -81 -83 -83 -80 -80 -80 -80 -79 -79 -77 -77 -77 -79 -79 -79 -77 -77 -77 -77 -77 -77 -77 -77 -77 -77 -87 -87 -91 -91 -81 -81 -81 -81 -81 -81 -84 -84 -84 -84 -84 -84 -84 -81 -81 -81 -84 -84 -83 -83 -83 -83 -83 -83 -86 -86 -83 -83 -76 -76 -74 -74 -75 -75 -75 -75 -75 -75 -75 -75 -75 -75 -79 -79 -80 -80 -82 -84 -94 -94 -94 -97 -97 -84 -84 -84 -78 -83 -83 -87 -87 -82 -82 -81 -81 -82 -82 -83 -83 -81 -81 -85 -85 -79 -79 -85 -85 -80 -80 -88 -88 -86 -86 -86 -86 -86 -86 -86 -86 -81 -81 -81 -81 -79 -79 -79 -78 -78 -78 -78 -78 -78 -76 -74 -74 -80 -80 
CQI
2147483647 2147483647 2147483647 2147483647 2147483647 2147483647 2147483647 2147483647 2147483647 2147483647 2147483647 2147483647 2147483647 2147483647 2147483647 2147483647 2147483647 2147483647 2147483647 2147483647 2147483647 2147483647 2147483647 2147483647 2147483647 2147483647 2147483647 2147483647 2147483647 2147483647 2147483647 2147483647 2147483647 2147483647 2147483647 2147483647 2147483647 2147483647 2147483647 2147483647 2147483647 2147483647 2147483647 2147483647 2147483647 2147483647 2147483647 2147483647 2147483647 2147483647 2147483647 2147483647 2147483647 2147483647 2147483647 2147483647 2147483647 2147483647 2147483647 2147483647 2147483647 2147483647 2147483647 2147483647 2147483647 2147483647 2147483647 2147483647 2147483647 2147483647 2147483647 2147483647 2147483647 2147483647 2147483647 2147483647 2147483647 2147483647 2147483647 2147483647 2147483647 2147483647 2147483647 2147483647 2147483647 2147483647 2147483647 2147483647 2147483647 2147483647 2147483647 2147483647 2147483647 2147483647 2147483647 2147483647 2147483647 2147483647 2147483647 2147483647 2147483647 2147483647 2147483647 2147483647 2147483647 2147483647 2147483647 2147483647 2147483647 2147483647 2147483647 2147483647 2147483647 2147483647 2147483647 2147483647 2147483647 2147483647 2147483647 2147483647 2147483647 2147483647 2147483647 2147483647 2147483647 2147483647 2147483647 2147483647 2147483647 2147483647 2147483647 2147483647 2147483647 2147483647 2147483647 2147483647 2147483647 2147483647 2147483647 2147483647 2147483647 2147483647 2147483647 2147483647 2147483647 2147483647 2147483647 2147483647 2147483647 2147483647 2147483647 2147483647 2147483647 2147483647 2147483647 2147483647 2147483647 2147483647 2147483647 2147483647 2147483647 2147483647 2147483647 2147483647 2147483647 2147483647 2147483647 2147483647 2147483647 2147483647 2147483647 2147483647 2147483647 2147483647 2147483647 2147483647 2147483647 2147483647 2147483647 2147483647 2147483647 2147483647 2147483647 2147483647 2147483647 2147483647 2147483647 2147483647 2147483647 2147483647 2147483647 2147483647 2147483647 2147483647 2147483647 2147483647 2147483647 2147483647 2147483647 2147483647 2147483647 2147483647 2147483647 2147483647 2147483647 2147483647 2147483647 2147483647 2147483647 2147483647 2147483647 2147483647 2147483647 2147483647 2147483647 2147483647 2147483647 2147483647 2147483647 2147483647 2147483647 2147483647 2147483647 2147483647 2147483647 2147483647 2147483647 2147483647 2147483647 2147483647 2147483647 2147483647 2147483647 2147483647 2147483647 2147483647 2147483647 2147483647 2147483647 2147483647 2147483647 2147483647 2147483647 2147483647 2147483647 2147483647 2147483647 2147483647 2147483647 2147483647 2147483647 2147483647 2147483647 2147483647 2147483647 2147483647 2147483647 2147483647 2147483647 2147483647 2147483647 2147483647 2147483647 2147483647 2147483647 2147483647 2147483647 2147483647 2147483647 2147483647 2147483647 2147483647 2147483647 2147483647 2147483647 2147483647 2147483647 2147483647 2147483647 2147483647 2147483647 2147483647 2147483647 2147483647 2147483647 2147483647 2147483647 2147483647 2147483647 2147483647 2147483647 2147483647 2147483647 2147483647 2147483647 2147483647 2147483647 2147483647 2147483647 2147483647 2147483647 2147483647 2147483647 2147483647 2147483647 2147483647 2147483647 2147483647 2147483647 2147483647 2147483647 2147483647 2147483647 2147483647 2147483647 2147483647 2147483647 2147483647 
Altitude
-63.47270202636719 -63.01294708251953 -62.09872055053711 -61.068233489990234 -58.82758712768555 -56.67677688598633 -54.81661605834961 -52.67637252807617 -50.52027893066406 -48.538570404052734 -46.583290100097656 -44.738983154296875 -42.53532409667969 -40.56418991088867 -38.56663131713867 -36.52679443359375 -34.656063079833984 -32.499969482421875 -30.713790893554688 -29.11785888671875 -26.956478118896484 -24.800382614135742 -22.92965316772461 -20.842256546020508 -18.992664337158203 -16.910552978515625 -15.076814651489258 -12.688199043273926 -10.907306671142578 -8.793487548828125 -6.568693161010742 -4.5975565910339355 -2.54186749458313 -0.34349560737609863 1.9288599491119385 4.003045082092285 6.098368167877197 7.781496524810791 9.033934593200684 10.104055404663086 10.962794303894043 11.916655540466309 12.74368667602539 13.40689754486084 13.948563575744629 14.453238487243652 14.828441619873047 15.267058372497559 15.512789726257324 15.777017593383789 15.951407432556152 16.120513916015625 16.300188064575195 16.37152862548828 16.42173194885254 16.86563491821289 16.88677215576172 16.9422607421875 17.005674362182617 16.868276596069336 16.62254524230957 16.7335205078125 16.730878829956055 16.86563491821289 16.84449577331543 16.910552978515625 16.812788009643555 17.12986183166504 17.090227127075195 17.246122360229492 17.40730094909668 18.65709686279297 21.9361572265625 23.66948890686035 23.944286346435547 24.345911026000977 25.87843132019043 27.759729385375977 29.469280242919922 31.42720603942871 33.588584899902344 35.51216125488281 37.2243537902832 38.59041213989258 39.71601867675781 40.46642303466797 41.34101867675781 42.255245208740234 42.4719123840332 43.08491897583008 43.57373809814453 43.99121856689453 44.535526275634766 44.667640686035156 45.100975036621094 45.1538200378418 45.1538200378418 44.79182815551758 44.958290100097656 45.50259780883789 45.88044357299805 45.48410415649414 45.328208923339844 45.896297454833984 46.181663513183594 46.453819274902344 46.741825103759766 46.64406204223633 46.6519889831543 46.5780029296875 46.451175689697266 46.5489387512207 46.42739486694336 47.19894027709961 47.07210922241211 46.77353286743164 45.43125915527344 44.186744689941406 43.30422592163086 42.37678909301758 40.73065185546875 38.859920501708984 37.26134490966797 36.141021728515625 34.73004913330078 33.53573989868164 32.05342483520508 30.811555862426758 29.009525299072266 27.61968994140625 26.346113204956055 25.159732818603516 23.656278610229492 22.668067932128906 21.870101928710938 21.315223693847656 20.297948837280273 19.893680572509766 19.29916763305664 19.108924865722656 18.561973571777344 18.477420806884766 18.089006423950195 17.623966217041016 16.59612274169922 16.960756301879883 17.058521270751953 17.312179565429688 17.494495391845703 17.193275451660156 17.106081008911133 16.963397979736328 16.65689468383789 16.654253005981445 16.76786994934082 16.60140609741211 16.59347915649414 16.58819580078125 16.54591941833496 16.585554122924805 16.582910537719727 17.280471801757812 17.964820861816406 18.125999450683594 18.168275833129883 19.25160789489746 21.38920783996582 23.39469337463379 24.11603355407715 25.53757667541504 27.344892501831055 29.146923065185547 31.099563598632812 33.02313995361328 35.004844665527344 36.79102325439453 38.283905029296875 39.35667037963867 40.413578033447266 41.38329315185547 42.13898468017578 42.98451232910156 43.58959197998047 44.036136627197266 44.56987762451172 44.92394256591797 45.161746978759766 45.42597198486328 45.69812774658203 45.8170280456543 46.20808410644531 45.605648040771484 45.748329162597656 46.44853210449219 46.464385986328125 46.76560592651367 47.16987228393555 47.39710998535156 47.25178527832031 47.2861328125 47.471092224121094 47.46845245361328 47.449954986572266 47.407676696777344 47.41032028198242 47.55300521850586 47.63227081298828 47.52922439575195 47.47637939453125 47.40503692626953 46.535728454589844 43.99121856689453 43.00300598144531 41.615814208984375 40.71744155883789 39.44915008544922 37.99061584472656 36.6192741394043 34.58472442626953 33.9954948425293 32.3414306640625 30.877613067626953 29.5538330078125 27.461153030395508 26.23777961730957 24.80830955505371 23.743473052978516 22.752620697021484 21.885953903198242 21.130264282226562 20.33493995666504 19.909534454345703 19.338802337646484 18.98209571838379 18.6121768951416 18.123355865478516 18.207908630371094 17.306894302368164 16.80486297607422 17.34388542175293 17.359739303588867 17.69795036315918 18.081079483032227 17.888195037841797 17.626609802246094 17.555267333984375 17.473358154296875 17.349170684814453 17.394088745117188 17.4046573638916 17.515634536743164 17.557910919189453 17.46807289123535 17.512990951538086 17.671527862548828 17.54469871520996 17.62132453918457 17.660959243774414 17.608112335205078 17.22498321533203 17.058521270751953 16.693885803222656 15.576204299926758 14.833725929260254 13.343482971191406 11.660354614257812 10.57966423034668 8.954666137695312 7.276822090148926 5.990035057067871 4.301621913909912 2.895932197570801 1.2841451168060303 -0.05284547805786133 -1.8812990188598633 -2.943493127822876 -4.481296539306641 -5.628043174743652 -7.826415061950684 -8.28088665008545 -9.855681419372559 -11.430477142333984 -12.487386703491211 -15.383318901062012 -16.598764419555664 -18.284534454345703 -20.192256927490234 -21.407703399658203 -22.565019607543945 -23.63778305053711 -25.751602172851562 -26.824363708496094 -28.605257034301758 -29.678020477294922 -30.507694244384766 -32.47883224487305 -34.18045425415039 -35.36948013305664 -36.822731018066406 -38.43980026245117 -39.73451614379883 -40.484920501708984 -42.30809020996094 -44.099552154541016 -45.6532096862793 -47.79344940185547 -49.34182357788086 -50.91133499145508 -52.32230758666992 -54.726776123046875 -55.60401153564453 -55.59872817993164 -56.856449127197266 -59.2344970703125 -60.973114013671875 -61.60197448730469 -62.79099655151367 -64.69343566894531 