LTE(1) or 5G(2)
2 2 2 2 2 2 2 2 2 2 2 2 2 2 2 2 2 2 2 2 2 2 2 2 2 2 2 2 2 2 2 2 2 2 2 2 2 2 2 2 2 2 2 2 2 2 2 2 2 2 1 1 2 2 2 2 2 2 2 2 2 1 1 1 1 1 2 2 2 2 2 2 2 2 2 2 1 1 2 2 2 2 2 2 2 2 2 2 2 2 2 2 2 2 2 2 2 1 1 1 2 2 2 2 2 2 2 1 1 1 1 1 1 1 1 1 1 1 2 2 2 1 1 1 2 2 2 2 1 1 2 2 2 2 2 2 2 2 2 2 2 2 2 2 2 2 2 2 2 2 2 2 2 2 2 2 2 2 2 2 2 2 2 2 2 2 2 2 2 2 2 2 2 2 2 2 2 2 2 2 2 1 1 1 1 1 1 1 1 1 1 2 2 2 2 2 2 2 2 2 2 2 2 2 2 1 1 1 1 1 1 2 2 2 2 2 2 2 2 2 2 2 2 2 2 2 2 2 2 2 2 2 2 2 2 2 2 2 2 2 2 2 2 2 2 2 2 2 2 2 2 2 2 2 2 2 2 2 2 2 2 2 2 2 2 2 2 2 2 2 2 2 2 2 2 2 2 2 2 2 2 2 2 2 2 2 2 2 2 2 2 2 2 2 2 2 2 2 2 2 2 2 
SNR of LTE
4 4 4 2 2 2 2 2 2 2 2 2 2 2 0 0 0 0 0 0 0 0 0 0 0 0 0 0 0 0 0 0 0 0 0 0 0 0 -1 -1 -1 -1 -2 -2 -2 -2 -2 -2 -2 -2 -2 -2 -2 -2 -3 -3 -3 -3 -3 -3 -3 -3 -3 -3 -3 -3 -3 -3 -3 -3 -3 -3 -3 -3 -3 -3 -3 -3 -2 -2 -3 -3 -3 -3 -2 -2 -2 -2 -2 -2 -2 -2 -2 -2 -2 -2 -2 -3 -3 -3 -3 -4 -4 -4 -4 -4 -4 -4 -4 -4 -4 -4 -4 -4 -4 -6 -6 -6 -6 -6 -7 -7 -7 -7 -6 -6 -6 -6 -5 -5 -5 -4 -5 -5 -5 -5 -5 -4 -4 -4 -4 -3 -3 -3 -3 -2 -2 -1 -1 -1 -1 0 0 0 0 0 0 0 0 0 0 0 0 0 0 1 1 1 1 1 1 1 1 1 1 0 0 0 0 0 -1 -1 -1 -1 -4 -5 -5 -6 -6 -6 -6 -7 -7 -7 -7 -7 -7 -7 -7 -7 -7 -7 -7 -7 -7 -7 -7 -7 -6 -4 -4 -4 -4 -3 -3 -3 -3 -3 -3 -3 -3 -4 -4 -4 -4 -4 -4 -4 -4 -4 -4 -4 -4 -4 -4 -4 -4 -4 -4 -4 -4 -4 -4 -4 -4 -4 -4 -4 -4 -4 -4 -4 -4 -4 -4 -4 -3 -3 -3 -3 -3 -3 -3 -3 -3 -3 -3 -3 -3 -3 -3 -2 -2 -2 -2 -2 -2 -2 -2 -2 -2 -2 -1 -1 -1 -1 -1 -1 -1 -1 -1 -1 -1 -1 0 0 0 0 0 0 0 0 
SNR of 5G
11 11 11 10 10 10 10 10 10 10 10 10 10 10 2 2 1 1 0 0 0 -1 4 4 4 4 5 5 5 5 5 5 5 5 5 5 5 5 3 3 4 4 2 2 3 3 3 3 4 4 0 0 0 0 4 4 4 4 4 4 1 0 0 0 0 0 4 4 5 5 5 5 5 6 6 6 0 0 -2 -2 -3 -3 -3 -3 -3 -3 -3 -3 -3 -3 -3 -3 2 2 0 0 -2 0 0 0 0 0 -3 -3 -3 -3 -5 0 0 0 0 0 0 0 0 0 0 0 -1 -1 0 0 0 0 -1 -1 -3 -3 0 0 0 0 0 4 4 4 4 6 6 4 4 6 6 6 6 5 5 6 6 7 7 6 6 6 6 6 6 4 4 3 2 2 2 3 3 2 2 0 0 -2 -2 -2 -2 -4 -4 -4 -4 1 1 0 -1 0 0 0 0 0 0 0 0 0 0 2 2 2 2 2 2 1 1 -2 -2 -1 -1 -1 -1 0 0 0 0 0 0 0 1 1 1 1 1 1 1 1 2 2 2 2 2 2 0 0 2 2 -1 2 4 4 6 6 6 6 6 7 7 7 7 7 7 7 5 5 5 5 5 5 5 5 5 5 2 2 -1 -1 0 0 0 0 -1 -1 5 5 5 5 5 4 2 2 0 0 -1 -1 -1 -1 -3 -3 -2 -2 -3 -2 6 6 8 8 8 8 8 8 7 8 9 9 3 3 1 1 
RSSI
-51 -51 -51 -51 -51 -51 -51 -51 -51 -51 -51 -51 -51 -51 -51 -51 -51 -51 -51 -51 -51 -51 -51 -51 -51 -51 -51 -51 -51 -51 -51 -51 -51 -51 -51 -51 -51 -51 -51 -51 -51 -51 -51 -51 -51 -51 -51 -51 -51 -51 -51 -51 -51 -51 -51 -51 -51 -51 -51 -51 -51 -55 -55 -55 -55 -55 -51 -51 -51 -51 -51 -51 -51 -51 -51 -51 -51 -51 -51 -51 -51 -51 -51 -51 -51 -51 -51 -51 -51 -51 -51 -51 -51 -51 -51 -51 -51 -51 -51 -51 -51 -51 -51 -51 -51 -51 -51 -51 -51 -51 -51 -51 -51 -51 -51 -51 -51 -51 -51 -51 -51 -51 -51 -51 -51 -51 -51 -51 -51 -51 -51 -51 -51 -51 -51 -51 -51 -51 -51 -51 -51 -51 -51 -51 -51 -51 -51 -51 -51 -51 -51 -51 -51 -51 -51 -51 -51 -51 -51 -51 -51 -51 -51 -51 -51 -51 -51 -51 -51 -51 -51 -51 -51 -51 -51 -51 -51 -51 -51 -51 -51 -51 -51 -51 -51 -51 -51 -51 -51 -51 -51 -51 -51 -51 -51 -51 -51 -51 -51 -51 -51 -51 -51 -51 -51 -51 -51 -51 -51 -51 -51 -51 -51 -51 -51 -51 -51 -51 -51 -51 -51 -51 -51 -51 -51 -51 -51 -51 -51 -51 -51 -51 -51 -51 -51 -51 -51 -51 -51 -51 -51 -51 -51 -51 -51 -51 -51 -51 -51 -51 -51 -51 -51 -51 -51 -51 -51 -51 -51 -51 -51 -51 -51 -51 -51 -51 -51 -51 -51 -51 -51 -51 -51 -51 -51 -51 -51 -51 -51 -51 -51 -51 -51 -51 -51 -51 -51 -51 -51 -51 -51 -51 -51 -51 -51 -51 -51 -51 -51 -51 -51 -51 
RSRP
-76 -76 -76 -77 -77 -77 -77 -77 -77 -77 -77 -77 -77 -77 -75 -75 -75 -75 -75 -75 -75 -75 -75 -75 -75 -75 -75 -75 -75 -75 -75 -75 -75 -75 -75 -75 -75 -75 -76 -76 -76 -76 -76 -76 -76 -76 -76 -76 -76 -76 -76 -76 -76 -76 -76 -76 -76 -76 -76 -76 -76 -77 -77 -77 -77 -77 -76 -76 -76 -76 -76 -76 -76 -76 -76 -76 -76 -76 -75 -75 -75 -75 -75 -75 -76 -76 -76 -76 -76 -76 -76 -76 -77 -77 -77 -77 -77 -77 -77 -77 -77 -78 -78 -78 -78 -78 -78 -78 -78 -78 -78 -78 -78 -78 -78 -76 -76 -76 -76 -76 -76 -76 -76 -76 -76 -76 -75 -75 -75 -75 -75 -74 -75 -75 -75 -75 -75 -74 -74 -74 -74 -73 -73 -73 -73 -73 -73 -72 -72 -72 -72 -71 -71 -71 -71 -71 -71 -71 -71 -70 -70 -70 -70 -70 -70 -70 -70 -70 -70 -69 -69 -69 -69 -70 -70 -70 -70 -71 -71 -71 -71 -71 -71 -71 -74 -76 -76 -77 -77 -77 -77 -79 -79 -79 -79 -79 -79 -80 -80 -80 -80 -80 -80 -80 -80 -80 -80 -80 -81 -82 -82 -82 -82 -81 -81 -80 -80 -81 -81 -81 -81 -81 -81 -81 -81 -81 -81 -81 -81 -81 -81 -79 -79 -79 -78 -78 -78 -78 -78 -78 -78 -78 -78 -78 -78 -77 -77 -77 -77 -77 -77 -77 -77 -77 -77 -77 -77 -77 -78 -78 -78 -78 -77 -77 -77 -77 -77 -77 -77 -77 -77 -77 -77 -77 -77 -77 -77 -77 -77 -77 -77 -77 -76 -76 -76 -76 -76 -76 -76 -76 -76 -76 -76 -76 -76 -76 -76 -76 -76 -76 -76 -76 
CID
13792258 13792258 13792258 13792258 13792258 13792258 13792258 13792258 13792258 13792258 13792258 13792258 13792258 13792258 13792258 13792258 13792258 13792258 13792258 13792258 13792258 13792258 13792258 13792258 13792258 13792258 13792258 13792258 13792258 13792258 13792258 13792258 13792258 13792258 13792258 13792258 13792258 13792258 13792258 13792258 13792258 13792258 13792258 13792258 13792258 13792258 13792258 13792258 13792258 13792258 13792258 13792258 13792258 13792258 13792258 13792258 13792258 13792258 13792258 13792258 13792258 13792513 13792513 13792513 13792513 13792513 13792513 13792513 13769739 13769739 13769739 13769739 13769739 13792513 13792513 13792513 13769739 13769739 13769739 13769739 13769739 13769739 13769739 13769739 13769739 13769739 13769739 13769739 13769739 13769739 13769739 13769739 13769739 13769739 13769739 13769739 13769739 13769739 13769739 13769739 13769739 13769739 13769739 13769739 13769739 13769739 13769739 13769739 13769739 13769739 13769739 13769739 13769739 13769739 13769739 13769739 13792258 13792258 13792258 13792258 13792258 13769739 13769739 13769739 13769739 13769739 13769739 13769739 13769739 13769739 13769739 13769739 13769739 13769739 13769739 13769739 13769739 13769739 13769739 13769739 13769739 13769739 13769739 13769739 13769739 13769739 13769739 13769739 13769739 13769739 13769739 13769739 13769739 13769739 13769739 13769739 13769739 13769739 13769739 13769739 13769739 13769739 13769739 13769739 13769739 13769739 13769739 13769739 13769739 13769739 13769739 13769739 13769739 13769739 13769739 13769739 13769739 13769739 13769739 13769739 13769739 13769739 13769739 13769739 13792523 13792523 13792523 13754890 13754890 13754890 13754890 13754890 13792257 13792257 13792257 13792257 13792257 13769739 13769739 13769739 13769739 13769739 13769739 13769739 13769739 13769739 13769739 13769739 13754890 13754890 13754890 13754890 13754890 13754890 13754890 13754890 13754890 13754890 13769739 13769739 13769739 13769739 13769739 13792257 13792257 13792258 13792258 13792258 13769739 13769739 13769739 13792258 13792258 13792258 13792258 13792258 13792258 13792258 13792258 13792258 13792258 13792258 13792258 13792258 13792258 13792258 13792258 13792258 13792258 13792258 13792258 13792258 13792258 13792258 13792258 13792258 13792258 13792258 13792258 13792258 13792258 13792258 13792258 13792258 13792258 13792258 13792258 13792258 13792258 13792258 13792258 13792258 13792258 13792258 13792258 13792258 13792258 13792258 13792258 13792258 13792258 13792258 13792258 13792258 13792258 13792258 13792258 13792258 13792258 13792258 13792258 13792258 13792258 13792258 13792258 13792258 13792258 13792258 13792258 13792258 13792258 13792258 
RSRP of 5G
-80 -80 -80 -80 -80 -80 -80 -80 -80 -80 -80 -80 -80 -80 -81 -81 -80 -80 -86 -86 -93 -84 -83 -83 -83 -83 -80 -80 -84 -84 -84 -84 -84 -84 -84 -84 -84 -84 -80 -80 -91 -91 -87 -87 -90 -90 -94 -94 -82 -82 -82 -82 -100 -100 -83 -83 -83 -83 -83 -83 -85 -85 -85 -85 -85 -85 -81 -81 -82 -82 -82 -82 -82 -85 -85 -85 -98 -98 -85 -85 -89 -89 -87 -87 -89 -89 -89 -89 -83 -83 -102 -83 -84 -84 -86 -86 -96 -96 -96 -96 -82 -82 -92 -92 -92 -92 -101 -101 -101 -101 -101 -101 -101 -101 -101 -101 -101 -101 -91 -91 -88 -88 -88 -88 -93 -93 -89 -89 -108 -108 -84 -95 -82 -80 -80 -80 -80 -77 -77 -86 -86 -79 -79 -81 -81 -80 -80 -81 -81 -76 -76 -72 -72 -81 -81 -81 -81 -78 -78 -84 -78 -78 -78 -78 -78 -80 -80 -82 -82 -82 -82 -82 -82 -83 -83 -80 -80 -79 -79 -79 -80 -81 -81 -81 -81 -81 -81 -81 -81 -81 -81 -76 -76 -76 -76 -78 -78 -78 -78 -81 -81 -91 -91 -90 -90 -104 -104 -104 -104 -104 -104 -86 -85 -85 -85 -85 -85 -85 -84 -84 -85 -85 -85 -83 -83 -83 -87 -87 -84 -84 -79 -81 -78 -78 -74 -74 -74 -74 -74 -72 -72 -72 -75 -75 -74 -74 -75 -75 -75 -75 -75 -75 -75 -75 -75 -75 -78 -78 -88 -88 -85 -85 -83 -83 -87 -87 -85 -85 -89 -89 -89 -83 -82 -82 -84 -84 -85 -85 -85 -85 -86 -86 -84 -84 -95 -79 -81 -81 -79 -79 -79 -79 -79 -79 -82 -74 -78 -78 -87 -87 -82 -82 
CQI
2147483647 2147483647 2147483647 2147483647 2147483647 2147483647 2147483647 2147483647 2147483647 2147483647 2147483647 2147483647 2147483647 2147483647 2147483647 2147483647 2147483647 2147483647 2147483647 2147483647 2147483647 2147483647 2147483647 2147483647 2147483647 2147483647 2147483647 2147483647 2147483647 2147483647 2147483647 2147483647 2147483647 2147483647 2147483647 2147483647 2147483647 2147483647 2147483647 2147483647 2147483647 2147483647 2147483647 2147483647 2147483647 2147483647 2147483647 2147483647 2147483647 2147483647 2147483647 2147483647 2147483647 2147483647 2147483647 2147483647 2147483647 2147483647 2147483647 2147483647 2147483647 2147483647 2147483647 2147483647 2147483647 2147483647 2147483647 2147483647 2147483647 2147483647 2147483647 2147483647 2147483647 2147483647 2147483647 2147483647 2147483647 2147483647 2147483647 2147483647 2147483647 2147483647 2147483647 2147483647 2147483647 2147483647 2147483647 2147483647 2147483647 2147483647 2147483647 2147483647 2147483647 2147483647 2147483647 2147483647 2147483647 2147483647 2147483647 2147483647 2147483647 2147483647 2147483647 2147483647 2147483647 2147483647 2147483647 2147483647 2147483647 2147483647 2147483647 2147483647 2147483647 2147483647 2147483647 2147483647 2147483647 2147483647 2147483647 2147483647 2147483647 2147483647 2147483647 2147483647 2147483647 2147483647 2147483647 2147483647 2147483647 2147483647 2147483647 2147483647 2147483647 2147483647 2147483647 2147483647 2147483647 2147483647 2147483647 2147483647 2147483647 2147483647 2147483647 2147483647 2147483647 2147483647 2147483647 2147483647 2147483647 2147483647 2147483647 2147483647 2147483647 2147483647 2147483647 2147483647 2147483647 2147483647 2147483647 2147483647 2147483647 2147483647 2147483647 2147483647 2147483647 2147483647 2147483647 2147483647 2147483647 2147483647 2147483647 2147483647 2147483647 2147483647 2147483647 2147483647 2147483647 2147483647 2147483647 2147483647 2147483647 2147483647 2147483647 2147483647 2147483647 2147483647 2147483647 2147483647 2147483647 2147483647 2147483647 2147483647 2147483647 2147483647 2147483647 2147483647 2147483647 2147483647 2147483647 2147483647 2147483647 2147483647 2147483647 2147483647 2147483647 2147483647 2147483647 2147483647 2147483647 2147483647 2147483647 2147483647 2147483647 2147483647 2147483647 2147483647 2147483647 2147483647 2147483647 2147483647 2147483647 2147483647 2147483647 2147483647 2147483647 2147483647 2147483647 2147483647 2147483647 2147483647 2147483647 2147483647 2147483647 2147483647 2147483647 2147483647 2147483647 2147483647 2147483647 2147483647 2147483647 2147483647 2147483647 2147483647 2147483647 2147483647 2147483647 2147483647 2147483647 2147483647 2147483647 2147483647 2147483647 2147483647 2147483647 2147483647 2147483647 2147483647 2147483647 2147483647 2147483647 2147483647 2147483647 2147483647 2147483647 2147483647 2147483647 2147483647 2147483647 2147483647 2147483647 2147483647 2147483647 2147483647 2147483647 2147483647 2147483647 2147483647 2147483647 2147483647 2147483647 2147483647 2147483647 2147483647 2147483647 2147483647 2147483647 2147483647 2147483647 2147483647 2147483647 2147483647 2147483647 2147483647 2147483647 2147483647 2147483647 2147483647 2147483647 2147483647 2147483647 2147483647 
Altitude
-62.10400390625 -61.43815231323242 -60.74059295654297 -59.842220306396484 -59.03896713256836 -57.82880783081055 -55.73612594604492 -53.71214294433594 -51.7727165222168 -49.664180755615234 -47.50279998779297 -45.4682502746582 -43.42313003540039 -41.5841064453125 -39.258907318115234 -37.335330963134766 -35.24264907836914 -33.430049896240234 -31.421920776367188 -29.471923828125 -27.379241943359375 -25.19672393798828 -23.32599449157715 -21.375995635986328 -19.769493103027344 -18.29510498046875 -17.12193489074707 -16.075593948364258 -15.277627944946289 -14.363401412963867 -13.87193775177002 -13.3381986618042 -12.926004409790039 -12.413402557373047 -11.974784851074219 -11.789826393127441 -11.483322143554688 -11.382915496826172 -11.134542465209961 -10.93372917175293 -10.870314598083496 -10.516250610351562 -10.53738784790039 -10.283729553222656 -10.130477905273438 -9.876819610595703 -9.792266845703125 -9.887389183044434 -9.485763549804688 -8.89389419555664 -8.576821327209473 -7.033733367919922 -5.247555732727051 -4.143085479736328 -2.7268266677856445 -0.8508121967315674 0.9221535921096802 3.1548750400543213 4.909344673156738 7.1394243240356445 9.282308578491211 11.35649299621582 13.076613426208496 15.193075180053711 17.169496536254883 19.000591278076172 21.106483459472656 23.17009925842285 25.03818702697754 26.795299530029297 29.18655776977539 30.930458068847656 33.007286071777344 34.851593017578125 37.071102142333984 38.437156677246094 40.331668853759766 42.00422668457031 43.5288200378418 45.30971145629883 46.17109298706055 47.01133728027344 47.875362396240234 48.652191162109375 49.10401916503906 49.47393798828125 49.669464111328125 49.941619873046875 50.094871520996094 50.3564567565918 50.726375579833984 50.9906005859375 50.89548110961914 50.90869140625 50.74222946166992 50.49385452270508 50.031455993652344 49.69060134887695 47.87800216674805 46.673126220703125 44.33735656738281 42.9713020324707 41.22739791870117 39.59711837768555 38.59833526611328 37.17943572998047 35.440818786621094 35.00748825073242 33.435333251953125 31.437774658203125 30.534116744995117 29.66480827331543 28.07680320739746 25.98940658569336 24.752822875976562 24.216440200805664 19.803842544555664 19.211973190307617 17.43372344970703 19.80120086669922 15.621123313903809 14.445311546325684 13.26157283782959 10.764623641967773 9.210967063903809 7.062798023223877 6.552839279174805 5.215848922729492 4.188004016876221 2.5392251014709473 1.8205267190933228 0.39634108543395996 -0.6499993801116943 -2.7691030502319336 -4.904060363769531 -4.7191009521484375 -5.247555732727051 -5.776010513305664 -6.610969543457031 -6.700806617736816 -7.667879104614258 -8.111781120300293 -8.196333885192871 -8.529260635375977 -8.571537017822266 -9.04714584350586 -9.263812065124512 -9.195113182067871 -9.496332168579102 -9.59145450592041 -9.46990966796875 -9.417064666748047 -9.105276107788086 -6.700806617736816 -4.840645790100098 -3.942272663116455 -3.0016231536865234 -2.631704807281494 -0.49146294593811035 1.2075191736221313 3.0808913707733154 4.948978900909424 6.76422119140625 8.706292152404785 10.809542655944824 12.98413372039795 15.013400077819824 16.70709800720215 18.62010383605957 20.665224075317383 22.691848754882812 24.50444793701172 26.615625381469727 28.459932327270508 30.771921157836914 32.32558059692383 34.069480895996094 36.08289337158203 38.16236114501953 39.66317367553711 40.13349914550781 41.66337585449219 43.608089447021484 44.84731674194336 45.41276168823242 46.0495491027832 46.57271957397461 46.72332763671875 47.56357192993164 47.99161911010742 48.83979034423828 48.97718811035156 48.48836898803711 49.00361251831055 49.21235275268555 48.961334228515625 49.20970916748047 49.505645751953125 49.365604400634766 48.50157928466797 49.12515640258789 50.22169876098633 49.96540069580078 47.73003387451172 46.390403747558594 44.55402374267578 44.01235580444336 42.32658386230469 40.44528579711914 39.31703567504883 38.45829772949219 36.15159225463867 34.82252883911133 33.50139236450195 31.78127098083496 30.230255126953125 29.323955535888672 27.572128295898438 26.026397705078125 23.79631805419922 22.79753875732422 21.587377548217773 20.443273544311523 18.635957717895508 18.469493865966797 15.351611137390137 13.523158073425293 11.293078422546387 11.808321952819824 11.35649299621582 7.548976421356201 6.6030426025390625 6.262188911437988 4.629263877868652 3.358330249786377 1.15467369556427 0.32499969005584717 0.018495917320251465 -0.6922757625579834 -2.7056884765625 -4.497150421142578 -5.263409614562988 -5.839425086975098 -6.330888271331787 -7.028448581695557 -7.667879104614258 -8.159341812133789 -8.529260635375977 -8.878040313720703 -9.18454360961914 -9.40121078491211 -9.04714584350586 -9.23738956451416 -9.448771476745605 -9.818689346313477 -9.734136581420898 -9.59145450592041 -9.607307434082031 -9.69186019897461 -9.765844345092773 -9.59145450592041 -9.718283653259277 -10.304868698120117 -12.217874526977539 -13.200799942016602 -14.69104290008545 -15.214213371276855 -16.334537506103516 -17.158926010131836 -18.501201629638672 -18.601608276367188 -21.106483459472656 -23.19916534423828 -24.08696937561035 -24.853227615356445 -25.735748291015625 -27.91826629638672 -28.758508682250977 -29.059728622436523 -30.22761344909668 -32.02436065673828 -34.86744689941406 -36.47923278808594 -37.113380432128906 -38.5349235534668 -41.124351501464844 -44.252803802490234 -44.82353591918945 -45.36784362792969 -46.84751510620117 -48.454017639160156 -50.36702346801758 -51.925968170166016 -52.85076141357422 -54.795475006103516 -56.3491325378418 -58.30441665649414 -59.87392807006836 -61.14221954345703 -63.129207611083984 -63.525550842285156 -63.94302749633789 