LTE(1) or 5G(2)
1 1 1 1 1 1 1 1 1 1 1 1 1 1 1 1 1 1 1 1 1 1 1 2 2 2 2 2 2 2 2 2 2 2 2 2 2 2 2 2 2 2 2 2 2 2 1 1 1 1 1 1 1 1 1 1 1 1 1 1 1 1 1 1 1 1 1 1 1 1 1 1 1 2 2 2 2 2 2 2 2 2 2 2 2 2 2 2 2 2 2 2 2 1 1 1 1 1 1 1 1 1 1 1 1 1 1 1 1 1 1 1 1 1 1 1 1 1 1 1 1 1 1 1 1 1 1 1 1 1 1 1 1 1 1 1 1 1 1 1 1 1 1 1 1 1 1 1 1 1 1 1 1 1 1 1 1 1 1 1 1 1 2 2 2 2 2 2 2 2 2 2 2 2 2 2 2 2 2 2 2 2 2 2 2 2 2 2 2 2 2 2 2 2 2 2 2 2 2 2 2 2 2 2 1 1 1 2 2 2 2 2 2 2 2 2 2 2 2 2 2 2 2 2 2 2 2 2 2 2 2 2 2 2 2 2 2 2 1 1 1 1 2 2 2 2 2 1 1 2 2 2 2 2 2 2 2 2 2 2 2 2 2 2 2 2 2 2 2 2 2 2 2 2 2 2 2 2 1 1 1 1 1 1 1 1 1 1 1 1 1 1 1 1 1 1 1 1 1 1 1 1 1 1 1 1 1 
SNR of LTE
10 10 10 8 8 8 8 7 7 7 7 7 7 7 7 5 5 5 5 5 5 5 3 3 3 3 3 2 3 3 3 3 3 3 3 3 3 3 3 2 2 1 1 1 1 1 1 1 1 1 1 1 1 1 1 1 1 1 1 0 0 0 0 0 0 0 0 0 0 0 0 0 -2 -2 -2 -2 -2 -2 -2 -2 -2 -2 -2 -2 -2 -2 -2 -2 -2 -2 -2 -2 -2 0 0 0 0 0 0 0 0 0 0 0 0 0 0 0 0 0 0 0 0 0 0 0 -2 -2 -2 -2 -2 -2 -2 -2 -2 -2 -2 -2 -2 -2 -2 -2 -2 -2 -2 0 0 0 0 0 0 0 0 0 0 0 0 0 0 0 0 0 0 0 0 0 0 0 0 0 0 -1 -1 -1 -1 -1 -3 -3 -3 -3 -3 -4 -4 -4 -4 -4 -4 -4 -4 -3 -3 -3 -3 -3 -3 -3 -3 -3 -4 -4 -4 -4 -4 -4 -4 -4 -4 -4 -4 -4 -4 -4 -4 -4 -4 -4 -4 -3 -3 -3 -3 -3 -3 -2 -2 -1 -1 -1 -1 -1 -1 -1 -1 -1 -1 -1 -1 -1 -1 -1 -1 -1 -1 -1 -1 -1 -1 0 0 0 0 0 0 0 -1 -1 -1 -1 -1 -1 -1 -1 -1 -1 -1 -1 -1 -1 -1 -1 0 0 0 0 0 0 0 0 0 0 0 0 0 0 0 1 1 1 1 1 1 1 1 1 1 1 1 1 1 1 1 1 1 1 1 1 3 3 3 3 3 3 3 3 3 3 3 
SNR of 5G
0 0 0 0 0 0 0 0 0 0 0 0 0 0 0 0 0 0 0 0 0 0 0 2 2 0 0 6 6 3 3 5 5 5 5 5 5 2 2 2 2 4 4 4 4 4 0 0 0 0 0 0 0 0 0 0 0 0 0 0 0 0 0 0 0 0 0 0 0 0 0 0 0 6 6 6 6 6 6 6 6 6 6 6 6 6 6 6 6 6 6 6 6 0 0 0 0 0 0 0 0 0 0 0 0 0 0 0 0 0 0 0 0 0 0 0 0 0 0 0 0 0 0 0 0 0 0 0 0 0 0 0 0 0 0 0 0 0 0 0 0 0 0 0 0 0 0 0 0 0 0 0 0 0 0 0 0 0 0 0 0 0 2 2 1 1 -1 -1 0 0 -1 -1 0 0 -1 -1 -1 -1 0 0 0 8 7 7 7 7 7 7 3 3 3 3 3 3 3 3 3 3 1 1 -2 -2 1 1 0 0 0 1 1 3 3 4 4 5 5 4 4 4 4 4 4 2 2 2 2 4 4 6 6 6 6 6 6 6 6 6 6 4 0 0 0 0 3 3 2 2 2 0 0 5 5 5 5 5 5 3 3 3 3 3 3 3 3 2 2 3 3 5 5 5 5 5 5 5 5 5 5 6 0 0 0 0 0 0 0 0 0 0 0 0 0 0 0 0 0 0 0 0 0 0 0 0 0 0 0 0 0 
RSSI
-51 -51 -51 -51 -51 -51 -51 -51 -51 -51 -51 -51 -51 -51 -51 -51 -51 -51 -51 -51 -51 -51 -51 -51 -51 -51 -51 -51 -51 -51 -51 -51 -51 -51 -51 -51 -51 -51 -51 -51 -51 -51 -51 -51 -51 -51 -51 -51 -51 -51 -51 -51 -51 -51 -51 -51 -51 -51 -51 -51 -51 -51 -51 -51 -51 -51 -51 -51 -51 -51 -51 -51 -51 -51 -51 -51 -51 -51 -51 -51 -51 -51 -51 -51 -51 -51 -51 -51 -51 -51 -51 -51 -51 -51 -51 -51 -51 -51 -51 -51 -51 -51 -51 -51 -51 -51 -51 -51 -51 -51 -51 -51 -51 -51 -51 -51 -51 -51 -51 -51 -51 -51 -51 -51 -51 -51 -51 -51 -51 -51 -51 -51 -51 -51 -51 -51 -51 -51 -51 -51 -51 -51 -51 -51 -51 -51 -51 -51 -51 -51 -51 -51 -51 -51 -51 -51 -51 -51 -51 -51 -51 -51 -51 -51 -51 -51 -51 -51 -51 -51 -51 -51 -51 -51 -51 -51 -51 -51 -51 -51 -51 -51 -51 -51 -51 -51 -51 -51 -51 -51 -51 -51 -51 -51 -51 -51 -51 -51 -51 -51 -51 -51 -51 -51 -51 -51 -51 -51 -51 -51 -51 -51 -51 -51 -51 -51 -51 -51 -51 -51 -51 -51 -51 -51 -51 -51 -51 -51 -51 -51 -51 -51 -51 -51 -51 -51 -51 -51 -51 -51 -51 -51 -51 -51 -51 -51 -51 -51 -51 -51 -51 -51 -51 -51 -51 -51 -51 -51 -51 -51 -51 -51 -51 -51 -51 -51 -51 -51 -51 -51 -51 -51 -51 -51 -51 -51 -51 -51 -51 -51 -51 -51 -51 -51 -51 -51 -51 -51 -51 -51 -51 -51 -51 -51 -51 -51 -51 -51 -51 -51 -51 -51 -51 -51 -51 -51 -51 
RSRP
-69 -69 -69 -69 -69 -69 -69 -70 -70 -70 -70 -70 -70 -70 -70 -71 -71 -71 -71 -71 -71 -71 -72 -73 -73 -73 -73 -71 -71 -71 -71 -71 -71 -71 -71 -71 -71 -71 -71 -71 -71 -71 -71 -71 -71 -71 -71 -71 -71 -71 -71 -71 -71 -71 -71 -71 -71 -71 -71 -75 -75 -75 -75 -75 -75 -75 -75 -75 -75 -75 -75 -75 -76 -77 -77 -77 -77 -77 -77 -77 -77 -77 -77 -77 -77 -77 -77 -77 -77 -77 -77 -77 -77 -75 -75 -75 -75 -75 -75 -75 -75 -75 -75 -74 -74 -75 -75 -75 -75 -75 -75 -75 -75 -75 -75 -75 -76 -76 -76 -76 -76 -76 -76 -76 -76 -76 -76 -76 -76 -76 -76 -76 -76 -76 -76 -77 -77 -77 -77 -77 -77 -77 -77 -77 -77 -77 -77 -77 -77 -77 -77 -77 -77 -77 -77 -77 -77 -76 -76 -76 -76 -76 -76 -76 -76 -76 -78 -78 -78 -78 -78 -80 -80 -80 -80 -81 -81 -81 -81 -81 -81 -81 -81 -81 -81 -81 -81 -81 -82 -82 -82 -82 -82 -82 -82 -82 -82 -82 -81 -81 -81 -80 -80 -80 -80 -80 -80 -80 -80 -80 -80 -80 -80 -80 -80 -79 -79 -79 -80 -80 -80 -80 -80 -80 -80 -81 -81 -81 -80 -80 -80 -80 -80 -80 -80 -80 -80 -79 -79 -79 -79 -79 -79 -79 -79 -79 -79 -78 -78 -78 -78 -78 -78 -78 -78 -76 -76 -76 -76 -76 -74 -74 -74 -74 -74 -74 -74 -73 -73 -73 -73 -73 -73 -73 -73 -73 -73 -73 -73 -73 -73 -73 -73 -73 -73 -73 -73 -73 -73 -73 -73 -73 -73 -73 -73 -73 -72 -72 -72 -72 -72 -72 -72 -72 -72 -72 -72 
CID
13754896 13754896 13754896 13754896 13754896 13754896 13754896 13769745 13769745 13769745 13769745 13769745 13769745 13769745 13769745 13769745 13769745 13769745 13769745 13769745 13769745 13769745 13769745 13769745 13769745 13769745 13769745 13769745 13769745 13769745 13769745 13769745 13769745 13769745 13769745 13769745 13769745 13769745 13769745 13769745 13769745 13769745 13769745 13769745 13769745 13769745 13769745 13769745 13769745 13769745 13769745 13769745 13769745 13769745 13769745 13769745 13769745 13769745 13769745 13769745 13769745 13769745 13769745 13769745 13769745 13769745 13769745 13769745 13769745 13769745 13769745 13769745 13769745 13769745 13769745 13769745 13769745 13769745 13769745 13769745 13769745 13769745 13769745 13769745 13769745 13769745 13769745 13769745 13769745 13769745 13769745 13769745 13769745 13769745 13769745 13769745 13769745 13769745 13769745 13769745 13769745 13769745 13769745 13769745 13769745 13769745 13769745 13769745 13769745 13769745 13769745 13769745 13769745 13769745 13769745 13769745 13754896 13754896 13754896 13754896 13754896 13754896 13754896 13754896 13754896 13754896 13754896 13754896 13754896 13754896 13754896 13754896 13754896 13754896 13754896 13754896 13754896 13754896 13754896 13754896 13754896 13754896 13754896 13754896 13754896 13754896 13754896 13754896 13754896 13754896 13754896 13754896 13754896 13754896 13754896 13754896 13754896 13754896 13754896 13754896 13754896 13754896 13769745 13769745 13769745 13769745 13769745 13769745 13769745 13769745 13769745 13769745 13769745 13769745 13769745 13769745 13769745 13769745 13769745 13769745 13769745 13754896 13754896 13754896 13754896 13754896 13754896 13754896 13754896 13754896 13754896 13754896 13754896 13754896 13754896 13754896 13754896 13754896 13754896 13754896 13754896 13754896 13754896 13754896 13754896 13769745 13769745 13769745 13769745 13769745 13769745 13769745 13769745 13769745 13769745 13769745 13769745 13769745 13792279 13792279 13792279 13792279 13792279 13792279 13792279 13792279 13792279 13792279 13792279 13792279 13792279 13792279 13792279 13792279 13792279 13792279 13792279 13792279 13792279 13792279 13792279 13792279 13792279 13792279 13792279 13792279 13792279 13769745 13769745 13769745 13769745 13769745 13769745 13769745 13769745 13769745 13769745 13769745 13769745 13769745 13769745 13769745 13769745 13769745 13769745 13769745 13769745 13769745 13769745 13769745 13769745 13769745 13769745 13769745 13769745 13769745 13769745 13769745 13769745 13769745 13769745 13769745 13769745 13769745 13769745 13769745 13769745 13769745 13769745 13769745 13769745 13769745 13769745 13769745 13769745 13769745 13769745 13769745 13769745 13769745 13769745 13769745 13769745 13769745 13769745 13769745 13769745 
RSRP of 5G
-88 -88 -88 -88 -88 -88 -88 -88 -88 -88 -88 -88 -88 -88 -88 -88 -88 -88 -88 -88 -88 -88 -88 -81 -81 -79 -79 -85 -85 -79 -79 -81 -81 -81 -81 -81 -81 -85 -85 -85 -85 -80 -80 -80 -80 -80 -80 -80 -80 -80 -80 -80 -80 -80 -80 -80 -80 -80 -80 -80 -80 -80 -80 -80 -80 -80 -80 -80 -80 -80 -80 -80 -80 -81 -81 -80 -80 -80 -80 -80 -80 -80 -80 -80 -80 -80 -80 -80 -80 -80 -80 -80 -80 -80 -80 -80 -80 -80 -80 -80 -80 -80 -80 -80 -80 -80 -80 -80 -80 -80 -80 -80 -80 -80 -80 -80 -80 -80 -80 -80 -80 -80 -80 -80 -80 -80 -80 -80 -80 -80 -80 -80 -80 -80 -80 -80 -80 -80 -80 -80 -80 -80 -80 -80 -80 -80 -80 -80 -80 -80 -80 -80 -80 -80 -80 -80 -80 -80 -80 -80 -80 -80 -82 -82 -84 -84 -81 -81 -80 -80 -84 -84 -88 -88 -83 -83 -87 -87 -79 -79 -79 -80 -81 -81 -78 -78 -78 -78 -76 -76 -76 -76 -76 -76 -76 -76 -76 -76 -87 -87 -115 -115 -86 -86 -86 -86 -86 -82 -82 -83 -83 -80 -80 -84 -84 -86 -86 -86 -82 -82 -82 -83 -83 -83 -83 -80 -80 -74 -74 -75 -75 -75 -75 -75 -75 -75 -75 -81 -81 -81 -81 -81 -83 -83 -84 -84 -84 -84 -84 -83 -83 -83 -83 -83 -83 -85 -85 -85 -85 -85 -81 -86 -86 -81 -81 -87 -87 -80 -80 -80 -80 -80 -80 -80 -80 -81 -81 -80 -80 -80 -80 -80 -80 -80 -80 -80 -80 -80 -80 -80 -80 -80 -80 -80 -80 -80 -80 -80 -80 -80 -80 -80 -80 -80 -80 -80 -80 
CQI
2147483647 2147483647 2147483647 2147483647 2147483647 2147483647 2147483647 2147483647 2147483647 2147483647 2147483647 2147483647 2147483647 2147483647 2147483647 2147483647 2147483647 2147483647 2147483647 2147483647 2147483647 2147483647 2147483647 2147483647 2147483647 2147483647 2147483647 2147483647 2147483647 2147483647 2147483647 2147483647 2147483647 2147483647 2147483647 2147483647 2147483647 2147483647 2147483647 2147483647 2147483647 2147483647 2147483647 2147483647 2147483647 2147483647 2147483647 2147483647 2147483647 2147483647 2147483647 2147483647 2147483647 2147483647 2147483647 2147483647 2147483647 2147483647 2147483647 2147483647 2147483647 2147483647 2147483647 2147483647 2147483647 2147483647 2147483647 2147483647 2147483647 2147483647 2147483647 2147483647 2147483647 2147483647 2147483647 2147483647 2147483647 2147483647 2147483647 2147483647 2147483647 2147483647 2147483647 2147483647 2147483647 2147483647 2147483647 2147483647 2147483647 2147483647 2147483647 2147483647 2147483647 2147483647 2147483647 2147483647 2147483647 2147483647 2147483647 2147483647 2147483647 2147483647 2147483647 2147483647 2147483647 2147483647 2147483647 2147483647 2147483647 2147483647 2147483647 2147483647 2147483647 2147483647 2147483647 2147483647 2147483647 2147483647 2147483647 2147483647 2147483647 2147483647 2147483647 2147483647 2147483647 2147483647 2147483647 2147483647 2147483647 2147483647 2147483647 2147483647 2147483647 2147483647 2147483647 2147483647 2147483647 2147483647 2147483647 2147483647 2147483647 2147483647 2147483647 2147483647 2147483647 2147483647 2147483647 2147483647 2147483647 2147483647 2147483647 2147483647 2147483647 2147483647 2147483647 2147483647 2147483647 2147483647 2147483647 2147483647 2147483647 2147483647 2147483647 2147483647 2147483647 2147483647 2147483647 2147483647 2147483647 2147483647 2147483647 2147483647 2147483647 2147483647 2147483647 2147483647 2147483647 2147483647 2147483647 2147483647 2147483647 2147483647 2147483647 2147483647 2147483647 2147483647 2147483647 2147483647 2147483647 2147483647 2147483647 2147483647 2147483647 2147483647 2147483647 2147483647 2147483647 2147483647 2147483647 2147483647 2147483647 2147483647 2147483647 2147483647 2147483647 2147483647 2147483647 2147483647 2147483647 2147483647 2147483647 2147483647 2147483647 2147483647 2147483647 2147483647 2147483647 2147483647 2147483647 2147483647 2147483647 2147483647 2147483647 2147483647 2147483647 2147483647 2147483647 2147483647 2147483647 2147483647 2147483647 2147483647 2147483647 2147483647 2147483647 2147483647 2147483647 2147483647 2147483647 2147483647 2147483647 2147483647 2147483647 2147483647 2147483647 2147483647 2147483647 2147483647 2147483647 2147483647 2147483647 2147483647 2147483647 2147483647 2147483647 2147483647 2147483647 2147483647 2147483647 2147483647 2147483647 2147483647 2147483647 2147483647 2147483647 2147483647 2147483647 2147483647 2147483647 2147483647 2147483647 2147483647 2147483647 2147483647 2147483647 2147483647 2147483647 2147483647 2147483647 2147483647 2147483647 2147483647 2147483647 2147483647 2147483647 2147483647 2147483647 2147483647 2147483647 2147483647 2147483647 2147483647 2147483647 2147483647 2147483647 2147483647 2147483647 2147483647 2147483647 2147483647 2147483647 2147483647 2147483647 2147483647 2147483647 2147483647 2147483647 
Altitude
-93.09259033203125 -92.38446807861328 -91.69747161865234 -90.69869232177734 -90.12796020507812 -89.20317077636719 -86.52918243408203 -84.29910278320312 -82.35968017578125 -80.4043960571289 -78.44911193847656 -76.32472229003906 -74.42757415771484 -72.29261779785156 -70.49058532714844 -68.22879791259766 -66.32636260986328 -64.06985473632812 -62.20969772338867 -60.2861213684082 -58.18815612792969 -56.04262924194336 -54.087345123291016 -52.39100646972656 -50.27718734741211 -48.374752044677734 -46.287353515625 -44.37963104248047 -42.31337356567383 -39.94589614868164 -37.847930908203125 -36.141021728515625 -34.08533477783203 -32.214603424072266 -30.12192153930664 -28.092655181884766 -26.216642379760742 -23.939001083374023 -21.804044723510742 -20.186973571777344 -18.659738540649414 -17.439006805419922 -16.419090270996094 -15.462587356567383 -14.743888854980469 -14.130880355834961 -13.380475044250488 -12.978849411010742 -12.698768615722656 -12.386980056762695 -12.032915115356445 -11.604866981506348 -11.382915496826172 -11.092266082763672 -10.997143745422363 -11.361778259277344 -11.150396347045898 -10.722347259521484 -10.621940612792969 -10.431697845458984 -11.240233421325684 -11.456899642944336 -11.552021026611328 -11.493891716003418 -12.614215850830078 -12.926004409790039 -14.130880355834961 -13.713401794433594 -12.28657341003418 -12.577223777770996 -12.815028190612793 -12.603646278381348 -12.207305908203125 -12.41868782043457 -12.386980056762695 -12.217874526977539 -12.080476760864258 -12.270719528198242 -11.99592399597168 -12.043484687805176 -12.143890380859375 -12.143890380859375 -12.429256439208984 -12.270719528198242 -12.191452026367188 -12.328849792480469 -12.8203125 -11.87437915802002 -12.281289100646973 -11.171533584594727 -11.303647994995117 -11.425191879272461 -11.552021026611328 -11.626005172729492 -11.377631187438965 -11.102834701538086 -10.59023380279541 -10.516250610351562 -10.595518112182617 -10.743485450744629 -10.806900024414062 -10.780477523803711 -10.188608169555664 -10.193892478942871 -9.998364448547363 -10.130477905273438 -10.621940612792969 -10.923160552978516 -11.240233421325684 -11.948362350463867 -12.270719528198242 -12.413402557373047 -12.540231704711914 -12.233728408813477 -12.228443145751953 -12.133321762084961 -11.927224159240723 -12.0117769241333 -11.93250846862793 -12.392264366149902 -12.254866600036621 -12.307711601257324 -12.51909351348877 -12.466248512268066 -12.439825057983398 -12.360557556152344 -12.027630805969238 -12.312995910644531 -12.117467880249023 -12.112183570861816 -12.154459953308105 -11.93250846862793 -12.233728408813477 -12.471532821655273 -11.451615333557129 -11.277225494384766 -11.24551773071289 -10.981290817260742 -10.606087684631348 -10.738201141357422 -10.75405502319336 -10.59023380279541 -10.722347259521484 -10.695924758911133 -10.817469596862793 -10.759339332580566 -10.870314598083496 -10.738201141357422 -10.547957420349121 -10.64307975769043 -10.532103538513184 -10.27844524383545 -10.510965347290039 -11.081696510314941 -11.351208686828613 -11.721126556396484 -12.371126174926758 -12.423972129821777 -12.46096420288086 -12.466248512268066 -12.645922660827637 -12.434540748596191 -12.466248512268066 -12.376411437988281 -12.360557556152344 -12.392264366149902 -12.545516967773438 -12.5296630859375 -12.651206970214844 -12.577223777770996 -13.158523559570312 -12.571939468383789 -12.70933723449707 -11.768688201904297 -12.381695747375488 -12.40811824798584 -12.614215850830078 -12.24429702758789 -13.343482971191406 -13.06340217590332 -12.381695747375488 -10.923160552978516 -11.319501876831055 -10.917875289916992 -11.034135818481445 -11.034135818481445 -10.442266464233398 -10.12519359588623 -10.220315933227539 -10.310153007507324 -10.39999008178711 -10.35771369934082 -10.421128273010254 -10.24673843383789 -10.257307052612305 -10.489827156066895 -10.759339332580566 -10.82275390625 -10.917875289916992 -11.425191879272461 -11.47803783416748 -11.673565864562988 -12.344703674316406 -12.482101440429688 -12.852020263671875 -12.910150527954102 -11.95364761352539 -13.042263984680176 -12.228443145751953 -12.328849792480469 -12.328849792480469 -12.24429702758789 -12.540231704711914 -12.223158836364746 -12.429256439208984 -12.35527229309082 -12.10689926147461 -12.29714298248291 -12.154459953308105 -12.260150909423828 -12.159744262695312 -12.149175643920898 -12.334135055541992 -12.096329689025879 -12.17559814453125 -12.260150909423828 -13.142670631408691 -11.95364761352539 -11.536168098449707 -10.547957420349121 -11.086980819702148 -11.515029907226562 -11.446331024169922 -11.541452407836914 -11.620720863342285 -10.94429874420166 -11.129257202148438 -11.483322143554688 -11.525598526000977 -11.462183952331543 -11.351208686828613 -11.039420127868652 -11.071127891540527 -9.882104873657227 -9.860965728759766 -10.47925853729248 -10.817469596862793 -10.896738052368164 -11.023567199707031 -12.191452026367188 -14.125596046447754 -15.039823532104492 -15.663399696350098 -16.67803192138672 -16.313398361206055 -17.555267333984375 -19.045509338378906 -19.73778533935547 -21.814613342285156 -22.42233657836914 -24.335342407226562 -27.363388061523438 -28.890623092651367 -29.593467712402344 -31.654441833496094 -32.716636657714844 -33.79996871948242 -35.691837310791016 -36.204437255859375 -38.8255729675293 -40.838985443115234 -42.07028579711914 -43.460121154785156 -43.71377944946289 -45.15645980834961 -47.391822814941406 -48.25849151611328 -50.12921905517578 -51.97352600097656 -54.214176177978516 -55.434906005859375 -57.31092071533203 -58.077178955078125 -59.99018859863281 -60.94668960571289 -61.554412841796875 -63.05522537231445 -64.2072525024414 -67.74261474609375 -68.66741180419922 -70.17879486083984 -73.13813781738281 -74.4698486328125 -75.59017181396484 -76.80561828613281 -78.16374969482422 -79.94464111328125 -81.37146759033203 -82.82471466064453 -83.8182144165039 -85.40885925292969 -86.55032348632812 -87.34300231933594 -88.72227478027344 -90.59300231933594 -91.51251220703125 -92.55357360839844 