LTE(1) or 5G(2)
2 2 2 2 2 2 2 2 2 2 2 2 2 2 2 2 2 2 2 2 2 2 2 2 2 2 2 2 2 2 2 2 2 2 2 2 2 2 2 2 2 2 2 2 2 1 1 2 2 1 1 2 2 2 2 2 2 2 1 1 1 2 2 2 2 2 2 2 2 2 2 2 2 2 2 2 2 2 2 1 1 1 2 2 2 2 2 2 2 2 2 2 2 1 1 1 1 1 2 2 2 2 2 2 2 1 1 1 1 1 1 1 1 1 1 1 1 2 2 2 2 2 1 1 2 2 2 2 2 1 1 1 2 2 2 2 2 2 2 2 2 2 2 2 2 2 2 2 2 2 2 2 2 2 2 2 2 2 2 2 2 2 2 2 2 2 2 2 2 2 2 2 2 1 1 2 2 2 2 2 2 2 2 2 2 2 2 2 2 2 2 2 2 2 2 2 2 2 2 2 2 2 2 2 2 2 2 2 2 2 2 2 2 2 2 2 2 2 2 2 2 2 2 2 2 2 2 2 2 2 2 2 2 2 2 2 2 2 2 2 2 2 2 2 2 2 2 2 2 2 2 2 2 2 2 2 2 2 2 2 2 2 2 2 2 2 2 2 2 2 2 2 2 2 2 2 2 2 2 2 2 2 2 2 2 2 2 2 2 2 2 2 2 2 2 
SNR of LTE
5 5 5 4 4 2 2 2 2 2 2 2 2 1 1 1 1 1 1 1 1 1 1 0 0 0 0 0 0 0 0 0 0 0 0 0 0 0 0 0 0 -1 -1 -1 -1 -1 -1 -1 -1 -1 -2 -2 -2 -3 -3 -3 -3 -3 -3 -4 -4 -4 -4 -4 -4 -4 -4 -4 -4 -4 -4 -4 -4 -5 -5 -5 -4 -3 -3 -3 -3 -3 -3 -3 -3 -3 -3 -3 -3 -3 -3 -3 -3 -3 -3 -3 -3 -2 -2 -2 -3 -3 -3 -3 -3 -3 -3 -2 -2 -2 -2 -2 -2 -2 -2 -3 -3 -3 -3 -3 -3 -3 -3 -3 -3 -3 -2 -2 -2 -2 -2 -2 -2 -2 -2 -2 -2 -2 -1 -1 0 0 0 0 0 0 0 0 0 0 0 0 0 2 2 2 3 3 3 3 3 3 3 3 3 4 4 4 4 4 4 4 4 3 3 3 3 3 2 1 1 1 1 1 1 0 0 0 0 0 0 0 0 0 0 -1 -2 -2 -2 -2 -2 -3 -3 -3 -3 -3 -5 -5 -5 -5 -5 -5 -5 -5 -5 -5 -5 -5 -5 -5 -6 -6 -6 -6 -6 -6 -6 -5 -5 -5 -5 -5 -3 -3 -3 -3 -4 -4 -4 -4 -4 -4 -4 -4 -2 -2 -2 -2 -2 -2 -2 -2 -2 -3 -3 -2 -2 -2 -2 -2 -2 -2 -2 -2 -2 -2 -2 -2 -2 -1 -1 -1 -1 0 0 0 0 0 0 0 0 0 0 0 0 0 0 0 0 1 1 1 1 1 1 
SNR of 5G
9 9 9 7 7 7 6 6 6 6 6 6 6 4 4 2 2 0 0 -1 -1 -1 -1 1 1 2 2 2 2 3 3 1 1 0 0 0 0 0 0 2 2 1 1 2 3 0 0 -3 -3 0 0 2 2 2 2 3 3 2 0 0 0 -8 -8 5 5 6 6 5 5 5 5 1 1 0 0 1 1 1 1 0 0 0 -3 -3 -3 -3 -3 -3 2 2 0 0 0 0 0 0 0 0 -2 -2 -3 -3 -5 -5 -6 0 0 0 0 0 0 0 0 0 0 0 0 -2 -2 -3 -3 -3 0 0 0 0 0 0 0 0 0 0 2 2 4 4 4 4 6 6 5 5 4 4 4 8 8 10 10 10 10 10 10 4 4 4 4 2 2 3 3 3 3 3 3 2 2 0 0 -3 -3 -3 -3 0 0 1 1 1 1 -1 -1 0 0 1 1 2 2 2 2 2 2 2 2 2 2 1 1 -1 -1 0 0 -2 -2 -4 -4 -4 1 -1 -1 1 1 1 1 1 1 2 2 2 2 2 1 3 3 1 1 0 0 1 1 3 3 6 6 6 6 6 7 7 7 7 7 7 7 7 6 4 4 4 4 4 4 4 4 0 0 0 0 -2 -2 -2 -2 -2 -2 3 3 1 1 4 4 2 2 3 3 3 3 4 4 3 3 3 3 3 3 3 3 4 4 4 4 8 8 3 3 0 -1 
RSSI
-51 -51 -51 -51 -51 -51 -51 -51 -51 -51 -51 -51 -51 -51 -51 -51 -51 -51 -51 -51 -51 -51 -51 -51 -51 -51 -51 -51 -51 -51 -51 -51 -51 -51 -51 -51 -51 -51 -51 -51 -51 -51 -51 -51 -51 -51 -51 -51 -51 -51 -51 -51 -51 -51 -51 -51 -51 -51 -51 -51 -51 -51 -51 -51 -51 -51 -51 -51 -51 -51 -51 -51 -51 -51 -51 -51 -51 -51 -51 -51 -51 -51 -51 -51 -51 -51 -51 -51 -51 -51 -51 -51 -51 -51 -51 -51 -51 -51 -51 -51 -51 -51 -51 -51 -51 -51 -51 -51 -51 -51 -51 -51 -51 -51 -51 -51 -51 -51 -51 -51 -51 -51 -51 -51 -51 -51 -51 -51 -51 -51 -51 -51 -51 -51 -51 -51 -51 -51 -51 -51 -51 -51 -51 -51 -51 -51 -51 -51 -51 -51 -51 -51 -51 -51 -51 -51 -51 -51 -51 -51 -51 -51 -51 -51 -51 -51 -51 -51 -51 -51 -51 -51 -51 -51 -51 -51 -51 -51 -51 -51 -51 -51 -51 -51 -51 -51 -51 -51 -51 -51 -51 -51 -51 -51 -51 -51 -51 -51 -51 -51 -51 -51 -51 -51 -51 -51 -51 -51 -51 -51 -51 -51 -51 -51 -51 -51 -51 -51 -51 -51 -51 -51 -51 -51 -51 -51 -51 -51 -51 -51 -51 -51 -51 -51 -51 -51 -51 -51 -51 -51 -51 -51 -51 -51 -51 -51 -51 -51 -51 -51 -51 -51 -51 -51 -51 -51 -51 -51 -51 -51 -51 -51 -51 -51 -51 -51 -51 -51 -51 -51 -51 -51 -51 -51 -51 -51 -51 -51 -51 -51 -51 -51 -51 -51 -51 -51 -51 -51 -51 -51 -51 -51 -51 -51 -51 
RSRP
-77 -77 -77 -76 -76 -76 -76 -76 -76 -76 -76 -76 -76 -75 -75 -75 -75 -75 -75 -75 -75 -75 -75 -75 -75 -75 -75 -75 -75 -75 -75 -75 -75 -75 -75 -75 -75 -75 -75 -75 -75 -76 -76 -76 -76 -76 -76 -75 -75 -75 -76 -76 -76 -76 -76 -76 -76 -76 -76 -76 -76 -76 -76 -76 -76 -76 -76 -77 -77 -77 -77 -77 -77 -78 -78 -78 -78 -78 -78 -78 -78 -78 -78 -78 -78 -78 -78 -78 -78 -78 -77 -77 -77 -77 -77 -77 -77 -76 -76 -76 -76 -76 -76 -76 -75 -75 -75 -74 -74 -74 -74 -74 -74 -74 -74 -74 -74 -74 -74 -74 -74 -74 -74 -74 -74 -74 -73 -73 -73 -74 -74 -74 -74 -74 -74 -74 -73 -73 -74 -74 -73 -73 -72 -72 -72 -71 -71 -71 -71 -71 -71 -71 -71 -69 -68 -68 -67 -67 -67 -67 -67 -67 -67 -67 -67 -67 -67 -67 -67 -67 -67 -67 -67 -67 -67 -67 -67 -67 -67 -68 -68 -68 -68 -70 -70 -71 -71 -71 -71 -71 -73 -73 -73 -73 -73 -73 -75 -75 -75 -75 -75 -75 -75 -76 -76 -76 -76 -76 -76 -76 -76 -76 -76 -76 -76 -77 -77 -77 -77 -77 -77 -78 -78 -78 -78 -78 -78 -79 -79 -79 -79 -79 -78 -78 -78 -78 -79 -79 -78 -78 -78 -78 -78 -78 -78 -78 -78 -78 -78 -78 -78 -78 -78 -77 -77 -77 -77 -78 -78 -78 -78 -78 -78 -77 -77 -77 -77 -77 -77 -77 -77 -77 -77 -76 -76 -76 -76 -76 -76 -76 -76 -75 -75 -75 -75 -75 -75 -75 -75 -75 -74 -74 -74 -74 -74 
CID
13792258 13792258 13792258 13792258 13792258 13792258 13792258 13792258 13792258 13792258 13792258 13792258 13792258 13792258 13792258 13792258 13792258 13792258 13792258 13792258 13792258 13792258 13792258 13792258 13792258 13792258 13792258 13792258 13792258 13792258 13792258 13792258 13792258 13792258 13792258 13792258 13792258 13792258 13792258 13792258 13792258 13792258 13792258 13792258 13792258 13792258 13792258 13792258 13792258 13792258 13792258 13792258 13792513 13792513 13792513 13792513 13792513 13792513 13792513 13769739 13769739 13769739 13769739 13769739 13769739 13769739 13769739 13769739 13769739 13769739 13769739 13769739 13769739 13769739 13769739 13769739 13769739 13769739 13769739 13769739 13769739 13769739 13769739 13769739 13769739 13769739 13769739 13769739 13769739 13769739 13769739 13769739 13769739 13769739 13769739 13769739 13769739 13769739 13769739 13769739 13769739 13769739 13769739 13769739 13769739 13769739 13769739 13769739 13769739 13769739 13769739 13769739 13769739 13769739 13769739 13769739 13769739 13769739 13769739 13769739 13769739 13769739 13769739 13769739 13769739 13769739 13769739 13769739 13769739 13769739 13769739 13769739 13769739 13769739 13769739 13769739 13769739 13769739 13769739 13769739 13769739 13769739 13769739 13769739 13769739 13769739 13769739 13769739 13769739 13769739 13769739 13769739 13769739 13769739 13769739 13769739 13769739 13769739 13769739 13769739 13769739 13769739 13769739 13769739 13769739 13769739 13769739 13769739 13769739 13769739 13769739 13769739 13769739 13769739 13769739 13769739 13769739 13769739 13769739 13769739 13769739 13769739 13769739 13769739 13769739 13769739 13769739 13769739 13769739 13769739 13769739 13769739 13769739 13769739 13769739 13769739 13769739 13769739 13769739 13769739 13769739 13769739 13769739 13769739 13769739 13769739 13754890 13754890 13754890 13754890 13754890 13754890 13754890 13754890 13754890 13769739 13769739 13769739 13769739 13769739 13792258 13792258 13792258 13792258 13792258 13792258 13792258 13769739 13769739 13769739 13792258 13792258 13792258 13792258 13792258 13792258 13792258 13792258 13792258 13792258 13792258 13792258 13792258 13792258 13792258 13792258 13792258 13792258 13792258 13792258 13792258 13792258 13792258 13792258 13792258 13792258 13792258 13792258 13792258 13792258 13792258 13792258 13792258 13792258 13792258 13792258 13792258 13792258 13792258 13792258 13792258 13792258 13792258 13792258 13792258 13792258 13792258 13792258 13792258 13792258 13792258 13792258 13792258 13792258 13792258 13792258 13792258 13792258 13792258 13792258 13792258 13792258 13792258 13792258 13792258 
RSRP of 5G
-83 -83 -83 -87 -87 -87 -79 -79 -79 -79 -79 -79 -79 -82 -82 -84 -84 -85 -85 -91 -91 -101 -101 -88 -88 -97 -97 -82 -82 -88 -88 -87 -87 -85 -85 -85 -85 -83 -83 -85 -85 -88 -88 -107 -86 -86 -86 -110 -110 -110 -110 -84 -84 -85 -85 -83 -83 -84 -84 -84 -84 -81 -81 -83 -83 -80 -80 -83 -83 -83 -83 -87 -87 -89 -89 -91 -86 -87 -87 -98 -98 -98 -92 -92 -92 -92 -86 -86 -86 -86 -85 -85 -102 -102 -102 -102 -102 -102 -91 -91 -83 -83 -116 -116 -138 -138 -138 -138 -138 -138 -138 -138 -138 -138 -138 -138 -138 -85 -85 -85 -85 -98 -98 -98 -91 -91 -85 -85 -90 -90 -90 -90 -82 -82 -80 -80 -88 -88 -80 -80 -81 -81 -81 -81 -81 -75 -75 -73 -73 -73 -73 -73 -73 -82 -82 -82 -76 -77 -77 -78 -78 -78 -78 -78 -78 -80 -80 -82 -82 -82 -82 -82 -82 -82 -82 -79 -79 -79 -79 -87 -87 -81 -81 -79 -79 -80 -80 -80 -80 -80 -77 -77 -77 -77 -77 -78 -78 -81 -81 -92 -92 -94 -94 -95 -88 -88 -81 -84 -85 -86 -86 -86 -86 -86 -84 -84 -84 -83 -83 -83 -82 -87 -87 -88 -88 -83 -83 -80 -80 -79 -79 -74 -74 -74 -74 -74 -72 -72 -73 -73 -73 -73 -73 -73 -74 -75 -75 -75 -75 -75 -75 -75 -75 -81 -81 -82 -82 -89 -89 -89 -89 -108 -81 -90 -90 -107 -84 -94 -94 -105 -105 -89 -89 -85 -85 -89 -89 -85 -85 -85 -85 -87 -87 -87 -87 -82 -82 -82 -82 -79 -79 -84 -84 -99 -85 
CQI
2147483647 2147483647 2147483647 2147483647 2147483647 2147483647 2147483647 2147483647 2147483647 2147483647 2147483647 2147483647 2147483647 2147483647 2147483647 2147483647 2147483647 2147483647 2147483647 2147483647 2147483647 2147483647 2147483647 2147483647 2147483647 2147483647 2147483647 2147483647 2147483647 2147483647 2147483647 2147483647 2147483647 2147483647 2147483647 2147483647 2147483647 2147483647 2147483647 2147483647 2147483647 2147483647 2147483647 2147483647 2147483647 2147483647 2147483647 2147483647 2147483647 2147483647 2147483647 2147483647 2147483647 2147483647 2147483647 2147483647 2147483647 2147483647 2147483647 2147483647 2147483647 2147483647 2147483647 2147483647 2147483647 2147483647 2147483647 2147483647 2147483647 2147483647 2147483647 2147483647 2147483647 2147483647 2147483647 2147483647 2147483647 2147483647 2147483647 2147483647 2147483647 2147483647 2147483647 2147483647 2147483647 2147483647 2147483647 2147483647 2147483647 2147483647 2147483647 2147483647 2147483647 2147483647 2147483647 2147483647 2147483647 2147483647 2147483647 2147483647 2147483647 2147483647 2147483647 2147483647 2147483647 2147483647 2147483647 2147483647 2147483647 2147483647 2147483647 2147483647 2147483647 2147483647 2147483647 2147483647 2147483647 2147483647 2147483647 2147483647 2147483647 2147483647 2147483647 2147483647 2147483647 2147483647 2147483647 2147483647 2147483647 2147483647 2147483647 2147483647 2147483647 2147483647 2147483647 2147483647 2147483647 2147483647 2147483647 2147483647 2147483647 2147483647 2147483647 2147483647 2147483647 2147483647 2147483647 2147483647 2147483647 2147483647 2147483647 2147483647 2147483647 2147483647 2147483647 2147483647 2147483647 2147483647 2147483647 2147483647 2147483647 2147483647 2147483647 2147483647 2147483647 2147483647 2147483647 2147483647 2147483647 2147483647 2147483647 2147483647 2147483647 2147483647 2147483647 2147483647 2147483647 2147483647 2147483647 2147483647 2147483647 2147483647 2147483647 2147483647 2147483647 2147483647 2147483647 2147483647 2147483647 2147483647 2147483647 2147483647 2147483647 2147483647 2147483647 2147483647 2147483647 2147483647 2147483647 2147483647 2147483647 2147483647 2147483647 2147483647 2147483647 2147483647 2147483647 2147483647 2147483647 2147483647 2147483647 2147483647 2147483647 2147483647 2147483647 2147483647 2147483647 2147483647 2147483647 2147483647 2147483647 2147483647 2147483647 2147483647 2147483647 2147483647 2147483647 2147483647 2147483647 2147483647 2147483647 2147483647 2147483647 2147483647 2147483647 2147483647 2147483647 2147483647 2147483647 2147483647 2147483647 2147483647 2147483647 2147483647 2147483647 2147483647 2147483647 2147483647 2147483647 2147483647 2147483647 2147483647 2147483647 2147483647 2147483647 2147483647 2147483647 2147483647 2147483647 2147483647 2147483647 2147483647 2147483647 2147483647 2147483647 2147483647 2147483647 2147483647 2147483647 2147483647 2147483647 2147483647 2147483647 2147483647 2147483647 2147483647 2147483647 2147483647 2147483647 2147483647 2147483647 2147483647 2147483647 2147483647 2147483647 2147483647 2147483647 2147483647 2147483647 2147483647 2147483647 2147483647 2147483647 2147483647 2147483647 
Altitude
-62.838558197021484 -62.11457443237305 -61.40644454956055 -60.645469665527344 -59.921485900878906 -58.917423248291016 -57.723114013671875 -55.6410026550293 -53.6434440612793 -51.33409881591797 -49.27840805053711 -47.101173400878906 -45.056053161621094 -42.94223403930664 -40.770286560058594 -38.836143493652344 -36.489803314208984 -34.497528076171875 -32.510536193847656 -30.4337100982666 -28.705663681030273 -26.739810943603516 -24.853227615356445 -22.728839874267578 -20.53575325012207 -18.532909393310547 -16.83128547668457 -15.5260009765625 -14.342262268066406 -13.443889617919922 -12.508524894714355 -11.583728790283203 -10.886168479919434 -10.225600242614746 -10.162185668945312 -9.501617431640625 -9.374788284301758 -9.173974990844727 -8.89389419555664 -8.904462814331055 -8.534544944763184 -8.53982925415039 -8.413000106811523 -8.175195693969727 -7.969098091125488 -7.731293678283691 -5.934547424316406 -3.6833298206329346 -2.4097537994384766 -2.1772336959838867 -0.5918693542480469 1.1599582433700562 3.1363792419433594 4.7323126792907715 6.967676162719727 9.136982917785645 11.174176216125488 13.09775161743164 14.923563003540039 16.794292449951172 19.283315658569336 21.093273162841797 23.10140037536621 25.37639808654785 27.371315002441406 29.39529800415039 31.33736801147461 33.53309631347656 35.68126678466797 37.30097961425781 39.30646514892578 40.9288215637207 42.52211380004883 43.88816833496094 45.11418533325195 46.35076904296875 47.00869369506836 47.77495574951172 48.08409881591797 48.64162063598633 48.8820686340332 49.07759475708008 49.3576774597168 49.66682434082031 49.65361022949219 49.88877487182617 49.806861877441406 50.517635345458984 50.55462646484375 50.451576232910156 50.514991760253906 50.18470764160156 50.522918701171875 50.427799224853516 48.71824645996094 48.80015563964844 47.56621551513672 45.99142074584961 44.03349304199219 43.09020233154297 41.30402374267578 40.73065185546875 35.905860900878906 37.15301513671875 35.691837310791016 34.637569427490234 32.082489013671875 30.195905685424805 29.469280242919922 30.44956398010254 27.506071090698242 25.069894790649414 23.00627899169922 23.917863845825195 19.898963928222656 18.340023040771484 17.785144805908203 16.730878829956055 15.058319091796875 13.745108604431152 12.989418029785156 10.563811302185059 10.093486785888672 7.110359191894531 5.73901891708374 5.181499004364014 4.0611748695373535 3.144305944442749 1.831095814704895 0.36727607250213623 -1.273576021194458 -2.784956693649292 -4.190646171569824 -6.4207258224487305 -6.732513904571533 -7.393082618713379 -7.440643310546875 -7.715439796447754 -7.29796028137207 -8.196333885192871 -8.69308090209961 -8.957308769226074 -9.026007652282715 -9.332511901855469 -9.23738956451416 -9.53860855102539 -9.559746742248535 -9.871535301208496 -9.956088066101074 -10.473974227905273 -10.569095611572266 -10.447550773620605 -9.993080139160156 -9.131698608398438 -6.843489646911621 -2.3304855823516846 -3.9951181411743164 -4.010972023010254 -1.0146331787109375 -0.8191049098968506 1.6434943675994873 4.005687236785889 6.024384498596191 6.986172199249268 10.275803565979004 11.308932304382324 14.45852279663086 16.181285858154297 17.845918655395508 19.698152542114258 22.018068313598633 24.145099639892578 26.042251586914062 27.656681060791016 30.33066177368164 32.12212371826172 33.921512603759766 35.837162017822266 37.776588439941406 38.36317443847656 40.186344146728516 42.29751968383789 43.689998626708984 44.403411865234375 45.42861557006836 46.00991439819336 46.11560821533203 46.07597351074219 46.86601257324219 47.06418228149414 47.56885528564453 47.58470916748047 47.68775939941406 47.944061279296875 48.144874572753906 47.944061279296875 48.69182205200195 48.21621322631836 49.06174087524414 49.241416931152344 49.024749755859375 47.040401458740234 45.056053161621094 43.67942810058594 42.334510803222656 40.56947326660156 39.59711837768555 37.398746490478516 35.36948013305664 34.7274055480957 32.8857421875 31.633302688598633 30.840621948242188 28.95139503479004 28.13228988647461 26.232494354248047 25.268064498901367 22.92172622680664 22.501604080200195 20.448556900024414 18.55140495300293 17.325389862060547 15.325188636779785 13.81380844116211 12.955068588256836 11.93250846862793 9.599381446838379 8.156699180603027 7.062798023223877 5.456295490264893 4.742881774902344 3.3292651176452637 2.3067049980163574 1.2392264604568481 -1.1626005172729492 -1.9711363315582275 -3.059753179550171 -5.099588394165039 -7.017879486083984 -7.6203179359436035 -7.493488788604736 -7.266253471374512 -7.836984634399414 -8.037796974182129 -8.597959518432617 -8.899178504943848 -9.057714462280273 -9.195113182067871 -9.46990966796875 -9.607307434082031 -9.829258918762207 -10.188608169555664 -10.310153007507324 -10.653648376464844 -10.209746360778809 -10.415843963623047 -10.294299125671387 -10.52153491973877 -11.552021026611328 -13.132101058959961 -14.828441619873047 -16.466651916503906 -17.925186157226562 -19.484127044677734 -20.984939575195312 -21.809328079223633 -23.56908416748047 -24.90607452392578 -26.200788497924805 -27.960542678833008 -28.198347091674805 -30.750783920288086 -31.69143295288086 -33.408912658691406 -34.84102249145508 -36.66947555541992 -38.048744201660156 -39.206058502197266 -41.388580322265625 -42.14955139160156 -43.962154388427734 -45.7588996887207 -46.96906280517578 -48.21092987060547 -50.018245697021484 -51.725154876708984 -52.25889205932617 -54.008079528808594 -54.27230453491211 -55.82596206665039 -58.267425537109375 -60.0536003112793 -61.50685119628906 -62.09872055053711 -63.256038665771484 