LTE(1) or 5G(2)
2 2 2 2 2 2 2 2 2 2 2 2 2 2 2 2 2 2 2 2 2 2 2 2 2 2 2 2 2 2 2 2 2 2 2 2 2 2 2 2 2 2 2 2 2 2 2 2 2 2 2 2 2 2 2 2 2 2 2 2 2 2 1 1 1 1 2 2 2 2 2 2 1 1 2 2 2 2 2 2 2 2 2 2 2 2 2 2 2 2 2 2 2 2 2 2 2 2 2 2 2 2 2 2 2 2 2 2 2 2 2 2 2 2 2 2 2 2 2 2 2 2 2 2 2 2 2 2 2 2 2 2 2 2 2 2 2 2 2 2 2 2 2 2 2 2 2 2 2 2 2 2 2 2 2 2 2 2 2 2 2 2 2 2 2 2 2 2 2 2 2 2 2 2 2 2 2 2 2 1 1 1 2 2 2 2 2 2 2 2 2 2 2 2 2 2 2 2 2 2 2 2 2 2 2 2 2 2 2 2 2 2 1 1 1 2 2 2 2 2 2 2 2 2 2 2 2 2 2 2 2 2 2 2 2 2 2 2 2 2 2 2 2 2 2 2 2 2 2 2 2 2 2 2 2 2 2 2 2 2 2 2 2 2 2 2 2 2 2 2 2 2 2 2 2 2 2 2 2 2 2 2 2 2 2 2 2 2 2 2 2 2 2 2 2 2 2 2 2 2 2 2 2 2 2 2 2 2 2 2 2 2 2 2 2 2 2 2 2 2 2 2 2 2 2 2 2 2 2 2 2 2 2 2 2 2 2 2 2 2 2 
SNR of LTE
10 10 10 10 10 10 10 10 10 10 10 10 8 8 8 8 8 8 8 7 7 7 7 7 7 6 5 5 5 5 5 5 5 5 5 4 3 3 3 2 2 2 2 2 2 2 2 1 -1 -1 -1 -1 -1 -1 -1 -2 -2 -2 -2 -2 -3 -3 -3 -3 -3 -3 -4 -4 -4 -4 -4 -4 -4 -4 -4 -4 -4 -4 -4 -4 -4 -4 -4 -4 -4 -4 -4 -4 -4 -4 -4 -4 -4 -4 -4 -4 -4 -4 -4 -4 -2 -2 -1 -1 -1 -1 0 0 0 0 0 0 0 0 0 0 -1 -1 -1 -1 0 0 0 0 0 0 -1 -1 -1 -1 -2 -2 -3 -3 -3 -3 -3 -3 -3 -3 -3 -3 -3 -3 -3 -3 -3 -3 -3 -3 -2 -2 -1 -1 -1 -1 0 0 0 0 1 1 1 1 1 0 0 0 0 -2 -2 -2 -2 -1 -1 -1 -1 -1 -1 -1 -2 -2 -2 -2 -3 -3 -2 -2 -2 -2 -2 -5 -5 -5 -5 -5 -3 -4 -4 -4 -4 -4 -4 -4 -5 -5 -4 -4 -4 -4 -4 -4 -4 -4 -4 -2 -2 -2 -2 -2 -2 0 0 0 0 0 0 0 0 1 1 1 1 1 1 1 0 0 0 0 0 0 0 0 0 0 -1 -1 -1 -1 -2 -2 -2 -2 -3 -3 -3 -3 -4 -4 -4 -4 -4 -4 -4 -4 -4 -4 -4 -3 -3 -3 -3 -3 -3 -3 -3 -3 -3 -3 -3 -3 -3 -3 -1 0 0 0 0 0 0 0 0 0 0 0 0 0 0 0 2 2 2 3 3 3 4 4 4 4 4 4 4 4 5 5 5 5 5 5 5 5 5 6 6 6 6 6 6 6 7 7 7 7 7 9 9 9 9 9 9 
SNR of 5G
10 10 10 9 9 10 10 9 9 9 9 9 7 8 8 8 8 8 8 6 6 6 6 6 6 3 3 3 3 3 3 3 3 3 3 5 5 4 4 4 4 4 4 4 4 4 4 2 2 1 2 1 1 -2 -2 2 2 3 3 4 4 3 0 0 0 0 4 4 4 4 4 2 0 0 -2 -2 4 4 3 3 4 4 4 4 4 4 4 4 5 5 5 5 5 5 5 5 5 5 5 5 2 2 3 3 3 3 3 3 3 3 2 2 1 1 0 0 0 0 2 2 0 0 -1 -1 -1 -1 -1 -1 -2 -2 0 0 -1 -1 -1 -2 0 0 -3 -4 0 0 0 0 -2 -2 -2 -3 0 0 0 0 0 0 -1 -1 -1 -1 -1 -1 -1 -4 1 1 -1 -1 -2 -2 -1 -2 3 3 3 3 2 2 2 2 10 0 0 0 0 0 3 3 1 1 -2 -3 2 0 0 0 0 0 -2 -2 0 0 -2 -2 -3 -3 2 2 0 3 -1 -1 -1 -1 0 0 0 1 1 -7 -7 -7 -7 -5 -4 -4 -4 1 1 1 1 2 2 2 2 1 1 1 2 2 5 5 5 5 5 5 5 5 2 2 1 1 0 0 0 0 0 0 -2 -2 -2 -2 1 1 1 1 1 1 0 0 -1 -1 0 0 -3 -3 -2 -2 0 0 0 0 0 0 0 0 0 1 7 7 5 5 3 3 2 2 1 1 2 2 2 2 5 5 5 5 5 5 7 7 7 7 7 7 7 7 6 6 5 5 3 3 3 3 3 10 10 10 12 12 10 10 10 10 10 10 10 10 10 10 10 10 10 
RSSI
-51 -51 -51 -51 -51 -51 -51 -51 -51 -51 -51 -51 -51 -51 -51 -51 -51 -51 -51 -51 -51 -51 -51 -51 -51 -51 -51 -51 -51 -51 -51 -51 -51 -51 -51 -51 -51 -51 -51 -51 -51 -51 -51 -51 -51 -51 -51 -51 -51 -51 -51 -51 -51 -51 -51 -51 -51 -51 -51 -51 -51 -51 -51 -51 -51 -51 -51 -51 -51 -51 -51 -51 -51 -51 -51 -51 -51 -51 -51 -51 -51 -51 -51 -51 -51 -51 -51 -51 -51 -51 -51 -51 -51 -51 -51 -51 -51 -51 -51 -51 -51 -51 -51 -51 -51 -51 -51 -51 -51 -51 -51 -51 -51 -51 -51 -51 -51 -51 -51 -51 -51 -51 -51 -51 -51 -51 -51 -51 -51 -51 -51 -51 -51 -51 -51 -51 -51 -51 -51 -51 -51 -51 -51 -51 -51 -51 -51 -51 -51 -51 -51 -51 -51 -51 -51 -51 -51 -51 -51 -51 -51 -51 -51 -51 -51 -51 -51 -51 -51 -51 -51 -51 -51 -51 -51 -51 -51 -51 -51 -51 -51 -51 -51 -51 -51 -51 -51 -51 -51 -51 -51 -51 -51 -51 -51 -51 -51 -51 -51 -51 -51 -51 -51 -51 -51 -51 -51 -51 -51 -51 -51 -51 -51 -51 -51 -51 -51 -51 -51 -51 -51 -51 -51 -51 -51 -51 -51 -51 -51 -51 -51 -51 -51 -51 -51 -51 -51 -51 -51 -51 -51 -51 -51 -51 -51 -51 -51 -51 -51 -51 -51 -51 -51 -51 -51 -51 -51 -51 -51 -51 -51 -51 -51 -51 -51 -51 -51 -51 -51 -51 -51 -51 -51 -51 -51 -51 -51 -51 -51 -51 -51 -51 -51 -51 -51 -51 -51 -51 -51 -51 -51 -51 -51 -51 -51 -51 -51 -51 -51 -51 -51 -51 -51 -51 -51 -51 -51 -51 -51 -51 -51 -51 -51 -51 -51 -51 -51 -51 -51 -51 -51 -51 -51 -51 -51 -51 -51 -51 -51 -51 -51 -51 -51 -51 -51 -51 -51 -51 -51 -51 -51 
RSRP
-68 -68 -68 -68 -68 -68 -68 -68 -68 -68 -68 -68 -67 -67 -67 -67 -67 -67 -67 -68 -68 -68 -68 -68 -68 -67 -67 -67 -67 -67 -67 -67 -67 -67 -67 -68 -69 -69 -69 -70 -70 -70 -70 -70 -70 -70 -70 -70 -72 -72 -72 -72 -72 -73 -73 -73 -73 -74 -74 -74 -75 -75 -76 -76 -76 -76 -77 -77 -77 -77 -78 -77 -77 -77 -77 -77 -77 -77 -78 -78 -78 -78 -78 -78 -77 -77 -77 -77 -76 -76 -76 -76 -76 -76 -76 -76 -76 -76 -76 -76 -75 -75 -75 -75 -75 -75 -74 -74 -74 -74 -74 -74 -74 -74 -74 -74 -74 -74 -74 -74 -75 -75 -75 -75 -75 -75 -76 -76 -76 -76 -77 -77 -78 -78 -79 -79 -79 -79 -78 -78 -78 -78 -78 -78 -77 -77 -77 -77 -77 -77 -76 -76 -76 -76 -76 -76 -75 -75 -75 -75 -75 -75 -75 -75 -75 -75 -75 -75 -75 -75 -75 -75 -75 -74 -73 -73 -73 -73 -74 -74 -74 -74 -74 -74 -74 -74 -74 -74 -74 -74 -74 -75 -75 -75 -75 -75 -74 -75 -75 -75 -75 -75 -76 -76 -76 -76 -76 -76 -76 -75 -75 -75 -75 -75 -75 -74 -74 -74 -74 -74 -74 -74 -73 -71 -71 -71 -71 -71 -71 -70 -70 -70 -70 -70 -70 -70 -71 -71 -71 -71 -71 -71 -71 -71 -71 -71 -72 -72 -72 -72 -74 -74 -74 -74 -75 -75 -75 -75 -76 -76 -76 -76 -76 -76 -75 -75 -75 -75 -75 -75 -75 -75 -74 -74 -74 -74 -74 -74 -74 -74 -74 -74 -74 -74 -73 -72 -72 -72 -71 -71 -71 -71 -71 -70 -70 -70 -70 -70 -70 -70 -69 -69 -69 -68 -68 -68 -68 -68 -68 -68 -68 -68 -68 -68 -68 -68 -68 -68 -68 -68 -68 -68 -68 -68 -68 -68 -68 -68 -68 -68 -68 -68 -68 -68 -68 -68 -68 -68 -68 -68 -68 
CID
13678086 13678086 13678086 13678086 13678086 13678086 13678086 13678086 13678086 13678086 13678086 13678086 13678086 13678086 13678086 13678086 13678086 13678086 13678086 13678086 13678086 13678086 13678086 13678086 13678086 13678086 13678086 13678086 13678086 13678086 13678086 13678086 13678086 13678086 13678086 13678086 13678086 13678086 13678086 13678086 13678086 13678086 13678086 13678086 13678086 13678086 13678086 13678086 13678086 13678086 13769742 13769742 13769742 13769742 13769742 13769742 13769742 13769742 13769742 13769742 13769742 13769742 13769742 13769742 13769742 13769742 13769742 13769742 13769742 13769742 13769742 13678086 13678086 13678086 13678086 13678086 13678086 13769742 13769742 13769742 13769742 13769742 13769742 13769742 13769742 13769742 13769742 13769742 13769742 13769742 13769742 13769742 13769742 13769742 13769742 13769742 13769742 13769742 13769742 13769742 13769742 13769742 13769742 13769742 13769742 13769742 13769742 13769742 13769742 13769742 13769742 13769742 13769742 13769742 13769742 13769742 13769742 13769742 13769742 13769742 13769742 13769742 13769742 13769742 13769742 13769742 13769742 13769742 13769742 13769742 13769742 13769742 13769742 13769742 13769742 13769742 13792526 13792526 13792526 13792526 13792526 13792526 13792526 13792526 13792526 13792526 13792526 13792526 13792526 13792526 13792526 13792526 13792526 13792526 13792526 13792526 13792526 13792526 13792526 13792526 13792526 13792526 13792526 13792526 13792526 13678086 13678086 13678086 13678086 13769742 13769742 13769742 13769742 13769742 13769742 13769742 13769742 13769742 13769742 13769742 13678086 13678086 13678086 13678086 13678086 13678086 13678086 13678086 13678086 13792526 13792526 13792526 13792526 13792526 13792526 13792526 13792526 13678086 13678086 13678086 13678086 13678086 13678086 13678086 13678086 13678086 13678086 13678086 13678086 13678086 13678086 13678086 13678086 13678086 13678086 13678086 13678086 13678086 13678086 13678086 13678086 13678086 13678086 13678086 13678086 13678086 13678086 13678086 13678086 13678086 13678086 13678086 13678086 13678086 13678086 13678086 13678086 13678086 13678086 13678086 13678086 13678086 13678086 13678086 13678086 13678086 13678086 13678086 13678086 13678086 13678086 13678086 13678086 13678086 13678086 13678086 13678086 13678086 13678086 13678086 13678086 13678086 13769742 13769742 13769742 13769742 13769742 13769742 13769742 13769742 13769742 13769742 13769742 13769742 13769742 13769742 13678086 13678086 13678086 13678086 13678086 13678086 13678086 13678086 13678086 13678086 13678086 13678086 13678086 13678086 13678086 13678086 13678086 13678086 13678086 13678086 13678086 13678086 13678086 13678086 13678086 13678086 13678086 13678086 13678086 13678086 13678086 13678086 13678086 13678086 13678086 13678086 13678086 13678086 13678086 13678086 13678086 13678086 13678086 13678086 13678086 13678086 13678086 13678086 13678086 13678086 13678086 13678086 13678086 13678086 13678086 13678086 13678086 13678086 13678086 13678086 13678086 13678086 13678086 13678086 13678086 
RSRP of 5G
-81 -81 -81 -89 -89 -81 -81 -88 -88 -88 -88 -88 -87 -77 -77 -77 -77 -77 -77 -82 -82 -82 -82 -82 -82 -88 -88 -84 -84 -84 -84 -84 -84 -84 -84 -79 -79 -82 -82 -85 -85 -85 -85 -85 -85 -85 -85 -85 -85 -95 -77 -81 -81 -83 -83 -86 -86 -88 -88 -95 -95 -86 -86 -86 -86 -86 -83 -83 -83 -83 -90 -102 -102 -102 -98 -87 -85 -85 -91 -91 -81 -81 -81 -81 -82 -82 -82 -82 -85 -85 -85 -85 -85 -85 -85 -85 -85 -85 -85 -85 -83 -83 -83 -83 -83 -83 -80 -80 -84 -84 -84 -84 -81 -81 -89 -80 -92 -92 -81 -81 -86 -86 -89 -89 -97 -97 -89 -89 -86 -86 -88 -88 -88 -88 -92 -80 -87 -87 -92 -82 -91 -91 -85 -85 -86 -86 -91 -84 -85 -85 -90 -90 -87 -87 -87 -87 -97 -97 -86 -86 -84 -81 -87 -87 -93 -93 -87 -87 -81 -78 -78 -78 -78 -78 -79 -79 -79 -79 -73 -73 -73 -73 -79 -79 -77 -77 -84 -84 -86 -78 -83 -79 -79 -79 -79 -79 -79 -79 -79 -79 -80 -80 -73 -73 -73 -73 -82 -78 -80 -80 -80 -80 -91 -91 -91 -82 -82 -86 -86 -86 -86 -100 -81 -81 -81 -89 -89 -82 -82 -84 -84 -83 -83 -83 -86 -86 -78 -78 -75 -75 -75 -75 -75 -75 -75 -75 -81 -81 -80 -80 -82 -82 -82 -82 -82 -82 -85 -85 -116 -85 -82 -82 -86 -86 -89 -89 -86 -86 -84 -84 -83 -83 -110 -81 -88 -88 -81 -81 -83 -83 -84 -84 -84 -84 -89 -81 -84 -84 -80 -80 -82 -82 -84 -84 -87 -87 -83 -83 -82 -82 -83 -83 -83 -83 -83 -83 -79 -79 -79 -79 -79 -79 -79 -79 -86 -86 -88 -88 -82 -82 -82 -82 -82 -83 -83 -83 -79 -79 -86 -86 -87 -87 -84 -84 -84 -83 -83 -83 -83 -83 -83 
CQI
2147483647 2147483647 2147483647 2147483647 2147483647 2147483647 2147483647 2147483647 2147483647 2147483647 2147483647 2147483647 2147483647 2147483647 2147483647 2147483647 2147483647 2147483647 2147483647 2147483647 2147483647 2147483647 2147483647 2147483647 2147483647 2147483647 2147483647 2147483647 2147483647 2147483647 2147483647 2147483647 2147483647 2147483647 2147483647 2147483647 2147483647 2147483647 2147483647 2147483647 2147483647 2147483647 2147483647 2147483647 2147483647 2147483647 2147483647 2147483647 2147483647 2147483647 2147483647 2147483647 2147483647 2147483647 2147483647 2147483647 2147483647 2147483647 2147483647 2147483647 2147483647 2147483647 2147483647 2147483647 2147483647 2147483647 2147483647 2147483647 2147483647 2147483647 2147483647 2147483647 2147483647 2147483647 2147483647 2147483647 2147483647 2147483647 2147483647 2147483647 2147483647 2147483647 2147483647 2147483647 2147483647 2147483647 2147483647 2147483647 2147483647 2147483647 2147483647 2147483647 2147483647 2147483647 2147483647 2147483647 2147483647 2147483647 2147483647 2147483647 2147483647 2147483647 2147483647 2147483647 2147483647 2147483647 2147483647 2147483647 2147483647 2147483647 2147483647 2147483647 2147483647 2147483647 2147483647 2147483647 2147483647 2147483647 2147483647 2147483647 2147483647 2147483647 2147483647 2147483647 2147483647 2147483647 2147483647 2147483647 2147483647 2147483647 2147483647 2147483647 2147483647 2147483647 2147483647 2147483647 2147483647 2147483647 2147483647 2147483647 2147483647 2147483647 2147483647 2147483647 2147483647 2147483647 2147483647 2147483647 2147483647 2147483647 2147483647 2147483647 2147483647 2147483647 2147483647 2147483647 2147483647 2147483647 2147483647 2147483647 2147483647 2147483647 2147483647 2147483647 2147483647 2147483647 2147483647 2147483647 2147483647 2147483647 2147483647 2147483647 2147483647 2147483647 2147483647 2147483647 2147483647 2147483647 2147483647 2147483647 2147483647 2147483647 2147483647 2147483647 2147483647 2147483647 2147483647 2147483647 2147483647 2147483647 2147483647 2147483647 2147483647 2147483647 2147483647 2147483647 2147483647 2147483647 2147483647 2147483647 2147483647 2147483647 2147483647 2147483647 2147483647 2147483647 2147483647 2147483647 2147483647 2147483647 2147483647 2147483647 2147483647 2147483647 2147483647 2147483647 2147483647 2147483647 2147483647 2147483647 2147483647 2147483647 2147483647 2147483647 2147483647 2147483647 2147483647 2147483647 2147483647 2147483647 2147483647 2147483647 2147483647 2147483647 2147483647 2147483647 2147483647 2147483647 2147483647 2147483647 2147483647 2147483647 2147483647 2147483647 2147483647 2147483647 2147483647 2147483647 2147483647 2147483647 2147483647 2147483647 2147483647 2147483647 2147483647 2147483647 2147483647 2147483647 2147483647 2147483647 2147483647 2147483647 2147483647 2147483647 2147483647 2147483647 2147483647 2147483647 2147483647 2147483647 2147483647 2147483647 2147483647 2147483647 2147483647 2147483647 2147483647 2147483647 2147483647 2147483647 2147483647 2147483647 2147483647 2147483647 2147483647 2147483647 2147483647 2147483647 2147483647 2147483647 2147483647 2147483647 2147483647 2147483647 2147483647 2147483647 2147483647 2147483647 2147483647 2147483647 2147483647 2147483647 2147483647 2147483647 2147483647 2147483647 2147483647 2147483647 2147483647 2147483647 2147483647 2147483647 2147483647 2147483647 2147483647 2147483647 2147483647 2147483647 2147483647 2147483647 2147483647 2147483647 2147483647 2147483647 2147483647 2147483647 2147483647 2147483647 2147483647 2147483647 2147483647 2147483647 2147483647 2147483647 2147483647 2147483647 2147483647 2147483647 2147483647 2147483647 2147483647 
Altitude
-117.72915649414062 -117.10029602050781 -116.42387390136719 -115.8214340209961 -114.9283447265625 -114.20964813232422 -113.3694076538086 -112.70883178710938 -111.94257354736328 -111.223876953125 -110.44705200195312 -109.73892211914062 -108.80355834960938 -107.24461364746094 -105.10965728759766 -103.0486831665039 -100.78689575195312 -98.86860656738281 -96.83934020996094 -94.72551727294922 -92.59056091308594 -90.43446350097656 -88.2202377319336 -86.28609466552734 -84.31495666503906 -82.333251953125 -80.4043960571289 -78.12675476074219 -76.0499267578125 -73.88326263427734 -71.927978515625 -70.1153793334961 -68.27107238769531 -66.13082885742188 -64.33937072753906 -62.31010437011719 -60.43408966064453 -58.4735221862793 -56.28571701049805 -54.35685729980469 -52.364585876464844 -50.36702346801758 -48.443450927734375 -46.20808410644531 -44.14182662963867 -42.043861389160156 -39.9300422668457 -38.15443420410156 -36.66947555541992 -35.41703796386719 -34.16988754272461 -33.345497131347656 -32.48939895629883 -31.929237365722656 -31.458913803100586 -31.104848861694336 -30.634523391723633 -30.31745147705078 -30.18533706665039 -29.995094299316406 -29.836557388305664 -29.8524112701416 -29.78899574279785 -29.72029685974121 -29.466638565063477 -29.25525665283203 -29.128427505493164 -29.07558250427246 -28.89590835571289 -29.07558250427246 -29.841840744018555 -31.62273406982422 -33.11825942993164 -34.693058013916016 -36.627201080322266 -38.15443420410156 -39.74508285522461 -41.30402374267578 -42.30280685424805 -43.85117721557617 -45.3414192199707 -47.06418228149414 -48.34304428100586 -49.91783905029297 -51.36051940917969 -52.6446647644043 -53.69100570678711 -55.075557708740234 -55.80482482910156 -56.48653030395508 -57.12596130371094 -57.54872512817383 -58.04018783569336 -58.3995361328125 -58.716609954833984 -58.8170166015625 -59.208072662353516 -59.583274841308594 -59.17108154296875 -58.88571548461914 -58.848724365234375 -58.848724365234375 -59.065391540527344 -59.1605110168457 -58.95970153808594 -58.774742126464844 -58.94384765625 -59.075958251953125 -59.17636489868164 -59.424739837646484 -59.35075759887695 -59.38246536254883 -59.16579818725586 -59.007259368896484 -59.06010437011719 -58.647911071777344 -57.50645065307617 -55.5828742980957 -53.151981353759766 -51.48206329345703 -51.4080810546875 -50.504425048828125 -48.760520935058594 -46.98491287231445 -44.80239486694336 -42.51947021484375 -40.907684326171875 -39.47028732299805 -37.921913146972656 -36.97069549560547 -36.05646896362305 -34.97313690185547 -34.344276428222656 -33.567447662353516 -33.012569427490234 -32.61623001098633 -32.526390075683594 -32.304439544677734 -31.71785545349121 -31.453628540039062 -31.58045768737793 -31.284523010253906 -31.1788330078125 -31.210538864135742 -31.44305992126465 -30.82476806640625 -30.01094627380371 -30.486557006835938 -29.73615074157715 -29.63045883178711 -29.58289909362793 -29.704442977905273 -29.683305740356445 -29.63045883178711 -29.36623191833496 -29.54062271118164 -29.487777709960938 -29.62517547607422 -29.715011596679688 -29.678020477294922 -29.461353302001953 -29.709728240966797 -30.25403594970703 -32.32558059692383 -34.053627014160156 -34.233299255371094 -35.47517013549805 -37.551998138427734 -39.2219123840332 -40.22597885131836 -42.50361633300781 -43.037357330322266 -44.522315979003906 -45.86458969116211 -47.449954986572266 -48.43816375732422 -49.806861877441406 -51.48735046386719 -53.06742858886719 -54.38328170776367 -55.207672119140625 -56.074337005615234 -57.06254577636719 -57.585716247558594 -58.16701889038086 -58.70075607299805 -58.922706604003906 -59.419456481933594 -59.498722076416016 -60.21742248535156 -60.89384460449219 -60.09587860107422 -59.60441589355469 -60.360103607177734 -60.53449630737305 -60.1064453125 -60.28083801269531 -60.138153076171875 -60.03774642944336 -60.2332763671875 -59.9954719543457 -60.03774642944336 -60.127586364746094 -60.08002471923828 -60.38652801513672 -59.66254425048828 -59.53571701049805 -59.562137603759766 -59.15522766113281 -57.369049072265625 -54.86946105957031 -53.18897247314453 -52.665802001953125 -52.03165817260742 -50.800357818603516 -48.6495475769043 -46.900360107421875 -45.07719421386719 -42.75727462768555 -40.73329544067383 -39.41215896606445 -38.26012420654297 -37.18736267089844 -36.09874725341797 -35.337772369384766 -34.46053695678711 -33.80525207519531 -33.45118713378906 -33.09712219238281 -32.71134948730469 -32.40484619140625 -32.27273178100586 -31.93452262878418 -31.702001571655273 -31.305660247802734 -31.300376892089844 -32.235740661621094 -31.11541748046875 -30.53940200805664 -30.491840362548828 -30.682085037231445 -30.67151641845703 -30.486557006835938 -29.89997100830078 -30.26988983154297 -29.87354850769043 -29.783710479736328 -29.6727352142334 -29.678020477294922 -29.63045883178711 -29.371517181396484 -29.614604949951172 -29.530052185058594 -29.524768829345703 -29.387371063232422 -29.128427505493164 -29.16541862487793 -29.244688034057617 -29.218265533447266 -29.567045211791992 -30.47598648071289 -31.71257209777832 -33.926795959472656 -35.05768966674805 -36.759315490722656 -37.710533142089844 -38.89427185058594 -40.23654556274414 -41.85890197753906 -43.59223556518555 -44.69142150878906 -45.92272186279297 -47.608489990234375 -49.2308464050293 -50.150360107421875 -52.13734817504883 -53.299949645996094 -55.012142181396484 -55.4560432434082 -55.86824035644531 -58.53693771362305 -60.22799301147461 -62.29425048828125 -63.89018249511719 -64.5771713256836 -66.14668273925781 -67.84831237792969 -69.64505767822266 -71.56334686279297 -72.9954605102539 -74.84504699707031 -76.26130676269531 -77.91008758544922 -79.72268676757812 -81.04911041259766 -82.750732421875 -83.99259948730469 -85.51983642578125 -86.44992065429688 -87.8926010131836 -89.578369140625 -90.94178009033203 -92.20478820800781 -93.58934020996094 -95.0108871459961 -97.08771514892578 -98.82633209228516 -100.72876739501953 -102.2718505859375 -103.28120422363281 -105.0673828125 -106.82184600830078 -107.7519302368164 -109.07835388183594 -110.90151977539062 -112.52388000488281 -113.57550048828125 -113.94013214111328 -114.39460754394531 -114.71167755126953 -114.38932037353516 -114.72225189208984 -114.9494857788086 -114.95476531982422 -115.48851013183594 -115.4515151977539 -115.6576156616211 -115.87956237792969 -116.21249389648438 -116.52427673339844 -116.8202133178711 -117.06330108642578 -117.21127319335938 -117.43321990966797 -117.72915649414062 -117.90354919433594 -118.06736755371094 -118.44257354736328 -118.58525085449219 -118.886474609375 -119.07671356201172 