LTE(1) or 5G(2)
1 1 1 1 1 1 1 1 1 1 1 1 1 1 1 1 1 1 1 1 1 1 1 1 1 1 1 1 1 1 1 1 1 1 1 1 1 1 1 1 1 1 1 1 1 1 1 1 1 1 1 1 1 1 1 1 1 1 1 1 1 1 1 1 1 1 1 1 1 1 1 1 1 1 1 1 1 1 1 1 1 1 1 1 1 1 1 1 1 1 1 1 1 1 1 1 1 1 1 1 1 1 1 1 1 1 1 1 1 1 1 1 1 1 1 1 1 1 1 1 1 1 1 1 1 1 1 1 1 1 1 1 1 1 1 1 1 1 1 1 1 1 1 1 1 1 1 1 1 1 1 1 1 1 1 1 1 1 1 1 1 1 1 1 1 1 1 1 1 1 1 1 1 1 1 1 1 1 1 1 1 1 1 1 1 1 1 1 1 1 1 1 1 1 1 1 1 1 1 1 1 1 1 1 1 1 1 1 1 1 1 1 1 1 1 1 1 1 1 1 1 1 1 1 1 1 1 1 1 1 1 1 1 1 1 1 1 1 1 1 1 1 1 1 1 1 1 1 1 1 1 1 1 1 1 1 1 1 1 1 1 1 1 1 1 1 1 1 1 1 1 1 1 1 1 1 1 1 1 1 1 1 1 1 1 1 1 1 1 1 1 1 1 1 1 1 1 1 1 1 1 1 1 1 1 1 1 1 1 1 1 1 1 1 1 1 1 1 1 1 1 1 1 1 1 1 1 1 1 1 1 1 1 1 1 1 1 1 1 1 1 1 1 1 1 1 1 2 2 2 2 2 2 2 2 2 2 2 2 2 2 2 2 2 2 2 2 2 2 2 2 2 2 2 2 
SNR of LTE
3 3 3 2 2 2 2 2 2 3 3 3 3 3 4 4 4 4 4 4 4 4 4 4 4 4 4 4 4 4 4 4 4 4 4 4 2 2 2 2 2 2 2 2 2 2 2 2 2 2 2 2 2 2 2 2 2 2 0 0 0 0 0 0 0 0 0 0 0 0 0 0 0 0 0 0 0 0 0 0 0 0 0 0 0 0 0 -3 -3 -3 -3 -3 -3 -3 -3 -3 -4 -4 -4 -4 -5 -5 -5 -5 -5 -5 -5 -5 -3 -3 -3 -3 -3 -3 -3 -3 -3 -3 -3 -3 -3 -3 -3 -3 -3 -3 -1 -1 -1 -1 -1 -1 -1 -1 -1 -1 -1 -1 -4 -4 -4 -4 -4 -4 -4 -4 -5 -5 -5 -5 -5 -5 -5 -5 -5 -5 -4 -4 -4 -4 -4 -4 -4 -4 -4 -4 -4 -4 0 0 1 1 1 1 1 1 1 1 1 1 1 1 1 1 0 -1 -1 -1 -1 -1 -1 -1 -1 -4 -4 -4 -4 -4 -4 -4 -4 -4 -5 -5 -5 -5 -5 -5 -5 -5 -5 -5 -5 -5 -5 -5 -5 -5 -5 -5 -5 -5 -5 -5 -5 -5 -5 -5 -5 -5 -5 -5 -5 -4 -4 -4 -4 -4 -4 -4 -5 -5 -5 -5 -5 -5 -5 -5 -5 -5 -5 -5 -5 -5 -5 -5 -7 -7 -7 -7 -7 -7 -7 -7 -7 -7 -5 -5 -5 -5 -5 -5 -5 -5 -5 -5 -5 -5 -5 -5 -5 -5 -5 -5 -5 -5 -5 -7 -7 -7 -7 -7 -7 -7 -7 -7 -7 -7 -7 -7 -7 -7 -7 -7 -7 -5 -5 -5 -5 -5 -5 -5 -5 -5 -3 -3 -3 -3 0 0 0 0 0 0 0 0 0 0 0 0 0 0 0 0 0 0 3 3 3 3 2 2 2 2 2 2 2 3 3 2 2 2 2 2 2 2 2 2 2 2 2 2 2 2 2 2 2 3 3 3 3 2 2 2 2 
SNR of 5G
0 0 0 0 0 0 0 0 0 0 0 0 0 0 0 0 0 0 0 0 0 0 0 0 0 0 0 0 0 0 0 0 0 0 0 0 0 0 0 0 0 0 0 0 0 0 0 0 0 0 0 0 0 0 0 0 0 0 0 0 0 0 0 0 0 0 0 0 0 0 0 0 0 0 0 0 0 0 0 0 0 0 0 0 0 0 0 0 0 0 0 0 0 0 0 0 0 0 0 0 0 0 0 0 0 0 0 0 0 0 0 0 0 0 0 0 0 0 0 0 0 0 0 0 0 0 0 0 0 0 0 0 0 0 0 0 0 0 0 0 0 0 0 0 0 0 0 0 0 0 0 0 0 0 0 0 0 0 0 0 0 0 0 0 0 0 0 0 0 0 0 0 0 0 0 0 0 0 0 0 0 0 0 0 0 0 0 0 0 0 0 0 0 0 0 0 0 0 0 0 0 0 0 0 0 0 0 0 0 0 0 0 0 0 0 0 0 0 0 0 0 0 0 0 0 0 0 0 0 0 0 0 0 0 0 0 0 0 0 0 0 0 0 0 0 0 0 0 0 0 0 0 0 0 0 0 0 0 0 0 0 0 0 0 0 0 0 0 0 0 0 0 0 0 0 0 0 0 0 0 0 0 0 0 0 0 0 0 0 0 0 0 0 0 0 0 0 0 0 0 0 0 0 0 0 0 0 0 0 0 0 0 0 0 0 0 0 0 0 0 0 0 0 0 0 0 0 0 0 0 0 0 0 0 0 0 0 0 0 0 0 0 0 0 0 0 0 8 8 3 3 2 2 11 11 11 11 11 11 11 11 12 12 12 12 11 11 11 11 11 11 9 11 11 11 
RSSI
-57 -57 -57 -51 -51 -51 -51 -51 -51 -51 -51 -51 -51 -51 -51 -51 -51 -51 -51 -51 -51 -51 -51 -51 -51 -51 -51 -51 -51 -51 -51 -51 -51 -51 -51 -51 -51 -51 -51 -51 -51 -51 -51 -51 -51 -51 -51 -51 -51 -51 -51 -51 -51 -51 -51 -51 -51 -51 -51 -51 -51 -51 -51 -51 -51 -51 -51 -51 -51 -51 -51 -51 -51 -51 -51 -51 -51 -51 -51 -51 -51 -51 -51 -51 -51 -51 -51 -51 -51 -51 -51 -51 -51 -51 -51 -51 -51 -51 -51 -51 -51 -51 -51 -51 -51 -51 -51 -51 -51 -51 -51 -51 -51 -51 -51 -51 -51 -51 -51 -51 -51 -51 -51 -51 -51 -51 -51 -51 -51 -51 -51 -51 -51 -51 -51 -51 -51 -51 -51 -51 -51 -51 -51 -51 -51 -51 -51 -51 -51 -51 -51 -51 -51 -51 -51 -51 -51 -51 -51 -51 -51 -51 -51 -51 -51 -51 -51 -51 -51 -51 -51 -51 -51 -51 -51 -51 -51 -51 -51 -51 -51 -51 -51 -51 -51 -51 -51 -51 -51 -51 -51 -51 -51 -51 -51 -51 -51 -51 -51 -51 -51 -51 -51 -51 -51 -51 -51 -51 -51 -51 -51 -51 -51 -51 -51 -51 -51 -51 -51 -51 -51 -51 -51 -51 -51 -51 -51 -51 -51 -51 -51 -51 -51 -51 -51 -51 -51 -51 -51 -51 -51 -51 -51 -51 -51 -51 -51 -51 -51 -51 -51 -51 -51 -51 -51 -51 -51 -51 -51 -51 -51 -51 -51 -51 -51 -51 -51 -51 -51 -51 -51 -51 -51 -51 -51 -51 -51 -51 -51 -51 -51 -51 -51 -51 -51 -51 -51 -51 -51 -51 -51 -51 -51 -51 -51 -51 -51 -51 -51 -51 -51 -51 -51 -51 -51 -51 -51 -51 -51 -51 -51 -51 -51 -51 -51 -51 -51 -51 -51 -51 -51 -51 -51 -51 -51 -51 -51 -51 -51 -51 -51 -51 -51 -51 -51 -51 -51 -51 -51 -51 -51 -51 -51 -51 -51 -51 -51 -51 -51 -51 -51 -51 -51 -51 -51 -51 -51 -51 -51 -51 -51 -51 -51 -51 -51 -53 -53 -53 -53 -53 -53 -53 -53 -53 -53 
RSRP
-86 -86 -86 -80 -80 -80 -80 -80 -79 -78 -78 -78 -78 -78 -74 -74 -74 -74 -74 -74 -74 -74 -74 -74 -74 -74 -74 -74 -74 -74 -74 -74 -74 -74 -74 -74 -73 -73 -73 -73 -73 -73 -73 -73 -73 -73 -73 -73 -73 -73 -73 -73 -73 -73 -73 -73 -73 -73 -75 -75 -75 -75 -75 -75 -75 -75 -75 -75 -75 -75 -75 -75 -75 -75 -75 -75 -75 -75 -75 -75 -75 -75 -75 -75 -75 -75 -75 -78 -78 -78 -78 -78 -78 -78 -78 -78 -79 -79 -79 -79 -79 -79 -79 -79 -79 -79 -79 -79 -79 -79 -79 -79 -79 -79 -79 -79 -79 -79 -79 -79 -79 -79 -79 -79 -79 -79 -74 -74 -74 -74 -75 -75 -75 -75 -75 -75 -75 -75 -77 -77 -77 -77 -77 -77 -77 -77 -79 -79 -79 -79 -79 -79 -79 -79 -79 -79 -79 -79 -79 -79 -79 -79 -79 -79 -79 -79 -79 -79 -75 -75 -74 -74 -74 -74 -74 -74 -74 -74 -74 -74 -74 -74 -74 -74 -75 -75 -75 -75 -75 -75 -75 -75 -75 -79 -79 -79 -79 -79 -79 -79 -79 -79 -81 -81 -81 -81 -81 -81 -81 -81 -81 -81 -81 -81 -81 -81 -81 -81 -81 -81 -81 -81 -81 -81 -81 -81 -81 -81 -81 -81 -81 -81 -81 -81 -81 -81 -81 -81 -81 -81 -82 -82 -82 -82 -82 -82 -82 -82 -82 -82 -82 -82 -82 -82 -82 -82 -85 -85 -85 -85 -85 -85 -85 -85 -85 -85 -81 -81 -81 -80 -80 -80 -80 -80 -78 -78 -78 -78 -78 -78 -78 -78 -78 -78 -78 -78 -78 -79 -79 -79 -79 -79 -79 -81 -81 -81 -81 -81 -81 -80 -80 -80 -80 -80 -80 -79 -79 -79 -79 -79 -79 -79 -79 -79 -76 -76 -76 -76 -74 -74 -74 -74 -74 -74 -74 -74 -74 -74 -74 -74 -74 -74 -74 -74 -74 -74 -73 -73 -73 -73 -73 -73 -73 -73 -73 -73 -74 -74 -74 -74 -74 -74 -74 -74 -75 -75 -75 -75 -75 -75 -75 -76 -76 -76 -76 -78 -78 -79 -79 -79 -79 -80 -81 -81 -81 
CID
13678086 13678086 13678086 13792279 13792279 13792279 13792279 13792279 13792279 13678086 13678086 13678086 13678086 13678086 13769745 13769745 13769745 13769745 13769745 13769745 13769745 13769745 13769745 13769745 13769745 13769745 13769745 13769745 13769745 13769745 13769745 13769745 13769745 13769745 13769745 13769745 13769745 13769745 13769745 13769745 13769745 13769745 13769745 13769745 13769745 13769745 13769745 13769745 13769745 13769745 13769745 13769745 13769745 13769745 13769745 13769745 13769745 13769745 13769745 13769745 13769745 13769745 13769745 13769745 13769745 13769745 13769745 13769745 13769745 13769745 13769745 13769745 13769745 13769745 13769745 13769745 13769745 13769745 13769745 13769745 13769745 13769745 13769745 13769745 13769745 13769745 13769745 13754896 13754896 13754896 13754896 13754896 13754896 13754896 13754896 13754896 13754896 13754896 13754896 13754896 13769745 13769745 13769745 13769745 13769745 13769745 13769745 13769745 13769745 13769745 13769745 13769745 13769745 13769745 13769745 13769745 13769745 13769745 13769745 13769745 13769745 13769745 13769745 13769745 13769745 13769745 13769745 13769745 13769745 13769745 13769745 13769745 13769745 13769745 13769745 13769745 13769745 13769745 13769745 13769745 13769745 13769745 13769745 13769745 13769745 13769745 13754896 13754896 13754896 13754896 13754896 13754896 13754896 13754896 13754896 13754896 13754896 13754896 13754896 13754896 13754896 13754896 13754896 13754896 13754896 13754896 13754896 13754896 13754896 13754896 13754896 13754896 13754896 13754896 13754896 13754896 13754896 13754896 13754896 13754896 13754896 13754896 13754896 13754896 13754896 13754896 13754896 13754896 13754896 13754896 13754896 13754896 13754896 13754896 13754896 13754896 13754896 13754896 13754896 13754896 13754896 13754896 13754896 13754896 13754896 13754896 13754896 13754896 13754896 13754896 13754896 13754896 13754896 13754896 13754896 13754896 13754896 13754896 13754896 13754896 13754896 13754896 13754896 13754896 13754896 13754896 13754896 13754896 13754896 13754896 13754896 13754896 13754896 13754896 13754896 13754896 13754896 13754896 13754896 13754896 13754896 13754896 13754896 13754896 13754896 13754896 13754896 13754896 13754896 13754896 13754896 13754896 13754896 13754896 13754896 13754896 13792279 13792279 13792279 13792279 13792279 13792279 13792279 13792279 13792279 13792279 13678086 13678086 13678086 13678086 13678086 13678086 13678086 13678086 13754896 13754896 13754896 13754896 13754896 13754896 13754896 13754896 13754896 13754896 13754896 13754896 13754896 13754896 13754896 13754896 13754896 13754896 13754896 13754896 13769745 13769745 13769745 13769745 13769745 13769745 13769745 13769745 13769745 13769745 13769745 13769745 13769745 13769745 13769745 13769745 13769745 13769745 13769745 13769745 13769745 13769745 13769745 13769745 13769745 13769745 13769745 13769745 13769745 13769745 13769745 13769745 13769745 13769745 13769745 13769745 13769745 13769745 13769745 13769745 13769745 13769745 13769745 13769745 13769745 13769745 13769745 13769745 13769745 13769745 13769745 13769745 13769745 13769745 13769745 13769745 13769745 13769745 13769745 13769745 13769745 13769745 13754896 13754896 13754896 13754896 13754896 13754896 13754896 13754896 13754896 13754896 13754896 13754896 13754896 13754896 13754896 13754896 13754896 13754896 13754896 
RSRP of 5G
-84 -84 -84 -84 -84 -84 -84 -84 -84 -84 -84 -84 -84 -84 -84 -84 -84 -84 -84 -84 -84 -84 -84 -84 -84 -84 -84 -84 -84 -84 -84 -84 -84 -84 -84 -84 -84 -84 -84 -84 -84 -84 -84 -84 -84 -84 -84 -84 -84 -84 -84 -84 -84 -84 -84 -84 -84 -84 -84 -84 -84 -84 -84 -84 -84 -84 -84 -84 -84 -84 -84 -84 -84 -84 -84 -84 -84 -84 -84 -84 -84 -84 -84 -84 -84 -84 -84 -84 -84 -84 -84 -84 -84 -84 -84 -84 -84 -84 -84 -84 -84 -84 -84 -84 -84 -84 -84 -84 -84 -84 -84 -84 -84 -84 -84 -84 -84 -84 -84 -84 -84 -84 -84 -84 -84 -84 -84 -84 -84 -84 -84 -84 -84 -84 -84 -84 -84 -84 -84 -84 -84 -84 -84 -84 -84 -84 -84 -84 -84 -84 -84 -84 -84 -84 -84 -84 -84 -84 -84 -84 -84 -84 -84 -84 -84 -84 -84 -84 -84 -84 -84 -84 -84 -84 -84 -84 -84 -84 -84 -84 -84 -84 -84 -84 -84 -84 -84 -84 -84 -84 -84 -84 -84 -84 -84 -84 -84 -84 -84 -84 -84 -84 -84 -84 -84 -84 -84 -84 -84 -84 -84 -84 -84 -84 -84 -84 -84 -84 -84 -84 -84 -84 -84 -84 -84 -84 -84 -84 -84 -84 -84 -84 -84 -84 -84 -84 -84 -84 -84 -84 -84 -84 -84 -84 -84 -84 -84 -84 -84 -84 -84 -84 -84 -84 -84 -84 -84 -84 -84 -84 -84 -84 -84 -84 -84 -84 -84 -84 -84 -84 -84 -84 -84 -84 -84 -84 -84 -84 -84 -84 -84 -84 -84 -84 -84 -84 -84 -84 -84 -84 -84 -84 -84 -84 -84 -84 -84 -84 -84 -84 -84 -84 -84 -84 -84 -84 -84 -84 -84 -84 -84 -84 -84 -84 -84 -84 -84 -84 -84 -84 -84 -84 -84 -84 -84 -84 -84 -84 -84 -84 -84 -84 -84 -84 -84 -84 -84 -84 -84 -84 -84 -84 -84 -84 -84 -84 -84 -79 -79 -85 -85 -91 -80 -84 -84 -84 -81 -81 -81 -81 -81 -80 -80 -80 -80 -83 -83 -83 -83 -83 -83 -81 -82 -82 -82 
CQI
2147483647 2147483647 2147483647 2147483647 2147483647 2147483647 2147483647 2147483647 2147483647 2147483647 2147483647 2147483647 2147483647 2147483647 2147483647 2147483647 2147483647 2147483647 2147483647 2147483647 2147483647 2147483647 2147483647 2147483647 2147483647 2147483647 2147483647 2147483647 2147483647 2147483647 2147483647 2147483647 2147483647 2147483647 2147483647 2147483647 2147483647 2147483647 2147483647 2147483647 2147483647 2147483647 2147483647 2147483647 2147483647 2147483647 2147483647 2147483647 2147483647 2147483647 2147483647 2147483647 2147483647 2147483647 2147483647 2147483647 2147483647 2147483647 2147483647 2147483647 2147483647 2147483647 2147483647 2147483647 2147483647 2147483647 2147483647 2147483647 2147483647 2147483647 2147483647 2147483647 2147483647 2147483647 2147483647 2147483647 2147483647 2147483647 2147483647 2147483647 2147483647 2147483647 2147483647 2147483647 2147483647 2147483647 2147483647 2147483647 2147483647 2147483647 2147483647 2147483647 2147483647 2147483647 2147483647 2147483647 2147483647 2147483647 2147483647 2147483647 2147483647 2147483647 2147483647 2147483647 2147483647 2147483647 2147483647 2147483647 2147483647 2147483647 2147483647 2147483647 2147483647 2147483647 2147483647 2147483647 2147483647 2147483647 2147483647 2147483647 2147483647 2147483647 2147483647 2147483647 2147483647 2147483647 2147483647 2147483647 2147483647 2147483647 2147483647 2147483647 2147483647 2147483647 2147483647 2147483647 2147483647 2147483647 2147483647 2147483647 2147483647 2147483647 2147483647 2147483647 2147483647 2147483647 2147483647 2147483647 2147483647 2147483647 2147483647 2147483647 2147483647 2147483647 2147483647 2147483647 2147483647 2147483647 2147483647 2147483647 2147483647 2147483647 2147483647 2147483647 2147483647 2147483647 2147483647 2147483647 2147483647 2147483647 2147483647 2147483647 2147483647 2147483647 2147483647 2147483647 2147483647 2147483647 2147483647 2147483647 2147483647 2147483647 2147483647 2147483647 2147483647 2147483647 2147483647 2147483647 2147483647 2147483647 2147483647 2147483647 2147483647 2147483647 2147483647 2147483647 2147483647 2147483647 2147483647 2147483647 2147483647 2147483647 2147483647 2147483647 2147483647 2147483647 2147483647 2147483647 2147483647 2147483647 2147483647 2147483647 2147483647 2147483647 2147483647 2147483647 2147483647 2147483647 2147483647 2147483647 2147483647 2147483647 2147483647 2147483647 2147483647 2147483647 2147483647 2147483647 2147483647 2147483647 2147483647 2147483647 2147483647 2147483647 2147483647 2147483647 2147483647 2147483647 2147483647 2147483647 2147483647 2147483647 2147483647 2147483647 2147483647 2147483647 2147483647 2147483647 2147483647 2147483647 2147483647 2147483647 2147483647 2147483647 2147483647 2147483647 2147483647 2147483647 2147483647 2147483647 2147483647 2147483647 2147483647 2147483647 2147483647 2147483647 2147483647 2147483647 2147483647 2147483647 2147483647 2147483647 2147483647 2147483647 2147483647 2147483647 2147483647 2147483647 2147483647 2147483647 2147483647 2147483647 2147483647 2147483647 2147483647 2147483647 2147483647 2147483647 2147483647 2147483647 2147483647 2147483647 2147483647 2147483647 2147483647 2147483647 2147483647 2147483647 2147483647 2147483647 2147483647 2147483647 2147483647 2147483647 2147483647 2147483647 2147483647 2147483647 2147483647 2147483647 2147483647 2147483647 2147483647 2147483647 2147483647 2147483647 2147483647 2147483647 2147483647 2147483647 2147483647 2147483647 2147483647 2147483647 2147483647 2147483647 2147483647 2147483647 2147483647 2147483647 2147483647 2147483647 2147483647 2147483647 2147483647 2147483647 2147483647 2147483647 2147483647 2147483647 2147483647 2147483647 2147483647 2147483647 2147483647 2147483647 2147483647 2147483647 2147483647 2147483647 2147483647 2147483647 2147483647 2147483647 2147483647 2147483647 2147483647 2147483647 2147483647 2147483647 2147483647 2147483647 2147483647 2147483647 2147483647 2147483647 2147483647 2147483647 2147483647 2147483647 2147483647 2147483647 2147483647 2147483647 2147483647 
Altitude
-92.94991302490234 -92.40560150146484 -91.66048431396484 -91.01048278808594 -90.25479125976562 -89.578369140625 -88.66414642333984 -87.77633666992188 -87.24259948730469 -86.65601348876953 -85.88446807861328 -84.9808120727539 -84.17755889892578 -82.81414794921875 -80.80602264404297 -78.58122253417969 -76.66822052001953 -74.60724639892578 -72.44058227539062 -70.63326263427734 -68.47188568115234 -66.5853042602539 -64.49790954589844 -62.463356018066406 -60.37595748901367 -58.54750442504883 -56.423118591308594 -54.31458282470703 -52.443851470947266 -50.40401840209961 -48.284912109375 -46.3401985168457 -44.3426399230957 -42.350364685058594 -40.43735885620117 -38.38695526123047 -36.46337890625 -34.44468307495117 -32.19346618652344 -30.259321212768555 -28.103225708007812 -26.25891876220703 -24.092252731323242 -22.274368286132812 -20.271526336669922 -18.178844451904297 -15.969903945922852 -13.956490516662598 -12.0117769241333 -9.903242111206055 -8.069504737854004 -5.99796199798584 -4.000402450561523 -2.261786460876465 -0.15325188636779785 1.7808926105499268 3.7071104049682617 5.612189769744873 7.736577987670898 9.689218521118164 11.808321952819824 13.689620971679688 15.703033447265625 17.19856071472168 18.416648864746094 19.497339248657227 20.46705436706543 21.09062957763672 21.7353458404541 22.21359634399414 23.04062843322754 23.458106994628906 23.516237258911133 23.71440887451172 23.936359405517578 24.27457046508789 24.467456817626953 24.618066787719727 24.861154556274414 24.92721176147461 25.159732818603516 25.331480026245117 25.289203643798828 25.096317291259766 23.896724700927734 22.60201072692871 21.36806869506836 20.739208221435547 19.048152923583984 17.33595848083496 16.02010726928711 14.506083488464355 13.237792015075684 11.184745788574219 10.336575508117676 8.592674255371094 6.499993801116943 5.47214937210083 3.9079232215881348 2.3014206886291504 1.2577223777770996 0.14796733856201172 -0.17967462539672852 -0.6024384498596191 -0.8508121967315674 -1.590648889541626 -1.8020308017730713 -1.9658517837524414 -2.1613800525665283 -3.89471173286438 -4.671540260314941 -4.835361480712891 -3.905280828475952 -4.084955215454102 -3.9105653762817383 -3.773167133331299 -4.185361862182617 -4.069101810455322 -4.370321273803711 -4.18007755279541 -4.222353935241699 -4.581703186035156 -4.264630317687988 -4.539426803588867 -4.724385738372803 -4.999182224273682 -4.708532333374023 -3.9211344718933105 -4.090240001678467 -3.8101589679718018 -3.1548750400543213 -1.072763204574585 -0.08983731269836426 1.7676812410354614 3.242070198059082 5.0916619300842285 6.455075263977051 8.257105827331543 10.954867362976074 12.360557556152344 14.696327209472656 16.239416122436523 17.565837860107422 18.59368133544922 19.677013397216797 20.290021896362305 20.947948455810547 21.4737606048584 22.197742462158203 22.768474578857422 23.225587844848633 23.399978637695312 23.820098876953125 24.097537994384766 23.986562728881836 24.147741317749023 24.18473243713379 23.545303344726562 24.200586318969727 24.58635902404785 24.726398468017578 25.05139923095703 24.92721176147461 25.643268585205078 25.849365234375 25.833511352539062 25.770097732543945 25.58513832092285 25.553430557250977 25.79387855529785 25.828227996826172 25.81501579284668 26.095096588134766 26.042251586914062 25.630056381225586 25.561357498168945 25.57192611694336 23.35770034790039 21.996931076049805 20.81319236755371 19.518476486206055 18.16299057006836 18.477420806884766 14.868075370788574 13.565434455871582 12.778036117553711 11.034135818481445 9.509543418884277 8.66137409210205 7.076009750366211 5.789222240447998 5.059954643249512 1.794103980064392 1.2048768997192383 0.676422119140625 -0.13739824295043945 -0.8138203620910645 -1.389836072921753 -1.6487789154052734 -2.7268266677856445 -3.271135091781616 -3.4878015518188477 -3.656907081604004 -3.9634108543395996 -5.052027702331543 -4.560564994812012 -3.852435350418091 -3.868288993835449 -3.699183464050293 -3.899996280670166 -3.8471508026123047 -3.9528417587280273 -4.0373945236206055 -4.016256332397461 -4.534142017364502 -4.365036487579346 -4.243492126464844 -4.565849304199219 -4.354467391967773 -4.243492126464844 -4.211784362792969 -4.38617467880249 -4.16950798034668 -2.864224910736084 -1.7333316802978516 -0.11626005172729492 1.627640724182129 3.1099562644958496 4.547353267669678 6.777432441711426 8.531902313232422 10.772550582885742 12.236370086669922 14.170515060424805 15.790228843688965 17.050594329833984 17.972747802734375 18.958314895629883 19.817054748535156 20.580671310424805 21.106483459472656 21.8172550201416 22.13168716430664 22.530670166015625 22.948148727416992 23.17802619934082 23.54001808166504 23.674774169921875 23.857091903686523 23.55323028564453 23.1436767578125 23.82538414001465 24.237579345703125 24.581073760986328 24.269285202026367 24.71054458618164 24.766033172607422 25.318267822265625 25.672332763671875 25.659122467041016 25.60627555847168 25.743675231933594 25.38432502746582 25.534934997558594 25.632699966430664 25.511154174804688 25.608919143676758 25.577211380004883 25.698755264282227 25.52964973449707 25.682903289794922 25.63534164428711 25.31562614440918 24.736968994140625 23.80953025817871 23.418474197387695 22.147539138793945 20.282094955444336 17.653032302856445 15.954050064086914 15.12437629699707 13.745108604431152 12.846735954284668 11.684135437011719 10.281087875366211 8.069504737854004 7.1209282875061035 6.315034866333008 4.0373945236206055 2.499591112136841 0.7292675971984863 -0.7345521450042725 -2.5365829467773438 -3.413817882537842 -5.0678815841674805 -6.489424705505371 -7.868691444396973 -9.35893440246582 -10.89145278930664 -12.413402557373047 -13.834945678710938 -15.097952842712402 -16.40852165222168 -18.089006423950195 -19.84876251220703 -21.613800048828125 -23.63778305053711 -24.71054458618164 -26.105667114257812 -27.643468856811523 -29.1442813873291 -30.555255889892578 -32.362571716308594 -33.361351013183594 -35.358909606933594 -36.822731018066406 -38.03817367553711 -39.755653381347656 -40.65930938720703 -42.197113037109375 -43.80361557006836 -45.040199279785156 -45.748329162597656 -47.671905517578125 -49.14629364013672 -51.434505462646484 -52.32230758666992 -53.46377182006836 -56.37555694580078 -57.53287124633789 -59.7048225402832 -61.041812896728516 -62.394657135009766 -63.9905891418457 -65.6657943725586 -66.82310485839844 -68.42432403564453 -69.97269439697266 -71.2198486328125 -72.72066497802734 -73.45521545410156 -76.08163452148438 -77.39220428466797 -78.48081970214844 -80.42552947998047 -81.57228088378906 -82.74016571044922 -84.19869995117188 -85.96373748779297 -86.56617736816406 -87.44869995117188 -88.44219207763672 -88.71170043945312 -88.96007537841797 -89.00235748291016 -89.15032196044922 -89.29300689697266 -89.56251525878906 -90.03812408447266 -90.3552017211914 -90.34991455078125 -90.53487396240234 -91.06332397460938 -91.49665832519531 -91.45438385009766 -91.70804595947266 -92.02511596679688 -92.40560150146484 -92.64868927001953 -92.7596664428711 -93.0133285522461 -93.18243408203125 -93.43080139160156 -93.68446350097656 -94.21820068359375 