LTE(1) or 5G(2)
2 2 2 2 2 2 2 2 2 2 2 2 2 2 2 2 2 2 2 2 2 2 2 2 2 2 2 2 2 2 2 2 2 2 2 2 2 2 2 2 2 2 2 2 2 2 2 2 2 2 2 2 2 2 2 2 2 2 2 2 2 2 2 2 2 2 2 2 2 2 2 2 2 2 2 2 2 2 2 2 2 2 2 2 2 2 2 2 2 2 2 2 2 2 2 2 2 2 2 2 2 2 2 2 2 2 2 2 2 2 2 2 2 2 2 2 2 2 2 2 2 1 1 1 2 2 2 2 2 2 2 2 1 1 1 1 1 1 1 2 2 2 1 1 2 2 2 2 1 1 2 2 2 2 2 2 2 2 2 2 2 1 1 2 2 2 2 2 2 1 1 2 2 2 2 2 1 1 1 1 1 1 1 1 1 2 2 2 2 2 2 2 2 2 2 2 2 2 2 2 2 2 2 2 2 2 2 2 2 2 2 2 2 2 2 2 2 1 1 2 1 1 2 2 2 2 2 2 2 2 2 2 2 2 2 2 2 2 2 2 2 2 2 2 2 1 1 1 1 1 1 1 1 1 1 2 2 2 2 2 2 2 2 2 2 2 2 2 2 2 2 2 2 2 2 2 2 2 2 2 2 2 2 2 2 2 2 2 2 2 2 2 2 2 2 2 2 2 2 2 2 2 2 2 2 2 2 2 2 2 2 2 2 2 2 2 2 2 2 2 2 2 2 2 2 2 2 2 2 2 2 2 2 2 2 2 2 2 2 2 2 
SNR of LTE
9 9 8 8 8 8 8 8 8 6 6 5 5 5 5 5 5 5 5 5 5 5 5 5 5 3 3 3 3 2 2 2 2 2 2 2 2 2 2 0 0 0 0 0 0 0 0 0 0 -1 -1 -1 -1 -1 -1 -1 -1 -1 -1 -1 -1 -1 -1 -1 -1 -1 -1 -2 -2 -2 -2 -2 -2 -2 -2 -2 -2 -2 -2 -2 -2 -3 -3 -3 -3 -3 -3 -3 -3 -3 -3 -4 -4 -4 -4 -4 -4 -4 -4 -4 -4 -4 -4 -4 -4 -4 -4 -4 -4 -4 -4 -5 -5 -5 -5 -5 -5 -5 -5 -5 -5 -5 -5 -5 -5 -5 -5 -5 -5 -5 -5 -5 -5 -5 -5 -4 -4 -4 -4 -4 -4 -2 -2 -2 -2 -2 -2 -2 -2 -2 -2 -2 -1 -1 -1 -1 -1 0 0 0 0 0 0 0 0 1 1 1 1 2 1 1 1 1 1 1 1 1 1 -1 -1 -2 -3 -3 -3 -3 -3 -3 -3 -3 -3 -3 -3 -3 -3 -3 -3 -3 -3 -2 -2 -2 -2 -2 -2 -2 -2 -1 -1 -1 -1 -1 -2 -2 -2 -2 -2 -4 -4 -4 -4 -4 -4 -4 -4 -4 -4 -4 -4 -4 -4 -4 -4 -4 -4 -4 -4 -4 -4 -4 -4 -4 -4 -4 -3 -3 -3 -4 -4 -4 -4 -4 -7 -7 -7 -7 -7 -7 -7 -7 -7 -6 -6 -6 -6 -6 -6 -6 -6 -6 -5 -5 -5 -5 -5 -4 -4 -4 -4 -4 -4 -4 -4 -4 -4 -4 -4 -4 -4 -3 -3 -3 -3 -3 -3 -2 -2 -2 -2 -2 -2 -2 -2 -2 -2 -2 -2 0 0 0 0 0 0 0 0 0 0 1 1 1 1 2 2 2 2 3 3 3 4 4 4 4 4 4 4 4 4 4 4 4 4 
SNR of 5G
7 8 8 8 8 8 8 8 8 6 6 6 6 2 2 1 1 2 2 3 3 3 3 3 3 5 5 5 5 5 5 5 4 4 4 2 2 2 2 -1 -1 0 0 -4 -4 5 5 5 5 4 4 4 4 4 4 4 4 4 4 4 4 4 4 4 4 4 4 4 4 4 4 4 4 4 4 4 4 4 2 0 0 0 0 0 0 2 2 2 2 1 1 0 0 0 0 0 0 -1 -1 0 0 0 0 0 0 -2 -2 3 3 1 1 -1 -3 3 3 3 3 3 3 2 2 0 0 0 0 0 3 3 0 0 -2 -2 0 0 0 0 0 0 0 -2 -2 -1 0 0 -3 -3 -4 -4 0 0 0 0 1 1 2 2 2 2 0 0 -1 0 0 -2 -2 -2 -2 -1 -1 0 0 0 0 0 0 -2 0 0 0 0 0 0 0 0 0 -1 -1 -2 -2 -2 -2 -2 -2 -2 -2 -1 0 6 3 0 0 -1 -1 2 2 2 2 1 1 1 1 0 0 -1 -1 -2 -2 0 0 -3 0 0 -1 -1 -1 -1 -2 -2 1 1 0 0 0 0 0 0 0 0 0 0 -1 -1 -2 -2 -1 0 0 0 0 0 0 0 0 0 0 3 3 3 3 3 3 2 2 5 5 -1 -2 4 4 4 4 4 4 4 4 4 4 4 4 4 4 4 4 4 4 4 4 2 2 1 1 0 0 0 0 0 0 -3 -3 4 4 4 4 4 4 4 4 5 5 5 6 6 6 6 6 6 6 3 3 3 3 1 1 2 2 2 2 6 6 6 6 6 6 6 6 6 6 6 6 6 6 
RSSI
-51 -51 -51 -51 -51 -51 -51 -51 -51 -51 -51 -51 -51 -51 -51 -51 -51 -51 -51 -51 -51 -51 -51 -51 -51 -51 -51 -51 -51 -51 -51 -51 -51 -51 -51 -51 -51 -51 -51 -51 -51 -51 -51 -51 -51 -51 -51 -51 -51 -51 -51 -51 -51 -51 -51 -51 -51 -51 -51 -51 -51 -51 -51 -51 -51 -51 -51 -51 -51 -51 -51 -51 -51 -51 -51 -51 -51 -51 -51 -51 -51 -51 -51 -51 -51 -51 -51 -51 -51 -51 -51 -51 -51 -51 -51 -51 -51 -51 -51 -51 -51 -51 -51 -51 -51 -51 -51 -51 -51 -51 -51 -51 -51 -51 -51 -51 -51 -51 -51 -51 -51 -51 -51 -51 -51 -51 -51 -51 -51 -51 -51 -51 -51 -51 -51 -51 -51 -51 -51 -51 -51 -51 -51 -51 -51 -51 -51 -51 -51 -51 -51 -51 -51 -51 -51 -51 -51 -51 -51 -51 -51 -51 -51 -51 -51 -51 -51 -51 -51 -51 -51 -51 -51 -51 -51 -51 -51 -51 -51 -51 -51 -51 -51 -51 -51 -51 -51 -51 -51 -51 -51 -51 -51 -51 -51 -51 -51 -51 -51 -51 -51 -51 -51 -51 -51 -51 -51 -51 -51 -51 -51 -51 -51 -51 -51 -51 -51 -51 -51 -51 -51 -51 -51 -51 -51 -51 -51 -51 -51 -51 -51 -51 -51 -51 -51 -51 -51 -51 -51 -51 -51 -51 -51 -51 -51 -51 -51 -51 -51 -51 -51 -51 -51 -51 -51 -51 -51 -51 -51 -51 -51 -51 -51 -51 -51 -51 -51 -51 -51 -51 -51 -51 -51 -51 -51 -51 -51 -51 -51 -51 -51 -51 -51 -51 -51 -51 -51 -51 -51 -51 -51 -51 -51 -51 -51 -51 -51 -51 -51 -51 -51 -51 -51 -51 -51 -51 -51 -51 -51 -51 -51 -51 -51 -51 -51 -51 -51 -51 -51 -51 -51 -51 -51 -51 -51 -51 -51 -51 -51 -51 -51 -51 -51 -51 -51 -51 -51 -51 -51 -51 -51 
RSRP
-68 -68 -68 -68 -68 -68 -68 -68 -68 -68 -68 -68 -68 -68 -68 -68 -68 -68 -68 -68 -68 -68 -68 -68 -68 -69 -69 -69 -69 -69 -69 -69 -69 -69 -69 -70 -70 -70 -70 -72 -72 -72 -72 -73 -73 -73 -73 -73 -73 -75 -75 -75 -75 -75 -75 -75 -75 -75 -75 -75 -75 -75 -75 -75 -75 -75 -75 -75 -75 -76 -76 -76 -76 -76 -76 -76 -76 -76 -75 -75 -75 -76 -76 -77 -77 -77 -77 -77 -77 -77 -77 -77 -77 -77 -77 -77 -77 -77 -77 -77 -77 -77 -77 -77 -77 -77 -77 -77 -77 -77 -77 -77 -77 -77 -77 -77 -77 -77 -77 -78 -78 -78 -78 -78 -78 -78 -78 -78 -79 -79 -79 -79 -78 -78 -78 -78 -78 -78 -78 -78 -78 -77 -77 -77 -77 -77 -77 -77 -77 -77 -76 -76 -76 -76 -75 -75 -75 -74 -74 -74 -74 -74 -74 -73 -73 -73 -73 -73 -73 -72 -72 -72 -72 -72 -72 -72 -73 -73 -73 -77 -77 -78 -79 -79 -79 -79 -79 -79 -79 -80 -80 -80 -80 -79 -77 -77 -77 -77 -77 -76 -76 -76 -76 -76 -76 -76 -76 -75 -75 -75 -75 -75 -75 -75 -75 -75 -75 -77 -77 -77 -77 -77 -77 -77 -77 -77 -76 -76 -76 -76 -76 -76 -76 -76 -76 -76 -76 -76 -76 -76 -76 -76 -76 -76 -76 -76 -76 -77 -77 -77 -77 -77 -79 -79 -79 -79 -79 -79 -79 -79 -79 -78 -78 -77 -77 -77 -77 -77 -77 -77 -77 -77 -77 -77 -77 -76 -76 -76 -76 -76 -76 -76 -76 -76 -77 -77 -77 -77 -77 -77 -77 -77 -77 -77 -77 -76 -76 -76 -76 -76 -76 -76 -75 -75 -75 -75 -75 -74 -74 -74 -73 -73 -73 -73 -73 -73 -73 -72 -72 -71 -71 -70 -70 -70 -70 -69 -69 -69 -68 -68 -68 -68 -68 -68 -68 -68 -68 -68 -68 -68 -68 
CID
13678086 13678086 13678086 13678086 13678086 13678086 13678086 13678086 13678086 13678086 13678086 13678086 13678086 13678086 13678086 13678086 13678086 13678086 13678086 13678086 13678086 13678086 13678086 13678086 13678086 13678086 13678086 13678086 13678086 13678086 13678086 13678086 13769742 13769742 13769742 13769742 13769742 13769742 13769742 13769742 13769742 13769742 13769742 13769742 13769742 13769742 13769742 13769742 13769742 13769742 13769742 13769742 13769742 13769742 13769742 13769742 13769742 13769742 13769742 13769742 13769742 13769742 13769742 13769742 13769742 13769742 13769742 13769742 13769742 13769742 13769742 13769742 13769742 13769742 13769742 13769742 13769742 13769742 13769742 13678086 13678086 13678086 13678086 13678086 13769742 13769742 13769742 13769742 13769742 13769742 13769742 13769742 13769742 13769742 13769742 13769742 13769742 13769742 13769742 13769742 13769742 13769742 13769742 13769742 13769742 13769742 13769742 13769742 13769742 13769742 13769742 13769742 13769742 13769742 13769742 13769742 13769742 13769742 13769742 13769742 13769742 13769742 13792526 13792526 13792526 13678088 13678088 13678088 13678088 13678088 13678088 13792526 13792526 13792526 13792526 13792526 13792526 13792526 13792526 13792526 13792526 13792526 13792526 13792526 13792526 13792526 13792526 13792526 13792526 13792526 13792526 13792526 13792526 13792526 13792526 13792526 13792526 13792526 13792526 13792526 13792526 13792526 13792526 13792526 13792526 13792526 13792526 13792526 13792526 13792526 13792526 13792526 13678086 13678086 13678086 13792261 13792261 13792261 13792261 13769739 13769739 13769739 13769739 13769739 13769739 13769739 13769739 13769739 13769739 13769739 13769739 13769739 13769739 13769739 13769739 13769739 13792523 13792523 13792523 13769739 13769739 13769739 13769739 13769739 13769739 13769739 13769739 13769739 13769739 13769739 13769739 13769739 13792257 13792257 13792257 13792257 13792257 13792257 13792257 13792257 13754890 13754890 13754890 13754890 13754890 13754890 13754890 13754890 13754890 13754890 13754890 13754890 13754890 13754890 13754890 13754890 13754890 13754890 13754890 13754890 13754890 13754890 13754890 13754890 13754890 13754890 13754890 13754890 13754890 13754890 13754890 13754890 13760268 13678086 13678086 13678086 13678086 13678086 13678086 13678086 13678086 13678086 13678086 13678086 13678086 13678086 13769742 13769742 13769742 13769742 13769742 13769742 13769742 13769742 13769742 13769742 13769742 13769742 13769742 13769742 13769742 13769742 13769742 13769742 13769742 13769742 13769742 13769742 13769742 13769742 13769742 13769742 13769742 13769742 13769742 13769742 13769742 13769742 13769742 13769742 13769742 13769742 13678086 13678086 13678086 13678086 13678086 13678086 13678086 13678086 13678086 13678086 13678086 13678086 13678086 13678086 13678086 13678086 13678086 13678086 13678086 13678086 13678086 13678086 13678086 13678086 13678086 13678086 13678086 13678086 13678086 13678086 13678086 13678086 13678086 13678086 13678086 13678086 13678086 13678086 13678086 
RSRP of 5G
-83 -80 -80 -80 -80 -80 -80 -80 -80 -81 -81 -81 -81 -85 -85 -89 -89 -82 -82 -85 -85 -85 -85 -85 -85 -82 -82 -82 -82 -83 -83 -83 -82 -82 -82 -86 -86 -88 -88 -106 -106 -98 -98 -83 -83 -83 -83 -83 -83 -82 -82 -82 -82 -82 -82 -82 -82 -82 -82 -82 -82 -82 -82 -82 -82 -82 -82 -89 -89 -82 -82 -82 -82 -82 -82 -82 -82 -82 -81 -80 -80 -80 -80 -81 -81 -81 -81 -81 -81 -81 -81 -81 -81 -81 -81 -81 -81 -82 -82 -83 -83 -83 -83 -86 -86 -82 -82 -79 -79 -81 -81 -90 -83 -86 -86 -86 -86 -86 -86 -88 -88 -97 -97 -97 -85 -80 -79 -79 -113 -113 -137 -84 -84 -84 -84 -84 -84 -84 -84 -101 -101 -112 -112 -112 -100 -100 -104 -104 -104 -104 -85 -85 -84 -84 -80 -80 -81 -81 -100 -100 -105 -105 -105 -87 -87 -95 -95 -83 -83 -83 -83 -101 -82 -82 -82 -80 -80 -80 -80 -80 -80 -80 -80 -80 -80 -81 -81 -82 -82 -81 -81 -81 -81 -80 -80 -80 -80 -83 -80 -81 -81 -78 -78 -78 -78 -78 -78 -78 -78 -79 -79 -79 -79 -94 -94 -92 -92 -92 -92 -88 -88 -88 -84 -84 -84 -84 -87 -80 -82 -82 -82 -82 -82 -82 -82 -81 -82 -82 -86 -86 -83 -83 -81 -81 -78 -78 -78 -78 -78 -78 -78 -78 -78 -78 -78 -80 -80 -80 -80 -80 -80 -79 -79 -81 -81 -81 -79 -83 -83 -83 -82 -82 -82 -82 -82 -82 -82 -82 -82 -82 -82 -82 -82 -82 -84 -84 -84 -94 -94 -85 -82 -87 -87 -88 -88 -82 -82 -83 -83 -83 -83 -83 -81 -81 -81 -81 -81 -81 -81 -81 -82 -82 -82 -82 -82 -82 -82 -80 -80 -83 -83 -87 -87 -81 -81 -81 -81 -80 -80 -80 -80 -80 -80 -80 -80 -80 -80 -80 -80 -80 -80 
CQI
2147483647 2147483647 2147483647 2147483647 2147483647 2147483647 2147483647 2147483647 2147483647 2147483647 2147483647 2147483647 2147483647 2147483647 2147483647 2147483647 2147483647 2147483647 2147483647 2147483647 2147483647 2147483647 2147483647 2147483647 2147483647 2147483647 2147483647 2147483647 2147483647 2147483647 2147483647 2147483647 2147483647 2147483647 2147483647 2147483647 2147483647 2147483647 2147483647 2147483647 2147483647 2147483647 2147483647 2147483647 2147483647 2147483647 2147483647 2147483647 2147483647 2147483647 2147483647 2147483647 2147483647 2147483647 2147483647 2147483647 2147483647 2147483647 2147483647 2147483647 2147483647 2147483647 2147483647 2147483647 2147483647 2147483647 2147483647 2147483647 2147483647 2147483647 2147483647 2147483647 2147483647 2147483647 2147483647 2147483647 2147483647 2147483647 2147483647 2147483647 2147483647 2147483647 2147483647 2147483647 2147483647 2147483647 2147483647 2147483647 2147483647 2147483647 2147483647 2147483647 2147483647 2147483647 2147483647 2147483647 2147483647 2147483647 2147483647 2147483647 2147483647 2147483647 2147483647 2147483647 2147483647 2147483647 2147483647 2147483647 2147483647 2147483647 2147483647 2147483647 2147483647 2147483647 2147483647 2147483647 2147483647 2147483647 2147483647 2147483647 2147483647 2147483647 2147483647 2147483647 2147483647 2147483647 2147483647 2147483647 2147483647 2147483647 2147483647 2147483647 2147483647 2147483647 2147483647 2147483647 2147483647 2147483647 2147483647 2147483647 2147483647 2147483647 2147483647 2147483647 2147483647 2147483647 2147483647 2147483647 2147483647 2147483647 2147483647 2147483647 2147483647 2147483647 2147483647 2147483647 2147483647 2147483647 2147483647 2147483647 2147483647 2147483647 2147483647 2147483647 2147483647 2147483647 2147483647 2147483647 2147483647 2147483647 2147483647 2147483647 2147483647 2147483647 2147483647 2147483647 2147483647 2147483647 2147483647 2147483647 2147483647 2147483647 2147483647 2147483647 2147483647 2147483647 2147483647 2147483647 2147483647 2147483647 2147483647 2147483647 2147483647 2147483647 2147483647 2147483647 2147483647 2147483647 2147483647 2147483647 2147483647 2147483647 2147483647 2147483647 2147483647 2147483647 2147483647 2147483647 2147483647 2147483647 2147483647 2147483647 2147483647 2147483647 2147483647 2147483647 2147483647 2147483647 2147483647 2147483647 2147483647 2147483647 2147483647 2147483647 2147483647 2147483647 2147483647 2147483647 2147483647 2147483647 2147483647 2147483647 2147483647 2147483647 2147483647 2147483647 2147483647 2147483647 2147483647 2147483647 2147483647 2147483647 2147483647 2147483647 2147483647 2147483647 2147483647 2147483647 2147483647 2147483647 2147483647 2147483647 2147483647 2147483647 2147483647 2147483647 2147483647 2147483647 2147483647 2147483647 2147483647 2147483647 2147483647 2147483647 2147483647 2147483647 2147483647 2147483647 2147483647 2147483647 2147483647 2147483647 2147483647 2147483647 2147483647 2147483647 2147483647 2147483647 2147483647 2147483647 2147483647 2147483647 2147483647 2147483647 2147483647 2147483647 2147483647 2147483647 2147483647 2147483647 2147483647 2147483647 2147483647 2147483647 2147483647 2147483647 2147483647 2147483647 2147483647 2147483647 2147483647 2147483647 2147483647 2147483647 2147483647 2147483647 2147483647 2147483647 2147483647 2147483647 2147483647 2147483647 2147483647 2147483647 2147483647 2147483647 2147483647 2147483647 2147483647 2147483647 2147483647 2147483647 2147483647 2147483647 2147483647 2147483647 2147483647 2147483647 2147483647 2147483647 2147483647 2147483647 2147483647 2147483647 2147483647 2147483647 2147483647 2147483647 2147483647 2147483647 2147483647 
Altitude
-128.13442993164062 -126.90312957763672 -125.5185775756836 -123.4417495727539 -121.1535415649414 -118.94989013671875 -117.10029602050781 -115.30355072021484 -113.0576171875 -110.9120864868164 -108.94095611572266 -107.09136199951172 -105.08851623535156 -102.97470092773438 -100.94014739990234 -99.11698150634766 -97.01372528076172 -94.82064056396484 -92.6803970336914 -90.62999725341797 -88.7645492553711 -86.5608901977539 -84.49991607666016 -82.2962646484375 -80.31455993652344 -78.24301147460938 -76.03936004638672 -73.96781921386719 -72.08651733398438 -69.84058380126953 -67.96985626220703 -65.96701049804688 -64.01172637939453 -61.87148666381836 -59.984901428222656 -57.67026901245117 -55.61986541748047 -53.532470703125 -51.640602111816406 -49.62718963623047 -47.77759552001953 -45.92800521850586 -44.057273864746094 -41.99101638793945 -40.07801055908203 -37.92720031738281 -35.95077896118164 -33.82110595703125 -31.855255126953125 -29.91582489013672 -27.828428268432617 -26.110950469970703 -24.932497024536133 -23.986562728881836 -22.950790405273438 -22.39591407775879 -21.597946166992188 -21.270305633544922 -20.704858779907227 -20.260955810546875 -19.859331130981445 -19.62681007385254 -19.478843688964844 -19.2674617767334 -19.07193374633789 -18.82884407043457 -18.575185775756836 -18.485347747802734 -18.231689453125 -18.110145568847656 -17.930471420288086 -18.004453659057617 -17.87234115600586 -17.534130096435547 -17.359739303588867 -17.41258430480957 -16.958114624023438 -16.94754409790039 -17.417869567871094 -17.867055892944336 -18.210552215576172 -18.16299057006836 -18.601608276367188 -18.860551834106445 -18.347949981689453 -18.707298278808594 -18.649169921875 -18.3215274810791 -18.532909393310547 -18.511770248413086 -18.33738136291504 -18.242259979248047 -18.247543334960938 -18.347949981689453 -18.242259979248047 -18.221120834350586 -18.33738136291504 -18.18412971496582 -18.3215274810791 -18.305673599243164 -18.347949981689453 -18.427217483520508 -18.310958862304688 -18.918682098388672 -18.818275451660156 -18.390226364135742 -17.972747802734375 -17.402015686035156 -17.195919036865234 -17.37030792236328 -17.703235626220703 -17.72437286376953 -17.782503128051758 -17.750795364379883 -17.89876365661621 -17.80892562866211 -17.999170303344727 -18.16299057006836 -17.893478393554688 -17.824779510498047 -17.565837860107422 -17.51827621459961 -17.534130096435547 -17.470714569091797 -18.527624130249023 -18.36380386352539 -19.145915985107422 -20.704858779907227 -20.65201187133789 -20.097135543823242 -19.970306396484375 -19.62152671813965 -19.57925033569336 -19.82762336730957 -19.975589752197266 -19.811769485473633 -19.64794921875 -19.595104217529297 -19.563396453857422 -19.642663955688477 -19.706079483032227 -19.573965072631836 -19.468273162841797 -19.711362838745117 -19.67437171936035 -19.658517837524414 -19.5581111907959 -19.262176513671875 -19.288599014282227 -19.499980926513672 -19.67437171936035 -19.595104217529297 -19.061363220214844 -18.601608276367188 -19.20404624938965 -19.62152671813965 -18.929250717163086 -18.34266471862793 -18.27396583557129 -18.168275833129883 -18.305673599243164 -18.40608024597168 -18.36908721923828 -18.131282806396484 -18.347949981689453 -18.554046630859375 -18.18941307067871 -18.665023803710938 -19.087787628173828 -19.29916763305664 -19.172340393066406 -19.124778747558594 -19.019086837768555 -19.420713424682617 -20.04429054260254 -20.213396072387695 -20.25038719177246 -20.329654693603516 -20.313800811767578 -20.07599639892578 -20.065427780151367 -19.943883895874023 -19.817054748535156 -20.07071304321289 -19.928030014038086 -19.928030014038086 -19.838191986083984 -19.891036987304688 -19.996728897094727 -20.13941192626953 -20.081281661987305 -20.11298942565918 -19.9385986328125 -20.060142517089844 -20.09185028076172 -20.04429054260254 -20.609737396240234 -22.33249855041504 -20.255672454833984 -19.727216720581055 -19.098356246948242 -19.394290924072266 -19.209331512451172 -19.410144805908203 -19.33616065979004 -19.304452896118164 -19.367868423461914 -19.315021514892578 -19.36258316040039 -19.246322631835938 -19.489412307739258 -19.378437042236328 -18.955673217773438 -18.041446685791016 -17.78778839111328 -18.221120834350586 -18.96624183654785 -19.209331512451172 -20.033720016479492 -20.144695281982422 -19.943883895874023 -20.313800811767578 -19.901607513427734 -19.711362838745117 -20.371931076049805 -20.593883514404297 -19.95973777770996 -19.663803100585938 -19.928030014038086 -19.5581111907959 -19.75892448425293 -19.78534698486328 -19.62152671813965 -19.57925033569336 -19.44713592529297 -19.54225730895996 -19.43128204345703 -19.484127044677734 -19.42599868774414 -19.352014541625977 -19.346729278564453 -19.40485954284668 -19.795915603637695 -19.325592041015625 -19.38372039794922 -18.9398193359375 -18.881689071655273 -18.353235244750977 -18.25811195373535 -18.09429168701172 -18.316242218017578 -18.310958862304688 -18.332096099853516 -18.421934127807617 -18.40608024597168 -18.400794982910156 -18.485347747802734 -18.58575439453125 -18.591039657592773 -18.51705551147461 -18.564617156982422 -18.374372482299805 -18.036161422729492 -18.062583923339844 -18.458925247192383 -18.411365509033203 -18.791851043701172 -19.864614486694336 -21.650793075561523 -23.627212524414062 -25.270708084106445 -26.6763973236084 -27.558916091918945 -28.288185119628906 -29.646312713623047 -31.041433334350586 -32.73777389526367 -33.884521484375 -34.97313690185547 -36.975982666015625 -38.492645263671875 -39.480857849121094 -40.60646438598633 -42.38207244873047 -45.167030334472656 -46.102394104003906 -47.98369598388672 -49.34182357788086 -51.18613052368164 -52.56011199951172 -53.241817474365234 -55.91051483154297 -56.761329650878906 -58.65848159790039 -59.92677307128906 -61.707664489746094 -63.256038665771484 -64.85197448730469 -66.42147827148438 -67.90115356445312 -69.24871826171875 -70.6015625 -71.84870910644531 -73.51334381103516 -74.89260864257812 -76.3035888671875 -78.10033416748047 -79.50074005126953 -81.18122100830078 -82.70317077636719 -84.09300994873047 -85.42471313476562 -87.1844711303711 -88.65357208251953 -90.20722961425781 -91.44381713867188 -93.07145690917969 -94.48771667480469 -96.13121032714844 -97.8011245727539 -99.10112762451172 -100.65478515625 -101.84380340576172 -103.37104034423828 -104.43323516845703 -105.7913589477539 -106.78485870361328 -107.5881118774414 -108.9145278930664 -110.05599212646484 -111.94257354736328 -114.61127471923828 -115.90599060058594 -117.54948425292969 -119.44135284423828 -120.83118438720703 -122.13646697998047 -122.9872817993164 -125.09581756591797 -126.88199615478516 -128.01817321777344 