LTE(1) or 5G(2)
1 1 1 1 1 1 1 1 1 1 1 1 1 1 1 1 1 1 1 1 1 1 2 2 2 2 2 2 2 2 2 2 2 2 2 2 2 2 2 2 2 2 2 2 2 2 2 2 2 2 2 2 2 2 2 2 2 2 2 2 2 2 2 2 2 2 2 2 2 2 2 2 2 1 1 1 1 1 1 1 1 1 1 1 1 1 1 1 1 1 1 1 1 1 1 1 1 1 1 1 1 1 1 1 1 1 1 1 1 1 1 1 1 1 1 1 1 1 1 1 1 1 1 1 1 1 1 1 1 1 1 2 2 2 2 2 2 2 2 2 2 2 2 2 2 2 2 2 2 2 2 2 2 2 2 2 2 2 2 2 2 2 2 2 2 2 2 2 2 2 2 2 2 2 2 2 2 2 2 2 2 2 2 2 2 2 2 2 2 2 2 2 2 2 2 2 2 2 2 2 2 2 2 2 2 2 2 1 1 1 1 2 2 2 2 2 2 2 2 2 2 2 2 2 2 2 2 2 2 2 2 2 2 2 2 2 2 2 2 2 2 2 2 2 2 2 2 2 1 1 1 1 1 1 1 1 1 1 1 1 1 1 1 1 1 1 1 1 1 1 1 1 1 1 1 1 1 1 1 1 1 1 1 1 1 1 1 1 1 1 1 1 1 1 1 1 1 1 1 1 1 1 1 1 1 1 1 1 1 1 1 1 1 1 1 1 1 1 1 1 1 1 
SNR of LTE
6 6 6 9 9 9 9 9 8 8 8 8 8 8 8 8 8 8 8 8 8 7 6 6 6 4 4 4 3 3 3 3 3 3 2 2 2 2 2 2 0 0 0 0 0 0 0 0 0 0 0 0 0 0 0 0 0 0 0 0 0 0 -1 -1 -1 -1 0 0 0 0 0 0 0 0 0 0 0 0 0 0 0 0 0 0 0 0 0 0 0 0 0 0 0 0 0 0 0 0 0 0 0 0 0 0 0 0 0 0 0 0 0 0 0 0 0 0 0 0 0 -3 -3 -3 -3 -3 -3 -3 -3 -3 -3 -3 -3 -3 -3 -3 -3 -3 -3 -1 -1 -1 -1 0 0 1 1 1 1 1 1 2 3 3 3 2 2 2 2 2 2 2 0 0 0 0 0 0 0 -1 -1 -2 -2 -2 -2 -2 -2 -2 -2 -2 -2 -3 -3 -3 -3 -3 -3 -3 -3 -4 -4 -4 -4 -4 -4 -4 -4 -5 -5 -5 -5 -5 -5 -5 -5 -6 -6 -6 -6 -6 -6 -6 -6 -6 -6 -6 -5 -5 -5 -5 -4 -4 -4 -4 -4 -4 -4 -4 -4 -4 0 0 0 0 -1 -1 -1 -1 -1 -1 -1 -1 -1 -1 -1 -1 -2 -2 -2 -2 -2 -2 -2 -2 -2 -2 -2 -2 -2 -2 -2 -2 -2 -2 -3 -3 -3 -3 -3 -3 -3 -3 -3 -3 -3 -3 -3 -3 -3 -3 -3 -3 -3 -3 -3 -3 -3 -3 -3 -3 -3 -3 -3 0 0 0 0 0 0 0 0 0 0 0 0 0 0 0 0 0 0 0 0 0 0 0 0 0 0 0 0 0 0 0 
SNR of 5G
0 0 0 0 0 0 0 0 0 0 0 0 0 0 0 0 0 0 0 0 0 0 0 0 -1 -1 -1 -1 -3 -3 4 4 4 4 3 3 2 2 2 2 2 2 0 0 0 0 0 0 -1 -1 0 0 0 0 0 0 2 2 1 1 1 1 0 0 0 0 2 2 4 4 2 2 4 0 0 0 0 0 0 0 0 0 0 0 0 0 0 0 0 0 0 0 0 0 0 0 0 0 0 0 0 0 0 0 0 0 0 0 0 0 0 0 0 0 0 0 0 0 0 0 0 0 0 0 0 0 0 0 0 0 0 -1 -1 -1 -1 -1 -1 -5 -5 0 0 -3 -3 -3 -3 -1 -1 -1 -1 -2 -2 -2 -2 -2 -2 -4 -4 4 4 4 4 2 2 1 1 2 2 0 0 4 4 1 1 1 1 -2 -2 -2 -2 -2 -2 -3 -3 -2 -2 0 0 4 4 5 5 5 5 5 5 4 0 3 3 2 2 0 0 -1 -1 0 0 0 0 0 0 0 1 1 2 2 2 2 3 3 3 3 3 3 3 3 3 3 4 4 4 4 4 4 4 4 4 4 4 4 4 4 4 4 4 4 3 3 0 0 0 0 0 0 0 0 0 0 0 0 0 0 0 0 0 0 0 0 0 0 0 0 0 0 0 0 0 0 0 0 0 0 0 0 0 0 0 0 0 0 0 0 0 0 0 0 0 0 0 0 0 0 0 0 0 0 0 0 0 0 0 0 0 0 0 0 0 0 0 0 0 0 
RSSI
-51 -51 -51 -51 -51 -51 -51 -51 -51 -51 -51 -51 -51 -51 -51 -51 -51 -51 -51 -51 -51 -51 -51 -51 -51 -51 -51 -51 -51 -51 -51 -51 -51 -51 -51 -51 -51 -51 -51 -51 -51 -51 -51 -51 -51 -51 -51 -51 -51 -51 -51 -51 -51 -51 -51 -51 -51 -51 -51 -51 -51 -51 -51 -51 -51 -51 -51 -51 -51 -51 -51 -51 -51 -51 -51 -51 -51 -51 -51 -51 -51 -51 -51 -51 -51 -51 -51 -51 -51 -51 -51 -51 -51 -51 -51 -51 -51 -51 -51 -51 -51 -51 -51 -51 -51 -51 -51 -51 -51 -51 -51 -51 -51 -51 -51 -51 -51 -51 -51 -51 -51 -51 -51 -51 -51 -51 -51 -51 -51 -51 -51 -51 -51 -51 -51 -51 -51 -51 -51 -51 -51 -51 -51 -51 -51 -51 -51 -51 -51 -51 -51 -51 -51 -51 -51 -51 -51 -51 -51 -51 -51 -51 -51 -51 -51 -51 -51 -51 -51 -51 -51 -51 -51 -51 -51 -51 -51 -51 -51 -51 -51 -51 -51 -51 -51 -51 -51 -51 -51 -51 -51 -51 -51 -51 -51 -51 -51 -51 -51 -51 -51 -51 -51 -51 -51 -51 -51 -51 -51 -51 -51 -51 -51 -51 -51 -51 -51 -51 -51 -51 -51 -51 -51 -51 -51 -51 -51 -51 -51 -51 -51 -51 -51 -51 -51 -51 -51 -51 -51 -51 -51 -51 -51 -51 -51 -51 -51 -51 -51 -51 -51 -51 -51 -51 -51 -51 -51 -51 -51 -51 -51 -51 -51 -51 -51 -51 -51 -51 -51 -51 -51 -51 -51 -51 -51 -51 -51 -51 -51 -51 -51 -51 -51 -51 -51 -51 -51 -51 -51 -51 -51 -51 -51 -51 -51 -51 -51 -51 -51 -51 -51 -51 -51 -51 -51 -51 -51 -51 -51 -51 -51 -51 -51 -51 -51 -51 -53 -53 -53 -53 -53 -53 
RSRP
-72 -72 -72 -72 -71 -71 -71 -71 -71 -71 -71 -71 -71 -71 -71 -71 -71 -71 -71 -71 -71 -71 -71 -71 -71 -72 -72 -72 -72 -72 -73 -73 -73 -73 -72 -72 -72 -72 -72 -72 -73 -73 -73 -74 -74 -74 -74 -74 -73 -73 -73 -73 -73 -73 -73 -73 -73 -73 -74 -74 -74 -74 -74 -74 -75 -75 -74 -74 -74 -74 -75 -75 -75 -75 -75 -75 -75 -75 -75 -75 -75 -75 -75 -75 -75 -75 -75 -75 -75 -75 -75 -75 -75 -75 -75 -75 -75 -75 -75 -75 -75 -75 -75 -75 -75 -75 -75 -75 -75 -75 -75 -75 -75 -75 -75 -75 -75 -75 -75 -77 -77 -77 -77 -77 -77 -77 -77 -77 -77 -77 -79 -79 -79 -79 -79 -79 -79 -77 -77 -77 -77 -76 -76 -75 -75 -75 -74 -74 -74 -73 -73 -73 -73 -73 -73 -73 -73 -73 -73 -73 -74 -74 -74 -74 -75 -75 -75 -76 -76 -77 -77 -77 -77 -78 -79 -79 -79 -79 -79 -80 -80 -80 -81 -81 -81 -81 -81 -81 -81 -81 -81 -81 -81 -81 -81 -82 -82 -82 -82 -82 -82 -83 -83 -83 -83 -83 -83 -83 -83 -82 -82 -82 -82 -82 -81 -81 -81 -81 -81 -80 -80 -80 -80 -80 -80 -80 -80 -80 -79 -79 -79 -79 -80 -80 -80 -80 -80 -80 -80 -80 -80 -80 -80 -80 -79 -79 -79 -79 -79 -79 -79 -79 -79 -79 -79 -79 -79 -78 -78 -78 -78 -78 -79 -79 -79 -79 -79 -79 -79 -79 -79 -79 -79 -79 -79 -79 -79 -79 -79 -79 -79 -79 -79 -79 -79 -79 -79 -79 -79 -79 -79 -74 -74 -74 -74 -74 -74 -74 -74 -74 -74 -74 -74 -74 -74 -74 -74 -74 -74 -74 -74 -74 -74 -74 -74 -74 -74 -74 -74 -74 -74 -75 
CID
13678086 13678086 13678086 13678086 13678086 13769745 13769745 13769745 13769745 13769745 13769745 13769745 13769745 13769745 13769745 13769745 13769745 13769745 13769745 13769745 13769745 13769745 13769745 13769745 13769745 13769745 13769745 13769745 13769745 13769745 13769745 13769745 13769745 13769745 13769745 13769745 13769745 13769745 13769745 13769745 13769745 13769745 13769745 13769745 13769745 13769745 13769745 13769745 13769745 13769745 13769745 13769745 13769745 13769745 13769745 13769745 13769745 13769745 13769745 13769745 13769745 13769745 13769745 13769745 13769745 13769745 13769745 13769745 13769745 13769745 13769745 13769745 13769745 13769745 13769745 13769745 13769745 13769745 13769745 13769745 13769745 13769745 13769745 13769745 13769745 13769745 13769745 13769745 13769745 13769745 13769745 13769745 13769745 13769745 13769745 13769745 13769745 13769745 13769745 13769745 13769745 13769745 13769745 13769745 13769745 13769745 13769745 13769745 13769745 13769745 13769745 13769745 13769745 13769745 13769745 13769745 13769745 13769745 13769745 13754896 13754896 13754896 13754896 13754896 13754896 13754896 13754896 13754896 13754896 13754896 13754896 13754896 13754896 13754896 13754896 13754896 13754896 13754896 13754896 13754896 13754896 13754896 13754896 13754896 13754896 13754896 13754896 13754896 13754896 13754896 13754896 13754896 13754896 13754896 13754896 13754896 13754896 13754896 13754896 13754896 13754896 13769745 13769745 13769745 13769745 13769745 13769745 13769745 13769745 13769745 13769745 13769745 13769745 13769745 13769745 13769745 13769745 13769745 13769745 13769745 13769745 13769745 13769745 13769745 13769745 13769745 13769745 13769745 13754896 13754896 13754896 13754896 13754896 13754896 13754896 13792278 13792278 13792278 13792278 13792278 13792278 13754896 13754896 13754896 13754896 13754896 13769745 13769745 13769745 13754896 13754896 13769745 13769745 13769745 13769745 13769745 13769745 13769745 13769745 13769745 13769745 13769745 13769745 13769745 13769745 13769745 13769745 13769745 13792279 13792279 13792279 13792279 13792279 13792279 13792279 13792279 13792279 13792279 13792279 13792279 13792279 13792279 13792279 13792279 13792279 13792279 13792279 13792279 13792279 13792279 13792279 13792279 13792279 13792279 13792279 13792279 13792279 13769742 13769742 13769742 13769742 13769742 13769745 13769745 13769745 13769745 13769745 13769745 13769745 13769745 13769745 13769745 13769745 13769745 13769745 13769745 13769745 13769745 13769745 13769745 13769745 13769745 13769745 13769745 13769745 13769745 13769745 13769745 13769745 13769745 13769745 13769745 13769745 13769745 13769745 13769745 13769745 13769745 13769745 13769745 13769745 13769745 13769745 13769745 13769745 13769745 13769745 13769745 13769745 13769745 13769745 13769745 13769745 13769745 13769745 13769745 13769745 13769745 13754896 13754896 13754896 13754896 
RSRP of 5G
-84 -84 -84 -84 -84 -84 -84 -84 -84 -84 -84 -84 -84 -84 -84 -84 -84 -84 -84 -84 -84 -84 -84 -84 -84 -84 -84 -84 -91 -79 -84 -84 -84 -84 -115 -115 -85 -85 -89 -89 -85 -85 -87 -87 -84 -84 -84 -84 -85 -85 -85 -85 -85 -85 -88 -88 -83 -83 -84 -84 -84 -84 -83 -83 -86 -86 -78 -78 -82 -82 -81 -81 -77 -77 -77 -77 -77 -77 -77 -77 -77 -77 -77 -77 -77 -77 -77 -77 -77 -77 -77 -77 -77 -77 -77 -77 -77 -77 -77 -77 -77 -77 -77 -77 -77 -77 -77 -77 -77 -77 -77 -77 -77 -77 -77 -77 -77 -77 -77 -77 -77 -77 -77 -77 -77 -77 -77 -77 -77 -77 -77 -84 -84 -83 -83 -88 -88 -85 -85 -85 -85 -88 -88 -84 -84 -84 -84 -115 -115 -86 -86 -87 -87 -83 -83 -92 -81 -82 -82 2147483647 -86 -86 -86 -86 -86 -81 -81 -84 -84 -80 -80 -80 -80 -80 -82 -82 -82 -83 -83 -80 -80 -82 -82 -77 -77 -79 -79 -80 -80 -79 -79 -79 -79 -79 -79 -76 -77 -76 -76 -77 -77 -79 -79 -81 -81 -86 -86 -86 -86 -86 -86 -133 -81 -81 -81 -81 -81 -81 -82 -82 -82 -82 -82 -82 -82 -82 -82 -82 -82 -82 -82 -82 -79 -79 -79 -79 -79 -79 -79 -79 -79 -79 -79 -79 -81 -81 -80 -80 -80 -80 -80 -80 -80 -80 -80 -80 -80 -80 -80 -80 -80 -80 -80 -80 -80 -80 -80 -80 -80 -80 -80 -80 -80 -80 -80 -80 -80 -80 -80 -80 -80 -80 -80 -80 -80 -80 -80 -80 -80 -80 -80 -80 -80 -80 -80 -80 -80 -80 -80 -80 -80 -80 -80 -80 -80 -80 -80 -80 -80 -80 -80 -80 -80 -80 -80 -80 -80 -80 -80 -80 -80 -80 
CQI
2147483647 2147483647 2147483647 2147483647 2147483647 2147483647 2147483647 2147483647 2147483647 2147483647 2147483647 2147483647 2147483647 2147483647 2147483647 2147483647 2147483647 2147483647 2147483647 2147483647 2147483647 2147483647 2147483647 2147483647 2147483647 2147483647 2147483647 2147483647 2147483647 2147483647 2147483647 2147483647 2147483647 2147483647 2147483647 2147483647 2147483647 2147483647 2147483647 2147483647 2147483647 2147483647 2147483647 2147483647 2147483647 2147483647 2147483647 2147483647 2147483647 2147483647 2147483647 2147483647 2147483647 2147483647 2147483647 2147483647 2147483647 2147483647 2147483647 2147483647 2147483647 2147483647 2147483647 2147483647 2147483647 2147483647 2147483647 2147483647 2147483647 2147483647 2147483647 2147483647 2147483647 2147483647 2147483647 2147483647 2147483647 2147483647 2147483647 2147483647 2147483647 2147483647 2147483647 2147483647 2147483647 2147483647 2147483647 2147483647 2147483647 2147483647 2147483647 2147483647 2147483647 2147483647 2147483647 2147483647 2147483647 2147483647 2147483647 2147483647 2147483647 2147483647 2147483647 2147483647 2147483647 2147483647 2147483647 2147483647 2147483647 2147483647 2147483647 2147483647 2147483647 2147483647 2147483647 2147483647 2147483647 2147483647 2147483647 2147483647 2147483647 2147483647 2147483647 2147483647 2147483647 2147483647 2147483647 2147483647 2147483647 2147483647 2147483647 2147483647 2147483647 2147483647 2147483647 2147483647 2147483647 2147483647 2147483647 2147483647 2147483647 2147483647 2147483647 2147483647 2147483647 2147483647 2147483647 2147483647 2147483647 2147483647 2147483647 2147483647 2147483647 2147483647 2147483647 2147483647 2147483647 2147483647 2147483647 2147483647 2147483647 2147483647 2147483647 2147483647 2147483647 2147483647 2147483647 2147483647 2147483647 2147483647 2147483647 2147483647 2147483647 2147483647 2147483647 2147483647 2147483647 2147483647 2147483647 2147483647 2147483647 2147483647 2147483647 2147483647 2147483647 2147483647 2147483647 2147483647 2147483647 2147483647 2147483647 2147483647 2147483647 2147483647 2147483647 2147483647 2147483647 2147483647 2147483647 2147483647 2147483647 2147483647 2147483647 2147483647 2147483647 2147483647 2147483647 2147483647 2147483647 2147483647 2147483647 2147483647 2147483647 2147483647 2147483647 2147483647 2147483647 2147483647 2147483647 2147483647 2147483647 2147483647 2147483647 2147483647 2147483647 2147483647 2147483647 2147483647 2147483647 2147483647 2147483647 2147483647 2147483647 2147483647 2147483647 2147483647 2147483647 2147483647 2147483647 2147483647 2147483647 2147483647 2147483647 2147483647 2147483647 2147483647 2147483647 2147483647 2147483647 2147483647 2147483647 2147483647 2147483647 2147483647 2147483647 2147483647 2147483647 2147483647 2147483647 2147483647 2147483647 2147483647 2147483647 2147483647 2147483647 2147483647 2147483647 2147483647 2147483647 2147483647 2147483647 2147483647 2147483647 2147483647 2147483647 2147483647 2147483647 2147483647 2147483647 2147483647 2147483647 2147483647 2147483647 2147483647 2147483647 2147483647 2147483647 2147483647 2147483647 2147483647 2147483647 2147483647 2147483647 2147483647 2147483647 2147483647 2147483647 2147483647 2147483647 2147483647 2147483647 2147483647 2147483647 2147483647 2147483647 2147483647 2147483647 2147483647 2147483647 2147483647 2147483647 2147483647 2147483647 2147483647 2147483647 2147483647 2147483647 2147483647 2147483647 2147483647 2147483647 2147483647 
Altitude
-93.18243408203125 -92.35803985595703 -91.7608871459961 -90.97877502441406 -90.23893737792969 -89.62593078613281 -88.72227478027344 -88.0352783203125 -86.60845184326172 -83.90276336669922 -81.9844741821289 -79.9393539428711 -77.93650817871094 -76.03407287597656 -74.03651428222656 -71.95968627929688 -69.92514038085938 -67.94871520996094 -65.77676391601562 -64.05928802490234 -62.045875549316406 -60.15929412841797 -57.987342834472656 -56.217018127441406 -54.013362884521484 -52.05807876586914 -50.12393569946289 -48.089385986328125 -46.00727462768555 -43.80361557006836 -41.9276008605957 -39.776790618896484 -37.95890808105469 -35.77110290527344 -33.9373664855957 -31.82883071899414 -29.91582489013672 -27.881275177001953 -25.888999938964844 -23.75404167175293 -22.020709991455078 -20.00729751586914 -18.554046630859375 -17.180065155029297 -16.403236389160156 -15.642261505126953 -14.59592056274414 -14.009336471557617 -13.443889617919922 -12.778036117553711 -12.371126174926758 -11.990638732910156 -11.562590599060059 -11.277225494384766 -11.00242805480957 -10.722347259521484 -10.452835083007812 -10.389421463012695 -10.27844524383545 -10.104055404663086 -9.887389183044434 -9.623161315917969 -9.353649139404297 -9.374788284301758 -9.131698608398438 -9.036577224731445 -8.946739196777344 -8.904462814331055 -6.473570823669434 -3.3292651176452637 -1.74918532371521 -3.186582326889038 -2.6369893550872803 -1.1995923519134521 0.4069101810455322 2.4652414321899414 4.705889701843262 6.5845465660095215 8.962593078613281 10.252022743225098 11.562590599060059 12.989418029785156 13.81380844116211 14.7359619140625 15.237993240356445 15.821935653686523 16.078237533569336 16.45608139038086 16.960756301879883 17.57904815673828 17.626609802246094 17.711162567138672 17.980674743652344 18.115428924560547 17.729658126831055 18.26075553894043 19.80120086669922 19.526403427124023 19.39693260192871 19.634737014770508 20.263599395751953 20.72335433959961 20.842256546020508 21.241239547729492 21.34693145751953 20.628232955932617 20.36136245727539 20.205469131469727 20.102420806884766 21.270305633544922 21.851604461669922 21.550386428833008 21.07477569580078 19.616241455078125 17.103439331054688 16.17071533203125 15.0451078414917 13.282711029052734 11.20059871673584 9.987794876098633 8.4262113571167 7.247757434844971 5.76544189453125 4.491865634918213 3.1522326469421387 1.7042666673660278 -0.0317072868347168 -2.3304855823516846 -2.86950945854187 -3.7203216552734375 -4.840645790100098 -5.797148704528809 -6.272758483886719 -6.965034008026123 -7.403651237487793 -7.76300048828125 -8.22804069519043 -8.391861915588379 -8.629666328430176 -8.698366165161133 -9.77112865447998 -9.586170196533203 -8.867471694946289 -9.105276107788086 -8.66137409210205 -8.788203239440918 -8.76177978515625 -8.169910430908203 -8.23861026763916 -8.428853988647461 -8.291455268859863 -8.455276489257812 -8.344301223754883 -8.698366165161133 -8.640235900878906 -8.502837181091309 -8.486984252929688 -8.423568725585938 -8.354869842529297 -8.016658782958984 -6.610969543457031 -4.507719039916992 -3.022761344909668 -2.346339225769043 -1.986989974975586 -0.45975565910339355 1.6117870807647705 3.6410534381866455 5.569913387298584 7.570114612579346 9.39328384399414 11.160964965820312 12.400191307067871 13.470312118530273 14.244498252868652 15.219497680664062 15.66604232788086 16.432300567626953 16.80221939086914 17.494495391845703 17.742868423461914 17.999170303344727 18.379657745361328 18.665023803710938 18.694087982177734 18.749576568603516 18.945104598999023 18.83677101135254 19.21725845336914 19.61359977722168 20.18168830871582 20.79998016357422 20.955873489379883 20.95851707458496 20.88189125061035 21.037784576416016 21.04835319519043 21.127622604370117 21.016647338867188 20.998149871826172 20.913597106933594 20.815834045410156 21.101200103759766 21.18046760559082 20.836971282958984 19.941240310668945 17.639820098876953 15.763806343078613 15.161367416381836 13.010557174682617 11.340639114379883 10.156900405883789 8.793487548828125 6.896334648132324 6.330888271331787 5.313612937927246 3.33454966545105 1.7148357629776 0.6684952974319458 -1.2101614475250244 -2.7638185024261475 -3.7203216552734375 -4.476012229919434 -5.28983211517334 -6.151213645935059 -6.737798690795898 -7.319098472595215 -7.477635383605957 -8.212186813354492 -8.444707870483398 -8.497552871704102 -9.078853607177734 -10.500396728515625 -9.993080139160156 -9.316658020019531 -8.735357284545898 -9.142267227172852 -9.533324241638184 -9.565031051635742 -9.189828872680664 -8.576821327209473 -8.819910049438477 -9.18454360961914 -9.110560417175293 -8.275602340698242 -8.40243148803711 -8.407715797424316 -8.354869842529297 -8.344301223754883 -8.169910430908203 -8.175195693969727 -8.127634048461914 -8.69308090209961 -8.730072975158691 -8.40243148803711 -8.344301223754883 -8.856902122497559 -9.929665565490723 -11.657712936401367 -12.571939468383789 -14.352831840515137 -15.837789535522461 -16.625186920166016 -18.69144630432129 -20.22396469116211 -21.70892333984375 -22.987783432006836 -23.92843246459961 -25.714609146118164 -26.602413177490234 -27.062170028686523 -28.47314453125 -31.0889949798584 -32.74834442138672 -33.97435760498047 -35.5914306640625 -36.912567138671875 -38.45565414428711 -40.91825485229492 -42.15483856201172 -43.57638168334961 -44.4694709777832 -46.20280075073242 -47.449954986572266 -49.39995193481445 -51.735721588134766 -53.1678352355957 -55.38206100463867 -56.74018859863281 -58.695472717285156 -59.64140701293945 -60.904415130615234 -62.66416931152344 -64.33937072753906 -65.35928344726562 -67.09262084960938 -67.49952697753906 -68.6409912109375 -70.85521697998047 -73.61903381347656 -74.70764923095703 -76.3987045288086 -77.89423370361328 -79.68041229248047 -80.33041381835938 -80.76374053955078 -82.26455688476562 -85.41414642333984 -86.835693359375 -87.86089324951172 -89.2295913696289 -90.17552185058594 -92.6328353881836 -92.83364868164062 -93.0978775024414 -93.00275421142578 -93.0503158569336 -93.20356750488281 -93.4466552734375 -93.9698257446289 -94.33446502685547 -94.21292114257812 