LTE(1) or 5G(2)
2 2 2 2 2 2 2 2 2 2 2 2 2 2 2 2 2 2 2 2 2 2 2 2 2 2 2 2 2 2 2 2 2 2 2 2 2 2 2 2 2 2 2 2 2 2 2 2 2 2 2 2 2 2 2 2 1 1 1 2 2 2 2 2 2 2 2 1 1 1 1 1 1 2 2 2 2 2 2 2 2 2 2 2 2 2 2 2 2 2 2 2 2 2 2 2 2 2 2 2 2 2 2 2 2 2 2 2 2 2 2 2 2 2 2 2 2 2 2 2 2 2 2 2 2 2 2 2 2 2 2 2 2 2 1 1 1 1 1 1 1 1 2 2 2 2 2 1 1 1 2 2 2 2 2 2 2 2 2 2 1 1 2 2 2 2 1 1 1 1 1 1 1 1 2 2 2 2 2 2 2 2 2 2 2 2 2 2 2 2 2 2 2 2 2 2 2 2 2 2 2 2 1 1 1 2 2 2 2 2 2 2 2 2 2 2 2 2 2 2 2 2 2 2 2 2 2 2 2 2 2 2 2 2 2 2 2 2 2 2 2 2 2 2 2 2 2 2 2 2 2 2 2 2 2 2 2 2 2 2 2 2 2 2 2 2 2 2 2 2 2 2 2 2 2 2 2 2 2 2 2 2 2 2 2 2 2 2 2 2 2 2 2 2 2 2 2 2 2 2 2 2 2 2 2 2 2 2 2 2 2 2 2 2 2 2 2 2 2 2 2 2 2 2 2 2 2 2 2 2 2 2 2 2 2 2 2 2 2 2 2 2 2 2 2 2 
SNR of LTE
11 11 11 11 11 11 11 9 9 8 8 8 8 8 8 8 8 6 6 6 6 5 5 5 5 5 5 5 5 5 5 4 4 4 2 2 2 2 2 1 1 0 0 0 0 0 0 -1 -1 -2 -2 -3 -4 -4 -4 -4 -4 -4 -4 -4 -4 -4 -4 -5 -5 -5 -5 -5 -5 -5 -5 -5 -5 -5 -5 -5 -5 -5 -5 -5 -5 -4 -4 -4 -4 -5 -5 -5 -5 -5 -5 -4 -4 -4 -4 -4 -4 -4 -4 -3 -3 -2 -2 -2 -2 -2 -2 -2 -2 -2 -2 -3 -3 -3 -3 -3 -3 -4 -4 -4 -4 -4 -4 -4 -6 -6 -6 -6 -6 -6 -6 -6 -6 -6 -6 -6 -6 -5 -5 -5 -5 -4 -4 -4 -4 -4 -4 -4 -4 -3 -3 -3 -1 -1 -1 -1 -1 -1 -1 0 0 0 0 0 0 0 1 1 1 1 1 2 2 2 2 2 2 2 0 0 0 0 -1 -1 -3 -3 -3 -3 -3 -4 -4 -4 -4 -4 -4 -4 -4 -4 -4 -4 -4 -4 -5 -5 -4 -4 -4 -3 -3 -2 -2 -2 -2 -2 -2 -2 -2 -2 -2 -2 -2 -2 -2 -2 -2 -1 -1 0 0 0 0 0 0 0 0 0 0 0 0 0 0 0 0 0 0 -1 -1 -1 -1 -2 -2 -2 -2 -2 -2 -2 -2 -3 -4 -4 -4 -4 -4 -4 -4 -4 -4 -4 -4 -3 -3 -3 -3 -3 -3 -3 -3 -2 -2 -3 -3 -3 -3 -3 -3 -4 -4 -4 -4 -4 -4 -5 -5 -5 -5 -5 -5 -5 -5 -5 -5 -5 -5 -5 -5 -5 -5 -5 -3 -3 -3 -3 -3 -3 -2 -2 -2 -1 -1 -1 -1 0 0 0 0 0 3 3 3 3 3 3 3 3 3 5 5 5 6 6 6 6 6 6 6 6 
SNR of 5G
11 11 11 11 11 11 11 2 2 8 8 8 8 6 6 6 6 2 2 0 0 0 0 1 1 3 3 3 3 3 3 2 2 2 2 1 1 0 0 -1 -1 0 1 -4 -5 0 0 0 0 -2 -2 -3 -3 -2 -2 -3 0 0 0 1 1 0 0 -1 -1 0 0 0 0 0 0 0 0 -3 -3 -4 -4 -3 -3 -5 -5 0 0 0 0 1 1 1 1 1 1 0 0 0 0 -2 -5 1 1 0 0 1 1 1 1 1 1 2 2 3 3 2 2 1 1 -1 -2 3 3 3 3 1 1 -3 -3 -2 -2 -1 -1 3 3 0 -2 -2 0 0 0 0 0 0 0 0 -1 -1 -3 -3 -3 0 0 0 0 0 0 0 0 0 1 1 0 0 0 0 0 0 0 0 0 0 0 0 0 0 0 0 -1 -1 0 0 -2 -2 -2 -2 -3 -3 -4 -4 -7 -7 -7 -2 -2 -2 -3 -3 -3 -3 -4 -4 -1 -1 2 2 0 0 0 2 2 2 2 1 1 1 1 0 0 0 0 -1 -1 -4 -4 0 0 0 -1 -2 -2 -2 -2 -2 -2 -2 -2 -2 -2 -2 -2 -2 -2 -2 -2 -2 -2 -1 -1 1 1 2 2 2 2 2 2 1 1 1 1 1 1 1 1 1 1 -1 -5 2 2 -2 -2 0 1 1 1 1 1 1 1 0 0 -4 -4 2 2 2 2 2 2 0 0 0 0 0 0 -1 -1 -1 -1 0 0 0 0 0 0 1 1 2 2 2 2 2 2 3 3 3 4 3 3 1 1 0 0 0 -1 -4 -4 -1 -1 -1 -1 0 1 6 6 6 6 6 6 6 6 6 6 4 4 2 2 10 
RSSI
-51 -51 -51 -51 -51 -51 -51 -51 -51 -51 -51 -51 -51 -51 -51 -51 -51 -51 -51 -51 -51 -51 -51 -51 -51 -51 -51 -51 -51 -51 -51 -51 -51 -51 -51 -51 -51 -51 -51 -51 -51 -51 -51 -51 -51 -51 -51 -51 -51 -51 -51 -51 -51 -51 -51 -51 -51 -51 -51 -51 -51 -51 -51 -51 -51 -51 -51 -51 -51 -51 -51 -51 -51 -51 -51 -51 -51 -51 -51 -51 -51 -51 -51 -51 -51 -51 -51 -51 -51 -51 -51 -51 -51 -51 -51 -51 -51 -51 -51 -51 -51 -51 -51 -51 -51 -51 -51 -51 -51 -51 -51 -51 -51 -51 -51 -51 -51 -51 -51 -51 -51 -51 -51 -51 -51 -51 -51 -51 -51 -51 -51 -51 -51 -51 -51 -51 -51 -51 -51 -51 -51 -51 -51 -51 -51 -51 -51 -51 -51 -51 -51 -51 -51 -51 -51 -51 -51 -51 -51 -51 -51 -51 -51 -51 -51 -51 -51 -51 -51 -51 -51 -51 -51 -51 -51 -51 -51 -51 -51 -51 -51 -51 -51 -51 -51 -51 -51 -51 -51 -51 -51 -51 -51 -51 -51 -51 -51 -51 -51 -51 -51 -51 -51 -51 -51 -51 -51 -51 -51 -51 -51 -51 -51 -51 -51 -51 -51 -51 -51 -51 -51 -51 -51 -51 -51 -51 -51 -51 -51 -51 -51 -51 -51 -51 -51 -51 -51 -51 -51 -51 -51 -51 -51 -51 -51 -51 -51 -51 -51 -51 -51 -51 -51 -51 -51 -51 -51 -51 -51 -51 -51 -51 -51 -51 -51 -51 -51 -51 -51 -51 -51 -51 -51 -51 -51 -51 -51 -51 -51 -51 -51 -51 -51 -51 -51 -51 -51 -51 -51 -51 -51 -51 -51 -51 -51 -51 -51 -51 -51 -51 -51 -51 -51 -51 -51 -51 -51 -51 -51 -51 -51 -51 -51 -51 -51 -51 -51 -51 -51 -51 -51 -51 -51 -51 -51 -51 -51 -51 -51 -51 -51 -51 -51 -51 -51 -51 -51 -51 -51 -51 -51 -51 -51 -51 -51 -51 
RSRP
-68 -68 -68 -68 -68 -68 -68 -69 -69 -69 -69 -69 -69 -69 -69 -69 -69 -69 -69 -69 -69 -69 -69 -69 -69 -69 -69 -69 -69 -69 -69 -69 -69 -69 -70 -70 -70 -70 -70 -70 -70 -71 -71 -72 -72 -72 -72 -73 -73 -74 -74 -76 -77 -77 -77 -77 -77 -77 -78 -78 -78 -78 -78 -80 -80 -80 -80 -80 -80 -80 -80 -80 -80 -79 -79 -80 -80 -80 -80 -80 -80 -79 -79 -79 -79 -79 -79 -79 -79 -79 -79 -79 -78 -77 -77 -77 -77 -77 -77 -77 -77 -76 -76 -76 -76 -76 -76 -76 -76 -76 -76 -76 -76 -77 -77 -77 -76 -77 -77 -77 -77 -78 -78 -78 -80 -80 -80 -80 -80 -80 -80 -80 -80 -80 -80 -80 -80 -79 -79 -79 -79 -78 -77 -77 -77 -77 -77 -77 -77 -76 -76 -76 -76 -76 -75 -75 -75 -75 -75 -75 -74 -74 -74 -74 -74 -74 -74 -74 -74 -74 -74 -73 -73 -73 -73 -73 -73 -73 -74 -74 -74 -74 -76 -76 -77 -77 -77 -77 -77 -77 -77 -77 -78 -78 -78 -78 -78 -78 -78 -78 -78 -78 -78 -78 -77 -77 -77 -76 -76 -76 -76 -76 -76 -76 -76 -76 -76 -76 -76 -74 -74 -74 -74 -74 -74 -74 -74 -73 -73 -73 -73 -72 -72 -72 -72 -72 -72 -71 -71 -71 -71 -71 -71 -71 -71 -72 -72 -72 -72 -73 -73 -73 -73 -73 -73 -73 -73 -74 -75 -75 -75 -75 -75 -75 -75 -75 -75 -75 -75 -75 -75 -75 -75 -75 -75 -75 -75 -75 -75 -76 -76 -76 -76 -76 -76 -78 -78 -78 -78 -78 -78 -79 -79 -79 -79 -79 -80 -80 -80 -80 -80 -80 -80 -78 -78 -78 -78 -78 -76 -76 -76 -76 -76 -76 -74 -74 -74 -73 -73 -73 -73 -71 -71 -71 -71 -71 -69 -69 -69 -69 -69 -69 -69 -69 -69 -69 -69 -69 -69 -69 -69 -69 -69 -69 -69 -69 
CID
13678086 13678086 13678086 13678086 13678086 13678086 13678086 13678086 13678086 13678086 13678086 13678086 13678086 13678086 13678086 13678086 13678086 13678086 13678086 13678086 13678086 13678086 13678086 13678086 13678086 13678086 13678086 13678086 13678086 13678086 13678086 13678086 13678086 13678086 13678086 13678086 13678086 13678086 13678086 13678086 13678086 13678086 13678086 13769742 13769742 13769742 13769742 13769742 13769742 13769742 13769742 13769742 13769742 13769742 13769742 13769742 13769742 13769742 13769742 13769742 13769742 13769742 13769742 13769742 13769742 13769742 13769742 13769742 13769742 13769742 13769742 13769742 13769742 13769742 13769742 13769742 13769742 13769742 13769742 13769742 13769742 13769742 13769742 13769742 13769742 13769742 13769742 13769742 13769742 13769742 13769742 13769742 13769742 13769742 13769742 13769742 13769742 13769742 13769742 13769742 13769742 13769742 13769742 13769742 13769742 13769742 13769742 13769742 13769742 13769742 13769742 13769742 13769742 13769742 13769742 13769742 13769742 13769742 13769742 13769742 13769742 13769742 13769742 13754893 13754893 13678088 13678088 13678088 13678088 13678088 13678088 13678088 13678088 13792526 13792526 13792526 13792526 13792526 13792526 13792526 13792526 13792526 13792526 13792526 13792526 13792526 13792526 13792526 13792526 13792526 13792526 13792526 13792526 13792526 13792526 13792526 13792526 13792526 13792526 13792526 13792526 13792526 13792526 13792526 13792526 13792526 13792526 13792526 13792526 13792526 13792526 13792526 13792526 13792526 13678086 13678086 13678086 13754893 13754893 13678086 13678086 13678086 13678086 13678086 13678086 13678086 13678086 13678086 13678086 13678086 13678086 13678086 13678086 13678086 13678086 13678086 13678086 13678086 13678086 13678086 13678086 13678086 13678086 13792525 13678086 13678086 13678086 13678086 13678086 13678086 13678086 13678086 13678086 13678086 13678086 13678086 13678086 13678086 13678086 13678086 13678086 13678086 13678086 13678086 13678086 13678086 13678086 13678086 13678086 13678086 13678086 13678086 13678086 13678086 13678086 13678086 13678086 13678086 13678086 13678086 13678086 13678086 13678086 13678086 13678086 13678086 13678086 13678086 13678086 13678086 13678086 13678086 13678086 13678086 13678086 13678086 13678086 13678086 13678086 13678086 13678086 13678086 13678086 13678086 13678086 13769742 13769742 13769742 13769742 13769742 13769742 13769742 13769742 13769742 13769742 13769742 13769742 13769742 13769742 13769742 13769742 13769742 13769742 13769742 13769742 13769742 13769742 13769742 13769742 13769742 13769742 13769742 13769742 13769742 13769742 13769742 13769742 13769742 13678086 13678086 13678086 13678086 13678086 13678086 13678086 13678086 13678086 13678086 13678086 13678086 13678086 13678086 13678086 13678086 13678086 13678086 13678086 13678086 13678086 13678086 13678086 13678086 13678086 13678086 13678086 13678086 13678086 13678086 13678086 13678086 13678086 13678086 13678086 13678086 13678086 13678086 13678086 13678086 13678086 13678086 13678086 13678086 13678086 13678086 13678086 13678086 
RSRP of 5G
-83 -83 -83 -83 -83 -83 -83 -76 -76 -78 -78 -78 -78 -82 -82 -82 -82 -86 -86 -98 -98 -88 -88 -84 -84 -85 -85 -85 -85 -85 -85 -86 -86 -87 -87 -87 -87 -87 -87 -99 -99 -94 -82 -92 -86 -87 -87 -87 -87 -91 -91 -90 -90 -87 -87 -87 -87 -87 -87 -81 -81 -81 -81 -100 -100 -84 -84 -84 -84 -84 -84 -84 -84 -88 -88 -92 -92 -88 -88 -82 -82 -81 -81 -81 -81 -81 -81 -81 -81 -81 -81 -80 -80 -85 -77 -86 -83 -86 -86 -89 -89 -86 -86 -86 -86 -88 -88 -87 -87 -79 -79 -79 -79 -80 -80 -98 -83 -85 -85 -85 -85 -86 -86 -88 -88 -83 -83 -82 -82 -79 -79 -108 -85 -98 -98 -98 -98 -98 -98 -98 -98 -98 -99 -99 -134 -134 -134 -134 -134 -134 -87 -87 -83 -83 -82 -82 -81 -81 -99 -85 -85 -85 -80 -80 -88 -88 -88 -88 -88 -124 -124 -124 -124 -124 -85 -85 -85 -85 -81 -81 -81 -81 -82 -82 -83 -83 -81 -81 -81 -82 -84 -84 -81 -81 -81 -82 -80 -80 -79 -79 -78 -78 -78 -78 -78 -77 -77 -77 -77 -77 -77 -78 -78 -78 -78 -84 -84 -87 -87 -80 -80 -90 -90 -95 -83 -86 -86 -87 -87 -87 -87 -88 -88 -88 -88 -88 -88 -84 -84 -84 -84 -84 -84 -82 -82 -80 -80 -79 -79 -81 -81 -81 -81 -80 -80 -80 -80 -81 -81 -80 -80 -80 -80 -86 -84 -82 -82 -90 -90 -89 -81 -82 -82 -82 -82 -82 -82 -84 -84 -85 -85 -86 -86 -98 -98 -87 -87 -84 -84 -87 -87 -88 -88 -88 -88 -88 -87 -83 -83 -88 -88 -82 -82 -92 -92 -85 -85 -84 -84 -83 -83 -86 -86 -86 -83 -87 -87 -91 -91 -89 -89 -89 -90 -89 -89 -85 -85 -87 -87 -89 -82 -83 -83 -83 -83 -80 -80 -80 -79 -79 -79 -82 -82 -82 -82 -81 
CQI
2147483647 2147483647 2147483647 2147483647 2147483647 2147483647 2147483647 2147483647 2147483647 2147483647 2147483647 2147483647 2147483647 2147483647 2147483647 2147483647 2147483647 2147483647 2147483647 2147483647 2147483647 2147483647 2147483647 2147483647 2147483647 2147483647 2147483647 2147483647 2147483647 2147483647 2147483647 2147483647 2147483647 2147483647 2147483647 2147483647 2147483647 2147483647 2147483647 2147483647 2147483647 2147483647 2147483647 2147483647 2147483647 2147483647 2147483647 2147483647 2147483647 2147483647 2147483647 2147483647 2147483647 2147483647 2147483647 2147483647 2147483647 2147483647 2147483647 2147483647 2147483647 2147483647 2147483647 2147483647 2147483647 2147483647 2147483647 2147483647 2147483647 2147483647 2147483647 2147483647 2147483647 2147483647 2147483647 2147483647 2147483647 2147483647 2147483647 2147483647 2147483647 2147483647 2147483647 2147483647 2147483647 2147483647 2147483647 2147483647 2147483647 2147483647 2147483647 2147483647 2147483647 2147483647 2147483647 2147483647 2147483647 2147483647 2147483647 2147483647 2147483647 2147483647 2147483647 2147483647 2147483647 2147483647 2147483647 2147483647 2147483647 2147483647 2147483647 2147483647 2147483647 2147483647 2147483647 2147483647 2147483647 2147483647 2147483647 2147483647 2147483647 2147483647 2147483647 2147483647 2147483647 2147483647 2147483647 2147483647 2147483647 2147483647 2147483647 2147483647 2147483647 2147483647 2147483647 2147483647 2147483647 2147483647 2147483647 2147483647 2147483647 2147483647 2147483647 2147483647 2147483647 2147483647 2147483647 2147483647 2147483647 2147483647 2147483647 2147483647 2147483647 2147483647 2147483647 2147483647 2147483647 2147483647 2147483647 2147483647 2147483647 2147483647 2147483647 2147483647 2147483647 2147483647 2147483647 2147483647 2147483647 2147483647 2147483647 2147483647 2147483647 2147483647 2147483647 2147483647 2147483647 2147483647 2147483647 2147483647 2147483647 2147483647 2147483647 2147483647 2147483647 2147483647 2147483647 2147483647 2147483647 2147483647 2147483647 2147483647 2147483647 2147483647 2147483647 2147483647 2147483647 2147483647 2147483647 2147483647 2147483647 2147483647 2147483647 2147483647 2147483647 2147483647 2147483647 2147483647 2147483647 2147483647 2147483647 2147483647 2147483647 2147483647 2147483647 2147483647 2147483647 2147483647 2147483647 2147483647 2147483647 2147483647 2147483647 2147483647 2147483647 2147483647 2147483647 2147483647 2147483647 2147483647 2147483647 2147483647 2147483647 2147483647 2147483647 2147483647 2147483647 2147483647 2147483647 2147483647 2147483647 2147483647 2147483647 2147483647 2147483647 2147483647 2147483647 2147483647 2147483647 2147483647 2147483647 2147483647 2147483647 2147483647 2147483647 2147483647 2147483647 2147483647 2147483647 2147483647 2147483647 2147483647 2147483647 2147483647 2147483647 2147483647 2147483647 2147483647 2147483647 2147483647 2147483647 2147483647 2147483647 2147483647 2147483647 2147483647 2147483647 2147483647 2147483647 2147483647 2147483647 2147483647 2147483647 2147483647 2147483647 2147483647 2147483647 2147483647 2147483647 2147483647 2147483647 2147483647 2147483647 2147483647 2147483647 2147483647 2147483647 2147483647 2147483647 2147483647 2147483647 2147483647 2147483647 2147483647 2147483647 2147483647 2147483647 2147483647 2147483647 2147483647 2147483647 2147483647 2147483647 2147483647 2147483647 2147483647 2147483647 2147483647 2147483647 2147483647 2147483647 2147483647 2147483647 2147483647 2147483647 2147483647 2147483647 2147483647 2147483647 2147483647 2147483647 2147483647 2147483647 2147483647 2147483647 2147483647 2147483647 2147483647 2147483647 2147483647 2147483647 2147483647 2147483647 2147483647 2147483647 2147483647 
Altitude
-128.2454071044922 -127.19377899169922 -126.60191345214844 -125.5291519165039 -124.88442993164062 -123.79581451416016 -122.2315902709961 -120.26045227050781 -117.72915649414062 -115.58363342285156 -113.68647766113281 -111.56737518310547 -109.49583435058594 -107.54582977294922 -105.27347564697266 -103.26006317138672 -100.89258575439453 -98.78933715820312 -96.73365020751953 -94.76251220703125 -92.73324584960938 -90.84137725830078 -88.7645492553711 -86.72999572753906 -84.82227325439453 -82.60804748535156 -80.5682144165039 -78.64463806152344 -76.49382781982422 -74.50155639648438 -72.26091003417969 -70.34261322021484 -68.47188568115234 -66.49018096923828 -64.21782684326172 -62.36823272705078 -60.38124465942383 -58.2885627746582 -56.2910041809082 -54.156044006347656 -52.07393264770508 -50.13450622558594 -48.089385986328125 -45.94914245605469 -44.14182662963867 -41.880043029785156 -39.9300422668457 -38.128013610839844 -36.04061508178711 -34.13289260864258 -32.19874954223633 -29.973955154418945 -27.971111297607422 -26.010543823242188 -24.187376022338867 -22.3166446685791 -21.06949234008789 -19.854045867919922 -19.2674617767334 -18.511770248413086 -17.904048919677734 -17.01624298095703 -16.360960006713867 -16.56705665588379 -16.038602828979492 -15.927627563476562 -15.795513153076172 -15.420310974121094 -15.092668533325195 -15.050392150878906 -14.7174654006958 -14.675189018249512 -14.944701194763184 -14.495514869689941 -14.569498062133789 -14.17315673828125 -14.152019500732422 -14.426815032958984 -13.930068016052246 -13.327629089355469 -13.533726692199707 -13.914214134216309 -13.99348258972168 -14.912994384765625 -14.58006763458252 -14.664620399475098 -14.59592056274414 -14.685758590698242 -14.3369779586792 -14.63819694519043 -14.490230560302734 -14.706896781921387 -14.7174654006958 -14.474376678466797 -14.77031135559082 -14.696327209472656 -14.680473327636719 -14.986977577209473 -14.902424812316895 -15.029253959655762 -14.955270767211914 -15.066246032714844 -15.06096076965332 -14.918278694152832 -15.008115768432617 -14.775595664978027 -14.749173164367676 -13.972344398498535 -13.850799560546875 -13.734539985656738 -13.612995147705078 -13.59714126586914 -13.69226360321045 -13.766246795654297 -14.046327590942383 -13.856084823608398 -13.856084823608398 -13.919498443603516 -13.776816368103027 -13.75039291381836 -14.067466735839844 -13.734539985656738 -13.776816368103027 -13.539011001586914 -13.507304191589355 -13.470312118530273 -13.634133338928223 -16.16543197631836 -17.248764038085938 -17.96746253967285 -17.05323600769043 -16.5247802734375 -16.17071533203125 -15.93291187286377 -16.308115005493164 -16.043888092041016 -16.392667770385742 -16.424373626708984 -16.392667770385742 -16.45608139038086 -16.20770835876465 -16.334537506103516 -16.37152862548828 -16.107301712036133 -16.329252243041992 -16.30282974243164 -16.87356185913086 -17.217056274414062 -17.185348510742188 -17.116649627685547 -17.201202392578125 -17.29632568359375 -17.248764038085938 -16.762584686279297 -16.086162567138672 -15.282912254333496 -16.043888092041016 -15.621123313903809 -14.955270767211914 -14.611774444580078 -14.543075561523438 -14.34754753112793 -14.262994766235352 -14.321125030517578 -14.495514869689941 -14.521937370300293 -14.706896781921387 -14.611774444580078 -14.453238487243652 -14.532506942749023 -15.07153034210205 -15.441448211669922 -15.34632682800293 -15.489009857177734 -15.684537887573242 -16.065025329589844 -16.239416122436523 -16.8524227142334 -16.963397979736328 -17.106081008911133 -17.306894302368164 -17.148357391357422 -16.83128547668457 -16.582910537719727 -16.45079803466797 -16.535350799560547 -16.67803192138672 -16.572341918945312 -16.952829360961914 -16.5617733001709 -16.98453712463379 -16.662179946899414 -17.005674362182617 -16.646326065063477 -16.667463302612305 -16.45608139038086 -16.286975860595703 -16.40852165222168 -17.047950744628906 -19.151201248168945 -18.236974716186523 -17.45486068725586 -15.795513153076172 -15.774374961853027 -15.710960388183594 -15.869497299194336 -15.70039176940918 -15.93291187286377 -15.65811538696289 -15.705676078796387 -15.679253578186035 -15.917057991027832 -15.917057991027832 -16.202423095703125 -15.800798416137695 -15.372749328613281 -14.854864120483398 -14.157303810119629 -14.722749710083008 -14.891855239868164 -15.70039176940918 -17.09551239013672 -17.312179565429688 -17.660959243774414 -17.534130096435547 -17.328031539916992 -17.36502456665039 -17.20648765563965 -17.30160903930664 -17.280471801757812 -17.05323600769043 -17.106081008911133 -16.936975479125977 -16.91583824157715 -16.83128547668457 -16.87884521484375 -16.841854095458984 -16.730878829956055 -16.76786994934082 -16.646326065063477 -16.419090270996094 -16.609333038330078 -16.91583824157715 -16.8524227142334 -17.34388542175293 -17.882909774780273 -16.889415740966797 -16.693885803222656 -15.869497299194336 -15.541854858398438 -15.636977195739746 -15.732098579406738 -16.08087921142578 -15.510148048400879 -15.520716667175293 -16.604049682617188 -16.249984741210938 -16.08087921142578 -16.16543197631836 -16.667463302612305 -16.318683624267578 -15.901204109191895 -15.858927726745605 -14.828441619873047 -14.331693649291992 -14.437384605407715 -15.18250560760498 -15.615839004516602 -16.10201644897461 -17.22762680053711 -19.034940719604492 -21.15932846069336 -22.46461296081543 -24.24022102355957 -25.577211380004883 -26.972332000732422 -28.869483947753906 -30.148345947265625 -31.453628540039062 -33.075984954833984 -34.45525360107422 -35.924354553222656 -37.847930908203125 -39.21134567260742 -40.976383209228516 -42.21825408935547 -44.02556610107422 -45.48938751220703 -46.86336898803711 -48.00483322143555 -49.822715759277344 -51.2284049987793 -52.67637252807617 -54.362144470214844 -55.84709930419922 -57.490596771240234 -59.14466094970703 -60.58734130859375 -62.36294937133789 -63.71579360961914 -65.42798614501953 -66.72270202636719 -68.29749298095703 -69.91985321044922 -71.48407745361328 -72.96903991699219 -74.37472534179688 -76.0287857055664 -77.58773040771484 -79.24179077148438 -80.34626770019531 -81.94747924804688 -83.79179382324219 -84.65845489501953 -86.96251678466797 -88.43162536621094 -89.83203125 -91.85072326660156 -93.31454467773438 -94.52470397949219 -95.87226867675781 -97.84339904785156 -99.0060043334961 -100.26372528076172 -101.78038787841797 -103.30762481689453 -104.813720703125 -106.26697540283203 -108.03201293945312 -109.49583435058594 -111.05477142333984 -112.65070343017578 -114.15679931640625 -115.84785461425781 -117.13200378417969 -118.38443756103516 -120.14419555664062 -121.47061920166016 -122.95028686523438 -124.47752380371094 -126.01532745361328 -127.06695556640625 -129.13320922851562 -128.6998748779297 -129.06979370117188 -129.2811737060547 