LTE(1) or 5G(2)
2 2 2 2 2 2 2 2 2 2 2 2 2 2 2 2 2 2 2 2 2 2 2 2 2 2 2 2 2 2 2 2 2 2 2 2 2 2 2 2 2 2 2 2 2 2 2 2 2 2 2 2 2 2 2 2 2 2 2 2 2 2 2 2 2 2 2 2 2 2 2 2 2 2 2 2 2 2 2 2 2 2 2 2 2 2 2 2 2 2 2 2 2 2 2 2 2 1 1 2 2 2 2 1 1 2 2 2 2 2 2 2 2 2 2 2 2 2 2 2 2 2 2 2 2 2 2 2 2 2 2 2 2 2 2 2 2 2 2 2 2 2 2 2 2 2 2 2 2 2 2 2 2 2 2 2 2 2 2 2 2 2 2 2 2 2 2 2 2 2 2 2 2 2 2 2 2 2 2 2 2 2 2 2 1 1 1 2 2 2 2 2 2 2 2 2 2 2 2 2 2 2 2 2 2 2 2 2 2 2 2 2 2 2 2 2 2 2 2 2 2 2 2 2 2 2 2 2 2 2 2 2 2 2 2 2 2 2 2 2 2 2 2 2 2 2 2 2 2 2 2 2 2 2 2 2 2 2 2 2 2 2 2 2 2 2 
SNR of LTE
0 0 0 0 0 0 0 0 0 0 0 0 0 1 1 1 2 2 2 3 3 3 3 3 3 3 3 3 2 2 2 2 2 1 1 1 1 1 1 1 1 1 0 0 0 0 0 0 0 0 0 0 0 0 0 0 0 0 0 0 0 0 0 0 -1 -1 -1 -1 0 0 0 0 0 0 0 0 0 0 0 0 0 0 0 0 0 0 0 0 0 0 0 0 -1 -1 -1 -1 -1 0 0 0 0 -1 -1 -1 -1 -1 -1 -1 -1 0 0 0 0 0 0 0 0 0 0 0 0 0 0 0 0 0 0 2 2 2 2 2 2 2 2 1 1 1 1 2 2 2 2 2 2 2 2 2 2 2 2 2 2 1 1 1 0 0 0 0 0 0 0 0 0 -4 -4 -4 -4 -5 -5 -5 -5 -5 -5 -5 -5 -6 -6 -6 -6 -6 -6 -6 -6 -6 -4 -4 -4 -4 -2 -2 -2 -2 -2 -3 -3 -3 -3 -3 -3 -3 -2 -2 -2 -2 -2 -2 -2 -2 -2 -2 -2 -2 -2 -2 -2 -2 -2 -2 -2 -2 -2 -2 -2 -2 -2 -2 -2 -2 -2 -1 -1 -1 0 0 0 0 0 0 0 0 0 0 0 1 1 3 3 3 3 3 3 3 3 3 3 3 3 3 3 6 6 6 6 7 
SNR of 5G
8 8 8 8 8 8 5 5 5 5 5 5 5 2 2 2 2 2 2 5 5 5 5 5 5 5 5 5 5 5 5 5 5 6 6 5 5 5 5 4 4 4 5 5 3 3 3 3 3 3 3 3 3 3 3 3 3 3 7 7 7 7 8 8 9 9 9 9 9 9 9 9 8 8 8 8 8 8 8 8 8 8 8 8 2 2 2 2 1 1 2 2 -1 -1 -3 -3 -4 0 0 -2 -2 -3 -3 0 0 -1 -1 -2 -2 1 1 3 3 2 0 2 2 0 0 9 9 9 9 6 6 5 5 5 5 5 5 5 5 5 5 0 0 -1 -1 1 1 1 1 1 1 1 1 1 1 1 1 1 1 1 1 1 1 0 0 0 -1 4 4 4 4 2 2 3 3 2 2 2 2 2 2 1 1 1 0 2 1 0 0 -2 0 0 0 1 1 1 0 -3 -2 1 1 4 4 6 6 6 6 10 10 10 10 10 10 9 9 9 9 9 9 9 9 9 9 9 9 9 9 8 8 8 8 8 8 3 3 2 2 3 3 3 4 4 4 3 3 3 3 4 4 4 4 3 3 3 3 3 3 3 3 3 3 3 3 3 3 3 3 7 8 8 8 5 
RSSI
-55 -55 -55 -55 -55 -55 -51 -51 -51 -51 -51 -51 -51 -51 -51 -51 -51 -51 -51 -51 -51 -51 -51 -51 -51 -51 -51 -51 -51 -51 -51 -51 -51 -51 -51 -51 -51 -51 -51 -51 -51 -51 -51 -51 -51 -51 -51 -51 -51 -51 -51 -51 -51 -51 -51 -51 -51 -51 -51 -51 -51 -51 -51 -51 -51 -51 -51 -51 -51 -51 -51 -51 -51 -51 -51 -51 -51 -51 -51 -51 -51 -51 -51 -51 -51 -51 -51 -51 -51 -51 -51 -51 -51 -51 -51 -51 -51 -51 -51 -51 -51 -51 -51 -51 -51 -51 -51 -51 -51 -51 -51 -51 -51 -51 -51 -51 -51 -51 -51 -51 -51 -51 -51 -51 -51 -51 -51 -51 -51 -51 -51 -51 -51 -51 -51 -51 -51 -51 -51 -51 -51 -51 -51 -51 -51 -51 -51 -51 -51 -51 -51 -51 -51 -51 -51 -51 -51 -51 -51 -51 -51 -51 -51 -51 -51 -51 -51 -51 -51 -51 -51 -51 -51 -51 -51 -51 -51 -51 -51 -51 -51 -51 -51 -51 -51 -51 -51 -51 -51 -51 -51 -51 -51 -51 -51 -51 -51 -51 -51 -51 -51 -51 -51 -51 -51 -51 -51 -51 -51 -51 -51 -51 -51 -51 -51 -51 -51 -51 -51 -51 -51 -51 -51 -51 -51 -51 -51 -51 -51 -51 -51 -51 -51 -51 -51 -51 -51 -51 -51 -51 -51 -51 -51 -51 -51 -51 -51 -51 -51 -51 -51 -51 -51 -51 -51 -51 -51 -51 -51 -51 -51 -51 -51 -51 -51 -51 
RSRP
-83 -83 -83 -83 -83 -83 -80 -79 -79 -79 -79 -79 -79 -77 -77 -77 -75 -75 -75 -74 -74 -74 -74 -74 -74 -74 -74 -74 -73 -73 -73 -73 -73 -73 -73 -73 -73 -73 -73 -73 -73 -73 -73 -73 -73 -73 -72 -72 -72 -72 -72 -72 -72 -72 -72 -72 -72 -72 -73 -73 -74 -75 -75 -75 -75 -75 -75 -75 -74 -74 -74 -74 -74 -75 -75 -75 -75 -75 -75 -75 -75 -75 -75 -75 -75 -75 -75 -75 -75 -75 -75 -75 -75 -75 -75 -75 -75 -75 -75 -75 -75 -76 -76 -76 -76 -76 -76 -76 -76 -75 -75 -75 -75 -75 -75 -74 -74 -74 -73 -73 -73 -73 -73 -72 -72 -72 -72 -71 -71 -71 -71 -70 -70 -70 -70 -71 -71 -72 -72 -72 -72 -72 -72 -72 -72 -72 -72 -72 -72 -72 -72 -74 -74 -75 -75 -75 -76 -76 -76 -76 -77 -77 -77 -77 -77 -79 -79 -79 -79 -79 -79 -79 -79 -80 -81 -81 -81 -82 -82 -82 -82 -82 -82 -82 -82 -82 -81 -81 -81 -81 -81 -81 -81 -81 -81 -81 -81 -81 -80 -80 -80 -80 -80 -80 -80 -80 -80 -80 -80 -80 -80 -80 -80 -80 -80 -80 -80 -80 -80 -80 -80 -77 -77 -77 -77 -77 -77 -76 -76 -75 -75 -75 -75 -75 -74 -74 -74 -74 -74 -74 -73 -73 -73 -73 -73 -72 -72 -72 -72 -72 -72 -72 -72 -72 -72 -72 -72 -72 -72 -72 -72 -71 -71 -71 -71 -71 
CID
13769745 13769745 13769745 13769745 13769745 13769745 13769745 13769745 13769745 13769745 13769745 13769745 13769745 13769745 13769745 13769745 13769745 13769745 13769745 13769745 13769745 13769745 13769745 13769745 13769745 13769745 13769745 13769745 13769745 13769745 13769745 13769745 13769745 13769745 13769745 13769745 13769745 13769745 13769745 13769745 13769745 13769745 13769745 13769745 13769745 13769745 13769745 13769745 13769745 13769745 13769745 13769745 13769745 13769745 13769745 13769745 13769745 13769745 13769745 13769745 13769745 13769745 13769745 13769745 13769745 13769745 13769745 13769745 13769745 13769745 13769745 13769745 13769745 13769745 13769745 13769745 13769745 13769745 13769745 13769745 13769745 13769745 13769745 13769745 13754896 13754896 13754896 13754896 13754896 13754896 13754896 13754896 13754896 13754896 13754896 13754896 13754896 13754896 13754896 13754896 13754896 13754896 13754896 13754896 13754896 13754896 13754896 13754896 13754896 13754896 13754896 13754896 13754896 13754896 13754896 13754896 13754896 13754896 13754896 13754896 13754896 13754896 13754896 13754896 13754896 13754896 13754896 13754896 13754896 13754896 13754896 13754896 13754896 13754896 13754896 13769745 13769745 13769745 13769745 13769745 13769745 13769745 13769745 13769745 13769745 13769745 13769745 13769745 13769745 13769745 13769745 13769745 13769745 13769745 13769745 13769745 13769745 13769745 13769745 13769745 13754896 13754896 13754896 13754896 13754896 13754896 13754896 13754896 13754896 13754896 13754896 13754896 13754896 13769745 13769745 13769745 13769745 13769745 13769745 13769745 13769745 13754896 13754896 13754896 13769745 13769745 13769745 13769745 13769745 13769745 13769745 13769745 13769745 13769745 13769745 13769745 13769745 13769745 13769745 13769745 13769745 13792279 13754888 13754888 13754888 13754888 13754888 13754888 13754888 13754888 13754888 13754888 13754888 13754888 13754888 13754888 13754888 13754888 13754888 13754888 13754888 13754888 13754888 13754888 13754888 13754888 13754888 13769745 13769745 13769745 13769745 13769745 13769745 13769745 13769745 13769745 13769745 13769745 13769745 13769745 13769745 13769745 13769745 13769745 13769745 13769745 13769745 13769745 13769745 13769745 13769745 13769745 13769745 13769745 13769745 13769745 13769745 13769745 13769745 13769745 13769745 13769745 13769745 13769745 13769745 13769745 
RSRP of 5G
-82 -82 -82 -82 -82 -82 -81 -81 -81 -81 -81 -81 -81 -84 -84 -84 -83 -83 -83 -86 -86 -86 -86 -86 -86 -86 -86 -86 -84 -84 -84 -84 -84 -88 -88 -86 -86 -86 -86 -87 -83 -83 -89 -89 -85 -85 -85 -85 -85 -85 -85 -85 -85 -85 -85 -85 -85 -85 -80 -80 -81 -81 -80 -80 -81 -81 -81 -81 -79 -79 -79 -79 -81 -81 -81 -81 -81 -81 -81 -81 -81 -81 -81 -81 -81 -81 -88 -88 -91 -82 -86 -86 -94 -94 -95 -95 -85 -85 -85 -115 -115 -106 -106 -106 -106 -92 -92 -81 -81 -84 -84 -82 -82 -97 -83 -85 -85 -85 -85 -77 -77 -77 -77 -83 -83 -77 -77 -82 -82 -82 -82 -78 -78 -78 -78 -79 -79 -80 -80 -78 -78 -78 -78 -79 -79 -79 -79 -79 -79 -79 -79 -79 -79 -79 -79 -79 -80 -80 -80 -80 -77 -79 -79 -79 -79 -78 -78 -79 -79 -77 -77 -78 -78 -78 -79 -80 -80 -124 -82 -90 -80 -83 -83 -84 -84 -84 -84 -87 -87 -94 -83 -114 -80 -82 -82 -81 -81 -79 -79 -79 -79 -77 -77 -77 -77 -77 -77 -73 -73 -73 -73 -73 -73 -73 -73 -73 -73 -73 -73 -73 -73 -75 -75 -75 -75 -75 -75 -81 -81 -83 -83 -81 -81 -81 -84 -84 -84 -88 -88 -88 -90 -89 -89 -89 -89 -83 -83 -84 -84 -84 -84 -84 -84 -84 -84 -84 -84 -84 -84 -84 -84 -81 -76 -76 -76 -84 
CQI
2147483647 2147483647 2147483647 2147483647 2147483647 2147483647 2147483647 2147483647 2147483647 2147483647 2147483647 2147483647 2147483647 2147483647 2147483647 2147483647 2147483647 2147483647 2147483647 2147483647 2147483647 2147483647 2147483647 2147483647 2147483647 2147483647 2147483647 2147483647 2147483647 2147483647 2147483647 2147483647 2147483647 2147483647 2147483647 2147483647 2147483647 2147483647 2147483647 2147483647 2147483647 2147483647 2147483647 2147483647 2147483647 2147483647 2147483647 2147483647 2147483647 2147483647 2147483647 2147483647 2147483647 2147483647 2147483647 2147483647 2147483647 2147483647 2147483647 2147483647 2147483647 2147483647 2147483647 2147483647 2147483647 2147483647 2147483647 2147483647 2147483647 2147483647 2147483647 2147483647 2147483647 2147483647 2147483647 2147483647 2147483647 2147483647 2147483647 2147483647 2147483647 2147483647 2147483647 2147483647 2147483647 2147483647 2147483647 2147483647 2147483647 2147483647 2147483647 2147483647 2147483647 2147483647 2147483647 2147483647 2147483647 2147483647 2147483647 2147483647 2147483647 2147483647 2147483647 2147483647 2147483647 2147483647 2147483647 2147483647 2147483647 2147483647 2147483647 2147483647 2147483647 2147483647 2147483647 2147483647 2147483647 2147483647 2147483647 2147483647 2147483647 2147483647 2147483647 2147483647 2147483647 2147483647 2147483647 2147483647 2147483647 2147483647 2147483647 2147483647 2147483647 2147483647 2147483647 2147483647 2147483647 2147483647 2147483647 2147483647 2147483647 2147483647 2147483647 2147483647 2147483647 2147483647 2147483647 2147483647 2147483647 2147483647 2147483647 2147483647 2147483647 2147483647 2147483647 2147483647 2147483647 2147483647 2147483647 2147483647 2147483647 2147483647 2147483647 2147483647 2147483647 2147483647 2147483647 2147483647 2147483647 2147483647 2147483647 2147483647 2147483647 2147483647 2147483647 2147483647 2147483647 2147483647 2147483647 2147483647 2147483647 2147483647 2147483647 2147483647 2147483647 2147483647 2147483647 2147483647 2147483647 2147483647 2147483647 2147483647 2147483647 2147483647 2147483647 2147483647 2147483647 2147483647 2147483647 2147483647 2147483647 2147483647 2147483647 2147483647 2147483647 2147483647 2147483647 2147483647 2147483647 2147483647 2147483647 2147483647 2147483647 2147483647 2147483647 2147483647 2147483647 2147483647 2147483647 2147483647 2147483647 2147483647 2147483647 2147483647 2147483647 2147483647 2147483647 2147483647 2147483647 2147483647 2147483647 2147483647 2147483647 2147483647 2147483647 2147483647 2147483647 2147483647 2147483647 2147483647 2147483647 2147483647 2147483647 2147483647 2147483647 2147483647 2147483647 2147483647 2147483647 2147483647 2147483647 2147483647 2147483647 2147483647 2147483647 2147483647 2147483647 2147483647 2147483647 2147483647 2147483647 2147483647 2147483647 2147483647 2147483647 2147483647 
Altitude
-117.39623260498047 -116.75151824951172 -115.46736907958984 -113.49623107910156 -111.31900024414062 -109.25802612304688 -107.26046752929688 -105.08851623535156 -102.93770599365234 -100.8767318725586 -99.01129150390625 -96.88690185546875 -95.05316162109375 -93.21942138671875 -90.85194396972656 -88.88609313964844 -86.84097290039062 -84.66374206542969 -82.74016571044922 -80.9856948852539 -79.05683898925781 -76.80033111572266 -75.38935852050781 -73.79342651367188 -72.56212615966797 -71.63204193115234 -70.84992980957031 -69.94627380371094 -69.54993438720703 -68.8946533203125 -68.69384002685547 -68.26050567626953 -67.89058685302734 -67.2934341430664 -67.10847473144531 -66.84424591064453 -66.72270202636719 -66.92879486083984 -66.77554321289062 -66.7491226196289 -66.18367767333984 -65.60765838623047 -63.705223083496094 -61.38530731201172 -59.99018859863281 -60.127586364746094 -58.89099884033203 -57.078399658203125 -55.31864547729492 -52.8771858215332 -50.68409729003906 -48.61783981323242 -47.42353057861328 -45.64263916015625 -44.670284271240234 -44.36906433105469 -43.42841339111328 -42.66215515136719 -42.234107971191406 -41.457279205322266 -41.07678985595703 -40.89183044433594 -40.104434967041016 -40.062156677246094 -40.00931167602539 -39.998741149902344 -39.31703567504883 -39.2219123840332 -38.65646743774414 -38.37110137939453 -37.95362091064453 -37.89549255371094 -38.37110137939453 -38.21784973144531 -38.682891845703125 -38.846710205078125 -37.96419143676758 -37.94305419921875 -38.09630584716797 -38.01703643798828 -37.842647552490234 -37.065818786621094 -36.775169372558594 -37.065818786621094 -37.05524826049805 -37.37232208251953 -38.63533020019531 -40.78085708618164 -42.95808792114258 -44.06256103515625 -46.319061279296875 -47.91499328613281 -49.162147521972656 -50.61539840698242 -52.4068603515625 -53.310516357421875 -54.73734664916992 -54.35685729980469 -56.32271194458008 -58.88043212890625 -59.12351989746094 -61.7023811340332 -62.172706604003906 -64.14384460449219 -65.68164825439453 -65.0633544921875 -65.98815155029297 -66.90766143798828 -66.93936920166016 -67.43611145019531 -67.3304214477539 -67.79017639160156 -68.5828628540039 -68.55115509033203 -68.67798614501953 -67.78489685058594 -68.2816390991211 -67.9909896850586 -67.85887908935547 -68.21823120117188 -67.3727035522461 -67.4783935546875 -66.90766143798828 -67.14546203613281 -67.31985473632812 -68.0385513305664 -68.19709014892578 -67.84302520751953 -68.1865234375 -68.13367462158203 -68.2446517944336 -68.91050720214844 -68.62513732910156 -66.60115814208984 -65.06863403320312 -62.29953384399414 -61.913761138916016 -63.09221649169922 -62.08286666870117 -60.30197525024414 -59.03896713256836 -57.46945571899414 -55.74140930175781 -53.64872741699219 -51.952388763427734 -50.63125228881836 -49.45808410644531 -48.61783981323242 -47.804019927978516 -46.99020004272461 -46.27678680419922 -46.22393798828125 -45.6532096862793 -45.4682502746582 -44.01499938964844 -44.120689392089844 -44.36377716064453 -43.317440032958984 -43.264591217041016 -43.687355041503906 -44.252803802490234 -43.56581115722656 -41.15077209472656 -39.56541061401367 -40.43735885620117 -40.484920501708984 -40.14670944213867 -40.34223937988281 -39.618255615234375 -40.00931167602539 -39.88248062133789 -39.972320556640625 -39.618255615234375 -39.67110061645508 -40.32109832763672 -39.903621673583984 -39.491424560546875 -39.89305114746094 -40.45849609375 -41.621097564697266 -43.80361557006836 -45.256866455078125 -47.08003616333008 -48.71296310424805 -50.58369064331055 -51.76214599609375 -53.33694076538086 -54.4572639465332 -54.927589416503906 -57.067832946777344 -57.83409118652344 -60.1804313659668 -60.67717742919922 -62.558475494384766 -64.4609146118164 -65.30115509033203 -67.30928802490234 -67.65806579589844 -67.83245849609375 -68.46659851074219 -68.88936614990234 -69.50765991210938 -69.73489379882812 -69.96741485595703 -70.03083038330078 -70.17350769042969 -71.15643310546875 -71.27798461914062 -70.18936157226562 -69.43895721435547 -69.14830780029297 -69.47066497802734 -70.23164367675781 -70.347900390625 -70.26863098144531 -69.96212768554688 -69.74018096923828 -69.74018096923828 -69.83001708984375 -70.02025604248047 -70.33733367919922 -70.22635650634766 -70.30562591552734 -70.18408203125 -70.05196380615234 -69.85115051269531 -68.05440521240234 -67.32514190673828 -67.34099578857422 -68.19709014892578 -69.22757720947266 -71.51578521728516 -73.01659393310547 -73.96253204345703 -75.35765075683594 -76.66293334960938 -78.72390747070312 -80.03976440429688 -81.34504699707031 -82.82471466064453 -84.2251205444336 -85.75764465332031 -87.3958511352539 -88.6482925415039 -90.33406066894531 -91.19544219970703 -93.26170349121094 -93.72673797607422 -95.5340576171875 -96.91332244873047 -98.22917175292969 -99.49217987060547 -101.34706115722656 -102.34584045410156 -103.48201751708984 -104.9405517578125 -106.60518646240234 -107.9157485961914 -109.18404388427734 -110.64786529541016 -111.82102966308594 -113.05233001708984 -114.56900024414062 -116.33403778076172 -117.61817932128906 -119.1189956665039 