LTE(1) or 5G(2)
2 2 2 2 2 2 2 2 2 2 2 2 2 2 2 2 2 2 2 2 2 2 2 2 2 2 2 2 2 2 2 2 2 2 2 2 2 2 2 2 2 2 2 2 2 2 2 2 2 2 2 2 2 2 2 2 2 2 2 2 2 2 2 2 2 2 2 2 2 2 2 2 2 2 1 1 2 2 2 2 2 2 2 2 2 2 2 2 2 2 2 2 2 2 2 2 2 2 2 1 1 1 1 2 2 2 2 2 2 2 2 2 2 2 2 2 2 2 2 2 1 1 1 1 1 1 1 1 1 1 2 2 2 2 2 1 1 1 1 1 1 1 2 2 2 2 1 1 2 2 1 1 1 1 2 2 2 2 2 2 2 2 1 1 2 2 2 2 2 1 1 1 1 2 2 2 2 2 2 2 2 2 2 2 2 2 2 2 2 2 2 2 2 2 2 2 2 2 2 2 2 2 2 2 2 2 2 2 2 2 2 2 2 1 1 1 1 2 2 2 2 2 2 2 2 2 2 2 2 2 2 2 2 2 2 2 2 2 2 2 2 2 2 2 2 2 2 2 2 2 2 2 2 2 2 2 2 2 2 2 2 2 2 2 2 2 2 2 2 2 2 2 2 2 2 2 2 2 2 2 2 2 2 2 2 2 2 2 2 2 2 2 2 2 2 2 2 2 2 2 2 2 2 2 2 2 2 2 2 2 1 1 1 1 1 1 2 2 2 2 2 2 2 2 2 2 2 2 2 2 2 2 2 2 2 2 2 2 2 2 2 2 2 2 2 2 2 2 2 2 
SNR of LTE
11 11 11 11 11 11 11 11 11 11 8 8 8 8 8 8 7 7 7 7 7 7 7 7 7 7 7 7 5 5 5 4 4 4 2 2 2 2 2 1 0 0 -1 -1 -1 -1 -1 -4 -4 -4 -4 -5 -5 -5 -5 -5 -5 -6 -6 -6 -6 -6 -6 -6 -6 -6 -6 -6 -6 -6 -6 -6 -6 -6 -5 -5 -5 -5 -5 -5 -5 -5 -5 -5 -5 -5 -5 -5 -5 -5 -5 -5 -5 -5 -5 -5 -5 -5 -5 -5 -4 -4 -4 -4 -4 -4 -4 -4 -4 -4 -4 -4 -4 -4 -4 -5 -5 -6 -6 -7 -7 -7 -7 -7 -7 -7 -7 -7 -7 -7 -6 -6 -6 -6 -6 -5 -5 -5 -5 -5 -4 -3 -3 -3 -3 -3 -3 -3 -4 -4 -4 -4 -4 -4 -4 -3 -3 -3 -3 -4 -4 -4 -4 -4 -4 -4 -4 -4 -3 -3 -3 -3 -3 -3 -3 -3 -3 -4 -4 -4 -4 -5 -5 -5 -5 -5 -5 -5 -5 -5 -5 -4 -4 -4 -4 -6 -6 -6 -6 -6 -6 -6 -6 -4 -4 -4 -4 -4 -4 -4 -4 -4 -4 -6 -6 -6 -6 -6 -6 -6 -6 -6 -6 -5 -5 -5 -5 -7 -7 -7 -7 -7 -7 -7 -7 -7 -7 -7 -5 -5 -5 -5 -5 -5 -5 -5 -5 -5 -5 -5 -5 -5 -5 -4 -4 -4 -4 -5 -5 -5 -5 -5 -5 -5 -5 -5 -5 -5 -5 -5 -5 -4 -4 -4 -4 -4 -4 -4 -4 -3 -3 -3 -3 -3 -3 -3 -3 -3 -4 -4 -4 -4 -4 -4 -4 -4 -4 -4 -4 -5 -5 -5 -5 -5 -5 -5 -5 -5 -5 -5 -6 -6 -6 -6 -6 -5 -5 -5 -5 -5 -5 -5 -5 -5 -3 -3 -3 -2 -2 -2 -2 -2 -2 0 0 0 0 0 0 0 0 0 0 0 0 0 0 0 0 0 
SNR of 5G
9 9 9 9 9 9 9 9 9 9 3 3 3 3 3 3 3 3 3 3 3 3 3 3 3 3 3 3 3 3 3 2 2 2 2 1 1 0 0 -3 -2 -3 -5 0 0 -1 -1 0 0 3 3 4 4 4 4 4 4 1 1 1 1 0 0 0 -1 -1 -1 -1 -1 0 0 0 -1 -1 0 0 1 1 1 1 1 1 1 1 1 1 1 1 0 0 0 0 -2 -2 -3 -3 -3 -3 -3 0 0 0 0 2 3 1 1 -4 -4 -4 -4 2 2 2 2 3 3 2 2 0 0 0 0 0 0 0 0 0 0 0 6 6 0 0 -4 0 0 0 0 0 0 0 -3 -3 -4 -4 0 0 2 2 0 0 0 0 -3 0 0 0 0 -3 -3 -1 0 0 -2 -2 0 0 -6 0 0 0 0 -1 -1 -1 -1 -2 -2 -3 -3 -5 0 -2 -2 -2 -2 -3 -3 -4 -4 -2 -2 0 0 2 2 4 4 4 4 4 4 3 3 2 2 2 2 0 0 0 0 0 0 0 0 3 3 1 0 -1 -1 0 0 0 0 0 0 1 1 1 1 0 0 -1 -1 -2 -1 -3 -3 -3 -1 0 0 0 0 -2 -2 -2 -2 -2 -2 -2 -2 -2 -2 -2 -2 -2 -2 -2 -5 5 5 0 0 0 -5 0 0 0 0 0 0 0 0 1 1 1 1 0 0 4 4 4 4 4 4 4 4 1 1 -1 -1 0 0 0 0 -1 -1 -5 -4 -1 -1 0 0 1 1 1 0 0 0 0 0 0 3 3 3 3 3 3 3 3 4 4 4 3 3 3 3 3 3 3 3 3 3 3 3 3 3 3 3 3 3 3 3 3 3 3 
RSSI
-51 -51 -51 -51 -51 -51 -51 -51 -51 -51 -51 -51 -51 -51 -51 -51 -51 -51 -51 -51 -51 -51 -51 -51 -51 -51 -51 -51 -51 -51 -51 -51 -51 -51 -51 -51 -51 -51 -51 -51 -51 -51 -51 -51 -51 -51 -51 -51 -51 -51 -51 -51 -51 -51 -51 -51 -51 -51 -51 -51 -51 -51 -51 -51 -51 -51 -51 -51 -51 -51 -51 -51 -51 -51 -51 -51 -51 -51 -51 -51 -51 -51 -51 -51 -51 -51 -51 -51 -51 -51 -51 -51 -51 -51 -51 -51 -51 -51 -51 -51 -51 -51 -51 -51 -51 -51 -51 -51 -51 -51 -51 -51 -51 -51 -51 -51 -51 -51 -51 -51 -51 -51 -51 -51 -51 -51 -51 -51 -51 -51 -51 -51 -51 -51 -51 -51 -51 -51 -51 -51 -51 -51 -51 -51 -51 -51 -51 -51 -51 -51 -51 -51 -51 -51 -51 -51 -51 -51 -51 -51 -51 -51 -51 -51 -51 -51 -51 -51 -51 -51 -51 -51 -51 -51 -51 -51 -51 -51 -51 -51 -51 -51 -51 -51 -51 -51 -51 -51 -51 -51 -51 -51 -51 -51 -51 -51 -51 -51 -51 -51 -51 -51 -51 -51 -51 -51 -51 -51 -51 -51 -51 -51 -51 -51 -51 -51 -51 -51 -51 -51 -51 -51 -51 -51 -51 -51 -51 -51 -51 -51 -51 -51 -51 -51 -51 -51 -51 -51 -51 -51 -51 -51 -51 -51 -51 -51 -51 -51 -51 -51 -51 -51 -51 -51 -51 -51 -51 -51 -51 -51 -51 -51 -51 -51 -51 -51 -51 -51 -51 -51 -51 -51 -51 -51 -51 -51 -51 -51 -51 -51 -51 -51 -51 -51 -51 -51 -51 -51 -51 -51 -51 -51 -51 -51 -51 -51 -51 -51 -51 -51 -51 -51 -51 -51 -51 -51 -51 -51 -51 -51 -51 -51 -51 -51 -51 -51 -51 -51 -51 -51 -51 -51 -51 -51 -51 -51 -51 -51 -51 -51 -51 -51 -51 -51 -51 -51 -51 -51 -51 -51 -51 -51 -51 -51 -51 -51 -51 -51 -51 -51 
RSRP
-69 -69 -69 -69 -69 -69 -69 -69 -69 -69 -69 -69 -69 -69 -69 -69 -68 -68 -68 -68 -68 -68 -68 -68 -68 -68 -68 -68 -68 -68 -68 -68 -68 -68 -69 -69 -69 -69 -69 -70 -70 -70 -72 -72 -72 -72 -72 -74 -74 -74 -74 -75 -75 -75 -75 -75 -75 -76 -76 -76 -76 -77 -77 -77 -78 -78 -78 -78 -78 -78 -78 -78 -77 -77 -77 -77 -77 -77 -78 -78 -78 -78 -78 -77 -77 -77 -77 -77 -77 -77 -77 -77 -77 -77 -76 -76 -76 -76 -76 -76 -76 -76 -76 -76 -76 -76 -76 -77 -77 -77 -77 -77 -77 -77 -77 -77 -77 -78 -78 -78 -78 -78 -78 -78 -78 -80 -80 -80 -80 -79 -79 -79 -78 -78 -78 -78 -78 -78 -78 -78 -78 -77 -77 -77 -77 -77 -77 -77 -77 -77 -76 -76 -76 -76 -77 -77 -77 -77 -77 -78 -78 -77 -77 -77 -77 -77 -78 -78 -77 -77 -77 -77 -77 -77 -77 -77 -77 -77 -77 -77 -77 -77 -77 -77 -77 -77 -77 -77 -77 -77 -77 -76 -76 -76 -76 -77 -77 -77 -77 -77 -77 -77 -77 -76 -76 -76 -76 -76 -76 -76 -76 -76 -76 -77 -77 -77 -77 -77 -77 -77 -77 -77 -77 -77 -77 -77 -77 -78 -78 -78 -78 -78 -78 -78 -78 -78 -78 -78 -78 -78 -78 -78 -78 -78 -78 -78 -78 -78 -78 -78 -78 -78 -78 -78 -78 -78 -78 -78 -78 -78 -78 -78 -78 -78 -78 -78 -78 -79 -78 -78 -78 -78 -78 -78 -78 -78 -78 -78 -78 -77 -77 -77 -77 -77 -77 -77 -77 -77 -77 -77 -77 -77 -77 -77 -77 -77 -77 -77 -77 -78 -78 -78 -78 -78 -78 -78 -78 -79 -79 -79 -79 -79 -79 -79 -80 -79 -79 -79 -79 -79 -79 -79 -79 -79 -77 -77 -77 -77 -77 -77 -77 -77 -77 -75 -75 -75 -75 -75 -75 -75 -75 -75 -75 -75 -75 -75 -75 -75 -75 -75 
CID
13678086 13678086 13678086 13678086 13678086 13678086 13678086 13678086 13678086 13678086 13678086 13678086 13678086 13678086 13678086 13678086 13678086 13678086 13678086 13678086 13678086 13678086 13678086 13678086 13678086 13678086 13678086 13678086 13678086 13678086 13678086 13678086 13678086 13678086 13678086 13678086 13678086 13678086 13792526 13792526 13792526 13792526 13792526 13792526 13792526 13792526 13792526 13792526 13792526 13792526 13792526 13792526 13792526 13792526 13792526 13792526 13792526 13792526 13792526 13792526 13792526 13792526 13792526 13792526 13792260 13792260 13792260 13792260 13792260 13792260 13792260 13792260 13792260 13792260 13792260 13769742 13769742 13769742 13769742 13769742 13769742 13769742 13769742 13769742 13769742 13769742 13769742 13769742 13769742 13769742 13769742 13769742 13769742 13769742 13769742 13769742 13769742 13769742 13769742 13769742 13769742 13769742 13769742 13769742 13769742 13769742 13769742 13769742 13769742 13769742 13769742 13769742 13769742 13769742 13769742 13769742 13769742 13769742 13769742 13769742 13754893 13754893 13754893 13754893 13754893 13792258 13792258 13792258 13792258 13792258 13792258 13792258 13792258 13792258 13792258 13792258 13792258 13792258 13792258 13792258 13792258 13792258 13792258 13792258 13792258 13792258 13792258 13792258 13792258 13792258 13754890 13754890 13754890 13754890 13754890 13754890 13754890 13754890 13754890 13769739 13769739 13792258 13792258 13792258 13792258 13792258 13792523 13792523 13792523 13792523 13792523 13754890 13754890 13754890 13754890 13754890 13754890 13754890 13754890 13754890 13754890 13754890 13769739 13769739 13769739 13769739 13769739 13769739 13769739 13769739 13769739 13769739 13769739 13792523 13792523 13792523 13792523 13754890 13754890 13754890 13754890 13754890 13754890 13754890 13754890 13754890 13754890 13754890 13754890 13754890 13754890 13754890 13754890 13792257 13754890 13754890 13754890 13754890 13754890 13754890 13792257 13792257 13792257 13792257 13792257 13792257 13792257 13792257 13792257 13792257 13792257 13754890 13754890 13754890 13754890 13754890 13754890 13754890 13754890 13754890 13754890 13754890 13754890 13754890 13792258 13792258 13792258 13792258 13792258 13792258 13792258 13792258 13792258 13792258 13792258 13792258 13792258 13792258 13792258 13792258 13792258 13792258 13792258 13792258 13792258 13792258 13792258 13792258 13792258 13792258 13792258 13792258 13792258 13792258 13792258 13792258 13792258 13792258 13792258 13792258 13792258 13792258 13792258 13792258 13792258 13792258 13792258 13792258 13792258 13792258 13792258 13792258 13792258 13792258 13792258 13792258 13792258 13792258 13792258 13792258 13792258 13792258 13792258 13792523 13792523 13792523 13792523 13792523 13792523 13792523 13792523 13792523 13792523 13792523 13792258 13792258 13792258 13792258 13792258 13792258 13792258 13792258 13792258 13792258 13792258 13792258 13792258 13792258 13792258 13792258 13792258 13792258 13792258 13792258 13792258 13792258 13792258 13792258 13792258 13792258 13792258 13792258 13792258 13792258 13792258 13792258 13792258 13792258 13792258 13792258 
RSRP of 5G
-79 -79 -79 -79 -79 -79 -79 -79 -79 -79 -77 -77 -77 -77 -77 -77 -77 -77 -77 -77 -77 -77 -77 -77 -77 -77 -77 -77 -76 -76 -76 -76 -76 -77 -77 -79 -79 -81 -81 -84 -81 -111 -87 -86 -86 -82 -82 -80 -80 -78 -78 -77 -77 -77 -77 -77 -77 -80 -80 -80 -80 -83 -83 -82 -81 -81 -81 -81 -81 -80 -80 -80 -87 -87 -87 -87 -80 -80 -80 -80 -81 -81 -81 -81 -80 -80 -80 -80 -80 -80 -81 -81 -83 -83 -83 -83 -91 -91 -91 -91 -91 -91 -91 -85 -81 -82 -82 -135 -135 -86 -86 -82 -82 -82 -82 -84 -84 -97 -97 -88 -84 -84 -84 -84 -84 -84 -84 -84 -84 -84 -78 -78 -98 -98 -132 -132 -132 -132 -132 -132 -132 -132 -103 -103 -90 -90 -90 -90 -84 -84 -84 -84 -84 -84 -78 -79 -79 -80 -80 -87 -87 -84 -84 -84 -111 -111 -80 -80 -102 -102 -102 -102 -102 -81 -81 -79 -79 -81 -81 -83 -83 -80 -83 -83 -83 -83 -83 -83 -83 -89 -89 -81 -81 -79 -79 -78 -78 -80 -80 -80 -80 -80 -80 -77 -77 -77 -77 -78 -78 -78 -78 -82 -82 -82 -82 -82 -82 -86 -86 -89 -83 -89 -89 -84 -84 -86 -86 -90 -90 -84 -84 -84 -84 -85 -85 -87 -87 -92 -85 -85 -85 -88 -79 -81 -81 -78 -78 -81 -81 -82 -82 -89 -89 -81 -81 -81 -81 -80 -80 -81 -81 -83 -80 -80 -80 -82 -82 -119 -82 -85 -85 -81 -81 -81 -81 -81 -81 -81 -81 -81 -81 -81 -76 -76 -76 -76 -76 -76 -77 -77 -77 -81 -81 -83 -83 -83 -83 -88 -88 -84 -84 -104 -82 -82 -82 -81 -81 -78 -78 -77 -77 -77 -77 -77 -77 -77 -76 -76 -76 -76 -76 -76 -76 -76 -77 -77 -77 -77 -77 -77 -77 -77 -77 -77 -77 -77 -77 -77 -77 -77 -77 -77 -77 -77 -77 -77 -77 -77 -77 -77 
CQI
2147483647 2147483647 2147483647 2147483647 2147483647 2147483647 2147483647 2147483647 2147483647 2147483647 2147483647 2147483647 2147483647 2147483647 2147483647 2147483647 2147483647 2147483647 2147483647 2147483647 2147483647 2147483647 2147483647 2147483647 2147483647 2147483647 2147483647 2147483647 2147483647 2147483647 2147483647 2147483647 2147483647 2147483647 2147483647 2147483647 2147483647 2147483647 2147483647 2147483647 2147483647 2147483647 2147483647 2147483647 2147483647 2147483647 2147483647 2147483647 2147483647 2147483647 2147483647 2147483647 2147483647 2147483647 2147483647 2147483647 2147483647 2147483647 2147483647 2147483647 2147483647 2147483647 2147483647 2147483647 2147483647 2147483647 2147483647 2147483647 2147483647 2147483647 2147483647 2147483647 2147483647 2147483647 2147483647 2147483647 2147483647 2147483647 2147483647 2147483647 2147483647 2147483647 2147483647 2147483647 2147483647 2147483647 2147483647 2147483647 2147483647 2147483647 2147483647 2147483647 2147483647 2147483647 2147483647 2147483647 2147483647 2147483647 2147483647 2147483647 2147483647 2147483647 2147483647 2147483647 2147483647 2147483647 2147483647 2147483647 2147483647 2147483647 2147483647 2147483647 2147483647 2147483647 2147483647 2147483647 2147483647 2147483647 2147483647 2147483647 2147483647 2147483647 2147483647 2147483647 2147483647 2147483647 2147483647 2147483647 2147483647 2147483647 2147483647 2147483647 2147483647 2147483647 2147483647 2147483647 2147483647 2147483647 2147483647 2147483647 2147483647 2147483647 2147483647 2147483647 2147483647 2147483647 2147483647 2147483647 2147483647 2147483647 2147483647 2147483647 2147483647 2147483647 2147483647 2147483647 2147483647 2147483647 2147483647 2147483647 2147483647 2147483647 2147483647 2147483647 2147483647 2147483647 2147483647 2147483647 2147483647 2147483647 2147483647 2147483647 2147483647 2147483647 2147483647 2147483647 2147483647 2147483647 2147483647 2147483647 2147483647 2147483647 2147483647 2147483647 2147483647 2147483647 2147483647 2147483647 2147483647 2147483647 2147483647 2147483647 2147483647 2147483647 2147483647 2147483647 2147483647 2147483647 2147483647 2147483647 2147483647 2147483647 2147483647 2147483647 2147483647 2147483647 2147483647 2147483647 2147483647 2147483647 2147483647 2147483647 2147483647 2147483647 2147483647 2147483647 2147483647 2147483647 2147483647 2147483647 2147483647 2147483647 2147483647 2147483647 2147483647 2147483647 2147483647 2147483647 2147483647 2147483647 2147483647 2147483647 2147483647 2147483647 2147483647 2147483647 2147483647 2147483647 2147483647 2147483647 2147483647 2147483647 2147483647 2147483647 2147483647 2147483647 2147483647 2147483647 2147483647 2147483647 2147483647 2147483647 2147483647 2147483647 2147483647 2147483647 2147483647 2147483647 2147483647 2147483647 2147483647 2147483647 2147483647 2147483647 2147483647 2147483647 2147483647 2147483647 2147483647 2147483647 2147483647 2147483647 2147483647 2147483647 2147483647 2147483647 2147483647 2147483647 2147483647 2147483647 2147483647 2147483647 2147483647 2147483647 2147483647 2147483647 2147483647 2147483647 2147483647 2147483647 2147483647 2147483647 2147483647 2147483647 2147483647 2147483647 2147483647 2147483647 2147483647 2147483647 2147483647 2147483647 2147483647 2147483647 2147483647 2147483647 2147483647 2147483647 2147483647 2147483647 2147483647 2147483647 2147483647 2147483647 2147483647 2147483647 2147483647 2147483647 2147483647 2147483647 2147483647 2147483647 2147483647 2147483647 2147483647 2147483647 2147483647 2147483647 2147483647 2147483647 2147483647 2147483647 2147483647 2147483647 2147483647 2147483647 2147483647 2147483647 2147483647 2147483647 2147483647 2147483647 2147483647 2147483647 2147483647 2147483647 2147483647 2147483647 2147483647 2147483647 
Altitude
-74.08936309814453 -73.24383544921875 -72.46171569824219 -71.5316390991211 -69.98326873779297 -67.76904296875 -65.71863555908203 -63.768638610839844 -61.66539001464844 -59.51457595825195 -57.37961959838867 -55.588157653808594 -53.437347412109375 -51.376373291015625 -49.29954528808594 -47.41824722290039 -45.5263786315918 -43.56581115722656 -41.483699798583984 -39.61296844482422 -37.59955596923828 -35.697120666503906 -33.567447662353516 -31.453628540039062 -29.482492446899414 -27.580055236816406 -25.582496643066406 -23.6800594329834 -21.89388084411621 -19.885753631591797 -17.988601684570312 -16.070310592651367 -14.004051208496094 -11.958931922912598 -9.993080139160156 -7.942675590515137 -6.077229976654053 -4.18007755279541 -2.235363721847534 -0.2695119380950928 1.6144293546676636 3.7441020011901855 5.675604343414307 7.691659450531006 9.586170196533203 11.459542274475098 13.462385177612305 15.327831268310547 17.298967361450195 19.344087600708008 21.558313369750977 23.381481170654297 25.368471145629883 27.04895782470703 28.745298385620117 30.314807891845703 31.548749923706055 32.304439544677734 33.25301742553711 33.90565872192383 34.25972366333008 34.97578048706055 35.358909606933594 35.82394790649414 35.95870590209961 36.26256561279297 36.775169372558594 36.822731018066406 36.698543548583984 36.99711990356445 37.285125732421875 37.19264602661133 37.6708984375 36.857078552246094 37.02618408203125 37.66825866699219 36.95220184326172 36.94427490234375 36.57435607910156 36.1198844909668 35.78960037231445 35.74996566772461 36.18330001831055 36.02476119995117 36.39468002319336 36.32069778442383 36.426387786865234 36.349761962890625 36.31805419921875 36.39468002319336 36.199153900146484 36.34711837768555 36.32598114013672 36.423744201660156 36.3814697265625 36.38411331176758 36.28899002075195 36.43695831298828 36.37882614135742 36.52943801879883 36.52943801879883 36.23350143432617 36.7011833190918 37.20586013793945 37.842647552490234 38.37374496459961 38.08837890625 38.0593147277832 38.051387786865234 37.966835021972656 38.03817367553711 38.188785552978516 38.25484085083008 37.97211837768555 37.842647552490234 38.09630584716797 37.924556732177734 37.81358337402344 38.133296966552734 38.03024673461914 37.24813461303711 37.31947708129883 36.60606384277344 35.4117546081543 35.57557678222656 34.878013610839844 35.38533020019531 35.30078125 35.66541290283203 35.24529266357422 35.9349250793457 36.154232025146484 35.9111442565918 35.83451843261719 35.842445373535156 35.70769119262695 35.82394790649414 35.631065368652344 35.7261848449707 35.773746490478516 35.60728454589844 35.414398193359375 35.61785125732422 35.91642761230469 35.97455978393555 35.628421783447266 36.12516784667969 36.13838195800781 35.80809783935547 35.842445373535156 36.99183654785156 37.49915313720703 37.01825714111328 36.26520919799805 36.051185607910156 36.74610137939453 36.95220184326172 36.854434967041016 37.057891845703125 37.04203796386719 36.84650802612305 36.8280143737793 36.75667190551758 36.780452728271484 36.97333908081055 36.89142990112305 36.000980377197266 35.51480484008789 36.571712493896484 36.46602249145508 36.38939666748047 35.982486724853516 35.47517013549805 34.915008544921875 34.55037307739258 34.34955978393555 34.57679748535156 34.66399002075195 34.761756896972656 34.66663360595703 34.553016662597656 34.52130889892578 34.52923583984375 34.574153900146484 34.67191696166992 34.80667495727539 34.5477294921875 34.497528076171875 34.61378860473633 34.7564697265625 34.637569427490234 34.838382720947266 34.65342330932617 34.44996643066406 34.4129753112793 34.568870544433594 34.34163284301758 34.716835021972656 35.60199737548828 35.81602096557617 36.40789031982422 36.27049255371094 36.273136138916016 35.863582611083984 35.67598342895508 35.69447708129883 35.58086013793945 35.94285202026367 36.209720611572266 36.31012725830078 36.4924430847168 36.83329772949219 37.131874084472656 37.26927185058594 37.13716125488281 37.089599609375 36.468666076660156 35.61256790161133 35.39590072631836 35.24529266357422 35.16073989868164 35.136959075927734 35.065616607666016 35.18452072143555 35.131675720214844 35.18187713623047 35.1739501953125 35.46724319458008 35.3298454284668 35.02069854736328 35.29285430908203 35.16073989868164 35.29813766479492 35.343055725097656 35.36948013305664 35.205657958984375 35.150169372558594 35.30606460571289 35.17130661010742 35.38533020019531 34.73004913330078 34.59000778198242 34.983707427978516 35.2030143737793 36.01947784423828 36.36561584472656 37.049964904785156 36.45545196533203 36.16215896606445 36.24407196044922 36.135738372802734 36.28370666503906 36.68004608154297 36.96541213989258 37.057891845703125 37.39610290527344 37.22171401977539 37.38289260864258 37.25606155395508 37.10280990600586 36.96012878417969 37.23756790161133 37.92720031738281 38.278621673583984 37.929840087890625 37.36439514160156 37.73959732055664 37.784515380859375 37.60484313964844 37.78187561035156 38.064598083496094 38.196712493896484 38.39223861694336 37.821510314941406 36.54264831542969 35.2267951965332 33.00992965698242 31.812976837158203 30.536760330200195 29.08350944519043 27.77294158935547 25.778024673461914 24.459529876708984 22.937580108642578 21.917661666870117 20.242460250854492 18.424575805664062 17.09551239013672 15.652830123901367 14.241856575012207 12.405475616455078 10.828038215637207 9.398568153381348 7.733935832977295 6.64267635345459 5.028247356414795 3.1971514225006104 1.8020308017730713 0.06605684757232666 -1.395120620727539 -2.8536558151245117 -4.4337358474731445 -5.844709873199463 -7.55690336227417 -9.142267227172852 -10.489827156066895 -11.990638732910156 -13.438605308532715 -15.008115768432617 -16.540634155273438 -17.98331642150879 -19.462989807128906 -20.905670166015625 -22.33249855041504 -24.092252731323242 -25.55078887939453 -27.23655891418457 -28.510135650634766 -30.032085418701172 -31.44834327697754 -33.16582107543945 -34.52395248413086 -35.83980178833008 -37.67882537841797 -39.09508514404297 -40.5853271484375 -42.09670639038086 -43.49711227416992 -45.13532257080078 -46.583290100097656 -47.97840881347656 -49.447513580322266 -51.14385223388672 -52.702796936035156 -54.23003005981445 -55.725555419921875 -57.1629524230957 -58.843441009521484 -59.974334716796875 -61.771080017089844 -63.134490966796875 -64.79383850097656 -65.98815155029297 -67.39383697509766 -68.90522003173828 -70.31090545654297 -71.15115356445312 -72.12879180908203 -74.1210708618164 -75.26781463623047 