LTE(1) or 5G(2)
2 2 2 2 2 2 2 2 2 2 2 2 2 2 2 2 2 2 2 2 2 2 2 2 2 2 2 2 2 2 2 2 2 2 2 2 2 2 2 2 2 2 2 1 1 1 2 2 2 2 2 2 2 2 2 2 2 2 2 2 2 2 2 2 2 2 2 2 2 2 2 2 2 2 2 2 2 2 2 2 2 2 2 2 2 2 2 2 2 2 2 2 2 1 1 2 2 2 2 2 2 2 1 1 1 2 2 2 2 2 2 2 2 2 2 2 1 1 2 2 2 2 2 1 1 2 2 2 2 2 2 2 2 2 2 2 2 2 2 2 2 2 2 2 2 2 2 2 2 2 2 2 2 2 2 2 2 2 2 2 2 2 2 2 2 2 2 2 2 2 2 2 2 2 2 2 2 2 2 2 2 2 2 2 2 2 2 2 2 1 1 1 2 2 2 2 1 1 1 1 1 1 1 1 1 1 1 1 1 1 1 1 1 1 1 1 2 2 2 2 2 2 2 2 2 2 2 2 2 2 2 2 2 2 2 2 2 2 2 2 2 2 2 2 2 2 2 2 2 2 2 2 2 2 2 2 2 2 2 2 2 2 2 2 2 2 2 2 2 2 2 2 2 2 2 2 2 2 2 2 2 2 2 2 
SNR of LTE
1 1 1 1 1 1 1 1 1 1 1 3 3 3 3 3 3 3 3 2 2 2 2 3 3 3 3 3 2 2 2 1 1 1 1 1 1 0 0 0 0 0 0 -1 -1 -1 -1 -1 -1 -1 -1 -1 -1 -1 -1 -1 -1 -1 -1 -1 -1 -1 -2 -2 -2 -2 -2 -2 -2 -2 -2 -2 -2 -2 -2 -2 -2 -2 -2 -2 -2 -2 -2 -2 -2 -2 -2 -2 -2 -2 -2 -3 -3 -3 -3 -4 -4 -4 -4 -4 -4 -4 -4 -4 -4 -4 -4 -4 -4 -4 -4 -4 -4 -5 -5 -5 -5 -4 -4 -4 -3 -3 -2 -2 -2 -1 0 0 0 0 0 0 0 0 0 0 0 0 0 0 0 1 1 2 2 2 2 2 2 0 0 0 0 0 0 0 0 0 0 0 0 0 0 -1 -1 -1 -1 -1 -1 -1 -1 -2 -2 -3 -3 -4 -4 -5 -5 -5 -5 -5 -5 -5 -5 -5 -5 -5 -5 -5 -6 -6 -6 -6 -6 -6 -6 -8 -8 -8 -8 -8 -11 -11 -11 -11 -11 -11 -11 -11 -11 -11 -11 -10 -8 -8 -8 -8 -8 -8 -8 -8 -8 -8 -8 -8 -8 -8 -8 -8 -8 -8 -8 -8 -8 -8 -8 -8 -8 -8 -8 -8 -8 -8 -8 -6 -6 -6 -6 -6 -6 -7 -7 -7 -7 -7 -7 -6 -6 -6 -6 -5 -5 -5 -5 -3 -3 -3 -3 -3 -3 -3 -3 -3 -3 -2 -2 -2 -2 -2 -2 -2 -2 0 
SNR of 5G
5 5 5 5 5 5 5 5 5 5 5 3 3 3 3 3 3 2 2 1 1 1 1 0 0 0 0 0 0 0 0 0 0 1 1 0 0 0 0 2 2 -1 -1 0 0 0 3 3 3 3 2 2 2 2 3 3 3 3 3 5 5 5 6 6 6 2 2 2 2 -2 -2 -3 -3 -2 -2 -3 -3 -3 -3 -3 -3 -3 -3 -1 -1 -3 -3 -3 -3 -3 -3 -2 -3 0 0 -2 -2 -5 -5 -6 -6 -7 0 0 0 0 0 0 0 0 0 -1 -1 -1 -1 -3 0 0 -3 -3 -3 -3 -1 0 0 -2 -2 6 6 2 2 0 0 4 4 0 0 4 4 1 1 2 2 7 7 4 3 1 1 2 2 2 2 2 2 1 1 0 0 -3 -3 -5 -6 0 0 -5 -5 -6 -6 0 0 -1 -1 0 0 1 1 2 2 1 1 1 1 1 1 1 1 0 0 0 0 0 2 2 2 2 0 0 0 0 0 0 0 0 0 0 0 0 0 0 0 0 0 0 0 0 0 0 0 0 2 2 4 4 6 6 6 7 7 8 9 8 8 8 8 8 8 5 5 5 5 5 5 5 5 0 0 2 2 2 2 1 1 1 1 1 1 2 2 1 1 1 1 1 1 2 2 1 1 1 1 1 1 2 5 5 5 7 7 7 7 7 7 3 
RSSI
-51 -51 -51 -51 -51 -51 -51 -51 -51 -51 -51 -51 -51 -51 -51 -51 -51 -51 -51 -51 -51 -51 -51 -51 -51 -51 -51 -51 -51 -51 -51 -51 -51 -51 -51 -51 -51 -51 -51 -51 -51 -51 -51 -51 -51 -51 -51 -51 -51 -51 -51 -51 -51 -51 -51 -51 -51 -51 -51 -51 -51 -51 -51 -51 -51 -51 -51 -51 -51 -51 -51 -51 -51 -51 -51 -51 -51 -51 -51 -51 -51 -51 -51 -51 -51 -51 -51 -51 -51 -51 -51 -51 -51 -51 -51 -51 -51 -51 -51 -51 -51 -51 -51 -51 -51 -51 -51 -51 -51 -51 -51 -51 -51 -51 -51 -51 -51 -51 -51 -51 -51 -51 -51 -51 -51 -51 -51 -51 -51 -51 -51 -51 -51 -51 -51 -51 -51 -51 -51 -51 -51 -51 -51 -51 -51 -51 -51 -51 -51 -51 -51 -51 -51 -51 -51 -51 -51 -51 -51 -51 -51 -51 -51 -51 -51 -51 -51 -51 -51 -51 -51 -51 -51 -51 -51 -51 -51 -51 -51 -51 -51 -51 -51 -51 -51 -51 -51 -51 -51 -51 -51 -51 -51 -51 -51 -51 -51 -51 -51 -51 -51 -51 -51 -51 -51 -51 -51 -51 -51 -51 -51 -51 -51 -51 -51 -51 -51 -51 -51 -51 -51 -51 -51 -51 -51 -51 -51 -51 -51 -51 -51 -51 -51 -51 -51 -51 -51 -51 -51 -51 -51 -51 -51 -51 -51 -51 -51 -51 -51 -51 -51 -51 -51 -51 -51 -51 -51 -51 -51 -51 -51 -51 -51 -51 -51 -51 -51 -51 -51 -51 -51 -51 -51 -51 -51 -51 -51 -51 -51 -51 -51 -51 -51 -51 
RSRP
-81 -80 -80 -80 -80 -80 -80 -80 -80 -80 -80 -75 -75 -75 -74 -74 -74 -74 -74 -74 -74 -74 -74 -73 -73 -73 -73 -73 -73 -73 -73 -73 -73 -73 -73 -73 -73 -73 -73 -73 -73 -73 -73 -74 -74 -74 -74 -74 -74 -74 -74 -74 -74 -74 -74 -74 -74 -74 -74 -75 -75 -75 -75 -75 -75 -76 -76 -76 -76 -76 -76 -76 -76 -76 -76 -76 -76 -76 -76 -77 -77 -77 -77 -77 -77 -77 -77 -77 -77 -77 -77 -77 -77 -77 -77 -78 -78 -78 -78 -78 -78 -79 -79 -79 -79 -79 -79 -79 -78 -78 -78 -78 -78 -79 -79 -79 -79 -78 -78 -78 -77 -77 -76 -76 -76 -75 -74 -74 -74 -74 -74 -73 -73 -73 -73 -73 -73 -73 -73 -73 -73 -72 -72 -72 -72 -72 -72 -72 -72 -72 -72 -72 -72 -73 -73 -74 -74 -75 -75 -75 -75 -76 -76 -77 -77 -77 -77 -79 -79 -79 -79 -80 -80 -80 -80 -80 -80 -80 -80 -81 -81 -81 -81 -81 -81 -81 -81 -82 -82 -82 -82 -83 -83 -83 -83 -83 -83 -83 -83 -83 -83 -83 -84 -84 -84 -84 -84 -84 -84 -84 -84 -84 -84 -83 -81 -80 -80 -80 -80 -80 -80 -80 -78 -78 -78 -78 -78 -78 -78 -78 -78 -78 -78 -77 -77 -77 -77 -77 -77 -77 -77 -77 -77 -77 -77 -78 -78 -79 -79 -79 -79 -79 -79 -79 -79 -79 -79 -78 -78 -78 -78 -78 -78 -78 -78 -77 -77 -77 -77 -76 -76 -76 -76 -76 -76 -76 -76 -76 -76 -76 -76 -76 -76 -75 
CID
13769745 13769745 13769745 13769745 13769745 13769745 13769745 13769745 13769745 13769745 13769745 13769745 13769745 13769745 13769745 13769745 13769745 13769745 13769745 13769745 13769745 13769745 13769745 13769745 13769745 13769745 13769745 13769745 13769745 13769745 13769745 13769745 13769745 13769745 13769745 13769745 13769745 13769745 13769745 13769745 13769745 13769745 13769745 13769745 13769745 13769745 13769745 13769745 13769745 13769745 13769745 13769745 13769745 13769745 13769745 13769745 13769745 13769745 13769745 13769745 13769745 13769745 13769745 13769745 13769745 13769745 13769745 13769745 13769745 13769745 13769745 13769745 13769745 13769745 13769745 13769745 13769745 13769745 13769745 13769745 13769745 13769745 13769745 13769745 13769745 13769745 13754896 13754896 13754896 13754896 13754896 13754896 13769745 13769745 13769745 13769745 13769745 13754896 13754896 13754896 13754896 13754896 13754896 13754896 13754896 13754896 13754896 13754896 13754896 13754896 13754896 13754896 13754896 13754896 13754896 13754896 13754896 13754896 13754896 13754896 13754896 13754896 13754896 13754896 13754896 13754896 13754896 13754896 13754896 13754896 13754896 13754896 13754896 13754896 13754896 13754896 13754896 13754896 13754896 13754896 13754896 13754896 13754896 13769745 13769745 13769745 13769745 13769745 13769745 13769745 13769745 13769745 13769745 13769745 13754896 13754896 13754896 13754896 13754896 13754896 13754896 13769745 13769745 13769745 13769745 13754896 13754896 13754896 13754896 13754896 13769745 13792278 13792278 13792278 13792278 13792278 13792278 13769745 13769745 13769745 13769745 13769745 13769745 13754896 13754896 13754896 13754896 13754896 13754896 13754896 13791766 13791766 13791766 13791766 13791766 13791766 13791766 13791766 13791766 13791766 13791766 13791766 13754890 13754890 13754890 13754890 13754890 13754890 13754890 13754890 13754890 13754890 13754890 13792257 13792257 13792258 13792258 13792258 13792258 13792258 13792258 13792258 13792258 13792258 13792258 13792258 13792258 13792258 13792258 13792258 13792258 13792258 13792258 13792258 13792258 13792258 13792258 13792258 13792258 13792258 13792258 13792258 13792258 13792258 13792258 13792258 13792258 13792258 13792258 13792258 13792258 13792258 13792258 13792258 13792258 13792258 13792258 13792258 13792258 13792258 13792258 13792258 13792258 13792258 13792258 13792258 13792258 13792258 13792258 13792258 13792258 13792258 13792258 13792258 13792258 13792258 13792258 13792258 13792258 13792258 13792258 13792258 13792258 13792258 
RSRP of 5G
-82 -82 -82 -82 -82 -82 -82 -82 -82 -82 -82 -87 -87 -83 -83 -83 -83 -85 -85 -84 -84 -84 -84 -84 -84 -83 -83 -83 -85 -83 -83 -88 -88 -83 -83 -83 -83 -84 -84 -84 -84 -90 -90 -90 -90 -90 -86 -86 -86 -86 -83 -83 -83 -83 -82 -82 -82 -82 -82 -82 -82 -82 -87 -87 -87 -85 -85 -90 -82 -86 -86 -90 -90 -91 -91 -90 -90 -90 -90 -85 -85 -88 -88 -88 -88 -100 -100 -84 -84 -84 -84 -90 -84 -84 -84 -92 -92 -109 -109 -130 -130 2147483647 2147483647 2147483647 2147483647 -89 -89 -89 -89 -92 -92 -89 -89 -96 -96 -98 -98 -98 -97 -97 -96 -96 -84 -84 -84 -89 -89 -78 -78 -84 -84 -88 -88 -79 -79 -86 -86 -80 -80 -101 -101 -75 -75 -79 -79 -89 -79 -78 -78 -78 -78 -78 -78 -79 -79 -80 -80 -81 -81 -90 -90 -112 -80 -80 -80 -83 -83 -80 -80 -80 -80 -82 -82 -79 -79 -78 -78 -78 -78 -78 -78 -78 -78 -78 -78 -78 -78 -78 -78 -82 -82 -82 -81 -81 -88 -88 -88 -88 -88 -88 -88 -88 -88 -88 -88 -88 -88 -88 -88 -88 -88 -88 -88 -88 -88 -88 -83 -83 -87 -87 -82 -82 -79 -79 -74 -74 -74 -72 -72 -72 -75 -74 -74 -74 -74 -74 -74 -75 -75 -75 -75 -75 -75 -75 -75 -81 -81 -78 -78 -80 -80 -82 -82 -82 -82 -82 -82 -84 -84 -86 -86 -88 -88 -88 -88 -86 -86 -84 -84 -86 -86 -84 -84 -92 -80 -81 -81 -79 -79 -79 -79 -79 -79 -87 
CQI
2147483647 2147483647 2147483647 2147483647 2147483647 2147483647 2147483647 2147483647 2147483647 2147483647 2147483647 2147483647 2147483647 2147483647 2147483647 2147483647 2147483647 2147483647 2147483647 2147483647 2147483647 2147483647 2147483647 2147483647 2147483647 2147483647 2147483647 2147483647 2147483647 2147483647 2147483647 2147483647 2147483647 2147483647 2147483647 2147483647 2147483647 2147483647 2147483647 2147483647 2147483647 2147483647 2147483647 2147483647 2147483647 2147483647 2147483647 2147483647 2147483647 2147483647 2147483647 2147483647 2147483647 2147483647 2147483647 2147483647 2147483647 2147483647 2147483647 2147483647 2147483647 2147483647 2147483647 2147483647 2147483647 2147483647 2147483647 2147483647 2147483647 2147483647 2147483647 2147483647 2147483647 2147483647 2147483647 2147483647 2147483647 2147483647 2147483647 2147483647 2147483647 2147483647 2147483647 2147483647 2147483647 2147483647 2147483647 2147483647 2147483647 2147483647 2147483647 2147483647 2147483647 2147483647 2147483647 2147483647 2147483647 2147483647 2147483647 2147483647 2147483647 2147483647 2147483647 2147483647 2147483647 2147483647 2147483647 2147483647 2147483647 2147483647 2147483647 2147483647 2147483647 2147483647 2147483647 2147483647 2147483647 2147483647 2147483647 2147483647 2147483647 2147483647 2147483647 2147483647 2147483647 2147483647 2147483647 2147483647 2147483647 2147483647 2147483647 2147483647 2147483647 2147483647 2147483647 2147483647 2147483647 2147483647 2147483647 2147483647 2147483647 2147483647 2147483647 2147483647 2147483647 2147483647 2147483647 2147483647 2147483647 2147483647 2147483647 2147483647 2147483647 2147483647 2147483647 2147483647 2147483647 2147483647 2147483647 2147483647 2147483647 2147483647 2147483647 2147483647 2147483647 2147483647 2147483647 2147483647 2147483647 2147483647 2147483647 2147483647 2147483647 2147483647 2147483647 2147483647 2147483647 2147483647 2147483647 2147483647 2147483647 2147483647 2147483647 2147483647 2147483647 2147483647 2147483647 2147483647 2147483647 2147483647 2147483647 2147483647 2147483647 2147483647 2147483647 2147483647 2147483647 2147483647 2147483647 2147483647 2147483647 2147483647 2147483647 2147483647 2147483647 2147483647 2147483647 2147483647 2147483647 2147483647 2147483647 2147483647 2147483647 2147483647 2147483647 2147483647 2147483647 2147483647 2147483647 2147483647 2147483647 2147483647 2147483647 2147483647 2147483647 2147483647 2147483647 2147483647 2147483647 2147483647 2147483647 2147483647 2147483647 2147483647 2147483647 2147483647 2147483647 2147483647 2147483647 2147483647 2147483647 2147483647 2147483647 2147483647 2147483647 2147483647 2147483647 2147483647 2147483647 2147483647 2147483647 2147483647 2147483647 2147483647 2147483647 2147483647 2147483647 2147483647 2147483647 2147483647 2147483647 2147483647 2147483647 2147483647 2147483647 2147483647 2147483647 2147483647 2147483647 2147483647 2147483647 2147483647 2147483647 2147483647 2147483647 2147483647 2147483647 2147483647 2147483647 2147483647 2147483647 2147483647 2147483647 2147483647 
Altitude
-62.59018325805664 -61.53855895996094 -60.08002471923828 -57.923927307128906 -55.61986541748047 -53.54832458496094 -51.63531494140625 -49.61661911010742 -47.42353057861328 -45.478816986083984 -43.523536682128906 -41.24589538574219 -39.396305084228516 -37.197933197021484 -35.337772369384766 -33.29265213012695 -31.35850715637207 -29.302818298339844 -27.136152267456055 -25.043472290039062 -23.225587844848633 -21.449979782104492 -19.922744750976562 -18.649169921875 -17.734943389892578 -16.619903564453125 -15.853643417358398 -15.351611137390137 -14.632912635803223 -14.395108222961426 -13.935352325439453 -13.549580574035645 -13.486166000366211 -13.116247177124023 -12.910150527954102 -12.630069732666016 -12.577223777770996 -12.344703674316406 -12.249582290649414 -11.810964584350586 -10.040640830993652 -7.7735700607299805 -6.404871940612793 -6.4207258224487305 -5.384954452514648 -3.3715415000915527 -1.273576021194458 0.5099588632583618 2.491664409637451 4.845930099487305 6.72987174987793 8.611170768737793 10.77783489227295 12.450394630432129 14.41624641418457 16.648967742919922 18.818275451660156 20.9373779296875 22.92172622680664 24.924570083618164 26.787372589111328 28.922330856323242 30.946311950683594 33.07862854003906 34.801387786865234 36.553218841552734 38.10158920288086 39.93268585205078 41.338375091552734 42.50625991821289 43.23552703857422 44.041419982910156 44.57251739501953 45.161746978759766 45.64528274536133 45.745689392089844 46.06011962890625 46.472312927246094 46.667842864990234 46.71540069580078 46.90564727783203 47.06682586669922 47.18836975097656 47.159305572509766 47.28084945678711 47.06153869628906 46.91621398925781 46.35076904296875 43.499755859375 41.87211608886719 40.627601623535156 40.21805191040039 37.710533142089844 36.90727996826172 35.80281066894531 34.59529113769531 32.235740661621094 32.172325134277344 29.87354850769043 28.599971771240234 27.173145294189453 25.881072998046875 23.888797760009766 22.047134399414062 20.48026466369629 19.79327392578125 17.859128952026367 17.037382125854492 14.696327209472656 15.203643798828125 13.81380844116211 12.981492042541504 8.933527946472168 7.810561656951904 6.159140586853027 3.466663360595703 3.0756068229675293 2.4176807403564453 1.3026410341262817 -0.438617467880249 -1.6170716285705566 -3.2077205181121826 -4.967474937438965 -6.489424705505371 -7.55690336227417 -9.216251373291016 -9.512186050415039 -9.448771476745605 -10.473974227905273 -11.086980819702148 -11.705273628234863 -11.847955703735352 -12.217874526977539 -12.466248512268066 -12.894296646118164 -12.999987602233887 -13.301206588745117 -13.433320999145508 -13.491450309753418 -13.544296264648438 -13.512588500976562 -13.491450309753418 -13.073970794677734 -12.149175643920898 -9.353649139404297 -7.387797832489014 -6.441864013671875 -6.938611030578613 -5.295116901397705 -3.5300779342651367 -1.231299638748169 0.4227638244628906 2.4229650497436523 4.473369598388672 6.647961139678955 8.455276489257812 10.629867553710938 12.558728218078613 14.516653060913086 16.730878829956055 18.47477912902832 20.599166870117188 22.77640151977539 24.71054458618164 26.943267822265625 28.996313095092773 30.951597213745117 33.012569427490234 34.7036247253418 36.281063079833984 37.34589767456055 38.45565414428711 40.416221618652344 41.3753662109375 42.29751968383789 42.98715591430664 43.06906509399414 44.00971221923828 44.540809631347656 45.00849533081055 45.53166198730469 45.70869445800781 45.951786041259766 45.90686798095703 46.00463104248047 46.110321044921875 46.247718811035156 45.91743469238281 46.020484924316406 46.34812545776367 45.729835510253906 45.64263916015625 44.390201568603516 42.85504150390625 41.01073455810547 40.1387825012207 37.480655670166016 36.341835021972656 35.39590072631836 34.40504837036133 32.95444107055664 31.028223037719727 29.90261459350586 28.655460357666016 25.6776180267334 25.690828323364258 23.526805877685547 22.07619857788086 20.781484603881836 18.94774627685547 17.21969985961914 17.682096481323242 14.751814842224121 14.289417266845703 10.846534729003906 10.299583435058594 8.098569869995117 7.654667377471924 5.527637004852295 3.8550777435302734 2.9936962127685547 2.2987782955169678 0.8455276489257812 -1.0991859436035156 -2.314631938934326 -3.741459846496582 -5.268693923950195 -5.554059982299805 -6.484140396118164 -9.786982536315918 -10.24673843383789 -10.436982154846191 -10.547957420349121 -11.139826774597168 -11.16624927520752 -11.93250846862793 -12.217874526977539 -12.656492233276367 -12.88372802734375 -13.110962867736816 -13.290637969970703 -13.502019882202148 -13.745108604431152 -13.824377059936523 -13.834945678710938 -13.5284423828125 -13.512588500976562 -13.59714126586914 -13.782100677490234 -14.775595664978027 -15.129660606384277 -15.927627563476562 -17.581689834594727 -20.873964309692383 -22.459327697753906 -23.621929168701172 -24.610139846801758 -25.497943878173828 -26.597129821777344 -27.34225082397461 -28.959321975708008 -31.18411636352539 -32.45240783691406 -34.1223258972168 -35.131675720214844 -36.61663055419922 -37.277198791503906 -38.76744079589844 -40.70158767700195 -41.547115325927734 -43.00564956665039 -44.7601203918457 -46.53044509887695 -47.81459045410156 -49.8280029296875 -51.376373291015625 -52.655235290527344 -53.58002853393555 -55.054420471191406 -55.77840042114258 -57.92921447753906 -59.498722076416016 -61.08937072753906 -62.6483154296875 