LTE(1) or 5G(2)
2 2 2 2 2 2 2 2 2 2 2 2 2 2 2 2 2 2 2 2 2 2 2 2 2 2 2 2 2 2 2 2 2 2 2 2 2 2 2 2 2 2 2 2 2 2 2 2 2 2 2 2 2 2 2 2 2 2 2 2 2 2 2 2 2 2 2 2 2 2 2 2 2 2 2 2 2 2 2 2 2 2 2 2 2 2 2 2 2 2 2 2 2 2 2 2 2 2 2 2 2 2 2 2 2 2 2 2 2 2 2 2 2 2 2 2 2 2 2 2 2 2 2 2 2 2 2 2 2 2 2 2 2 2 2 2 2 2 2 2 2 2 2 2 2 2 2 2 2 2 2 2 2 2 2 2 2 2 2 2 2 2 2 2 2 2 2 2 2 2 2 2 2 2 2 2 2 2 2 2 2 2 2 2 2 2 1 1 2 1 1 1 2 2 2 2 2 2 2 2 2 2 2 2 2 2 2 2 2 2 2 2 2 2 2 2 2 2 2 2 2 2 2 2 2 2 2 2 2 2 2 2 2 2 2 2 2 2 2 2 2 2 2 2 2 2 2 2 2 2 2 2 2 2 2 2 2 2 2 2 2 2 2 2 2 2 2 2 2 2 2 2 2 2 2 2 2 2 2 2 2 2 2 2 2 2 2 2 2 2 2 2 2 2 2 2 2 2 2 2 2 2 2 2 2 2 2 2 2 2 2 2 2 2 2 2 2 2 2 2 2 2 2 2 2 2 2 2 2 2 2 2 2 2 2 2 2 2 2 2 2 2 2 2 2 2 2 2 2 2 2 2 2 2 2 2 2 2 2 2 2 2 2 2 2 2 2 2 2 2 2 2 2 2 2 2 2 2 2 2 2 2 2 2 
SNR of LTE
2 1 1 1 0 0 0 0 2 3 3 3 3 3 2 2 2 2 2 2 2 2 2 3 3 3 3 3 3 3 3 3 2 2 2 2 2 2 2 2 2 2 2 2 2 2 2 2 2 2 2 2 2 2 2 2 0 0 -1 -1 -1 -1 -1 -1 -2 -2 -2 -2 -2 -2 -2 -2 -2 -2 -3 -3 -3 -3 -3 -3 -3 -3 -3 -3 -3 -3 -3 -3 -3 -3 -3 -3 -3 -3 -3 -3 -3 -3 -3 -3 -3 -3 -3 -3 -3 -3 -3 -2 -2 -2 -2 -2 -1 -1 -1 -1 -1 -1 -1 -1 -1 -1 -1 -1 -1 -1 -1 -1 -1 -1 -1 0 0 0 0 0 0 0 0 0 0 0 0 0 0 0 0 -1 -1 0 0 0 -1 -2 -2 -2 -2 -2 -2 -2 -2 -2 -2 -2 -2 -2 -2 -2 -2 -2 -2 0 0 0 0 -1 0 0 0 1 1 1 1 1 1 1 1 1 1 1 1 1 1 1 0 0 0 0 0 0 0 0 -1 -1 -1 -1 -1 -1 -2 -2 -2 -2 -2 -2 -2 -2 -2 -2 -3 -4 -4 -4 -4 -4 -4 -4 -4 -4 -5 -5 -6 -6 -6 -6 -6 -6 -6 -6 -6 -6 -6 -6 -5 -5 -5 -5 -4 -4 -3 -3 -3 -3 -3 -3 -3 -3 -3 -3 -3 -4 -4 -4 -4 -4 -4 -4 -4 -4 -4 -4 -5 -5 -5 -5 -5 -5 -5 -4 -4 -4 -4 -4 -3 -3 -3 -3 -3 -3 -3 -3 -3 -2 -2 -2 -2 -2 -3 -3 -3 -3 -3 -3 -3 -3 -3 -3 -3 -3 -3 -3 -3 -3 -3 -3 -3 -3 -3 -3 -3 -3 -3 -3 -3 -3 -3 -1 -1 -1 -1 -1 -1 -1 -1 -1 -1 -1 -1 -1 -1 -1 -1 -1 -1 -2 -2 -2 -2 -2 -2 -2 -2 -1 -1 -1 -1 0 0 0 0 0 0 0 0 1 1 1 1 1 1 1 1 2 2 2 2 2 2 1 1 1 1 1 1 1 
SNR of 5G
9 10 8 8 6 6 6 6 10 10 10 10 10 10 6 6 6 6 6 6 6 6 6 3 3 3 3 3 3 3 3 3 5 5 5 5 5 5 5 5 5 5 5 5 5 5 5 5 5 5 5 5 5 5 5 5 5 5 4 4 4 4 4 4 4 4 4 4 4 4 4 4 4 4 4 4 4 4 4 4 5 5 3 3 0 0 0 -1 4 4 4 4 4 4 4 4 4 4 4 7 7 7 7 7 7 7 7 7 7 7 7 7 7 5 5 5 5 5 5 5 5 5 5 5 5 5 5 5 5 5 5 2 2 3 3 2 0 4 4 1 1 2 2 1 1 -1 -1 0 0 -2 -2 -2 -2 -1 -1 0 0 -1 -1 -2 -2 -1 -1 -1 -1 -1 -1 1 1 0 0 1 1 2 2 1 1 -1 -1 1 1 0 0 -2 -2 -2 0 0 0 0 0 0 2 2 2 0 -3 -3 -3 -3 -3 -6 0 0 0 0 -1 -1 0 0 1 1 2 2 2 2 2 2 4 4 4 4 1 1 -1 -1 -1 -1 0 0 -1 -1 -1 -1 -2 -2 -1 -1 -1 -1 -1 -1 1 1 2 2 2 2 1 0 -1 -1 -8 -8 -1 -1 1 1 2 2 2 2 3 3 3 3 3 3 3 3 2 2 3 3 3 3 3 3 3 3 2 2 2 2 1 1 1 1 2 2 2 -6 -3 -3 2 2 0 1 1 1 0 0 0 0 -1 -3 -3 -4 -4 -3 -3 5 5 5 5 5 5 5 5 5 5 5 5 5 5 2 2 3 3 3 3 3 3 4 4 4 4 4 4 4 4 4 4 4 4 4 4 4 4 4 4 2 2 2 2 2 2 4 4 4 4 4 4 7 7 7 7 7 7 7 7 5 5 2 2 2 2 8 8 9 9 8 8 6 
RSSI
-51 -51 -51 -51 -51 -51 -51 -51 -51 -51 -51 -51 -51 -51 -51 -51 -51 -51 -51 -51 -51 -51 -51 -51 -51 -51 -51 -51 -51 -51 -51 -51 -51 -51 -51 -51 -51 -51 -51 -51 -51 -51 -51 -51 -51 -51 -51 -51 -51 -51 -51 -51 -51 -51 -51 -51 -51 -51 -51 -51 -51 -51 -51 -51 -51 -51 -51 -51 -51 -51 -51 -51 -51 -51 -51 -51 -51 -51 -51 -51 -51 -51 -51 -51 -51 -51 -51 -51 -51 -51 -51 -51 -51 -51 -51 -51 -51 -51 -51 -51 -51 -51 -51 -51 -51 -51 -51 -51 -51 -51 -51 -51 -51 -51 -51 -51 -51 -51 -51 -51 -51 -51 -51 -51 -51 -51 -51 -51 -51 -51 -51 -51 -51 -51 -51 -51 -51 -51 -51 -51 -51 -51 -51 -51 -51 -51 -51 -51 -51 -51 -51 -51 -51 -51 -51 -51 -51 -51 -51 -51 -51 -51 -51 -51 -51 -51 -51 -51 -51 -51 -51 -51 -51 -51 -51 -51 -51 -51 -51 -51 -51 -51 -51 -51 -51 -51 -51 -51 -51 -51 -51 -51 -51 -51 -51 -51 -51 -51 -51 -51 -51 -51 -51 -51 -51 -51 -51 -51 -51 -51 -51 -51 -51 -51 -51 -51 -51 -51 -51 -51 -51 -51 -51 -51 -51 -51 -51 -51 -51 -51 -51 -51 -51 -51 -51 -51 -51 -51 -51 -51 -51 -51 -51 -51 -51 -51 -51 -51 -51 -51 -51 -51 -51 -51 -51 -51 -51 -51 -51 -51 -51 -51 -51 -51 -51 -51 -51 -51 -51 -51 -51 -51 -51 -51 -51 -51 -51 -51 -51 -51 -51 -51 -51 -51 -51 -51 -51 -51 -51 -51 -51 -51 -51 -51 -51 -51 -51 -51 -51 -51 -51 -51 -51 -51 -51 -51 -51 -51 -51 -51 -51 -51 -51 -51 -51 -51 -51 -51 -51 -51 -51 -51 -51 -51 -51 -51 -51 -51 -51 -51 -51 -51 -51 -51 -51 -51 -51 -51 -51 -51 -51 -51 -51 -51 -51 -51 -51 -51 -51 -51 -51 -51 -51 -51 -51 -51 -51 -51 -51 -51 -51 -51 -51 -51 -51 -51 -51 -51 -51 -51 -51 -51 -51 -51 -51 -51 -51 -51 -51 -51 -51 -51 -51 -51 
RSRP
-83 -82 -82 -82 -82 -82 -82 -82 -79 -77 -77 -77 -77 -77 -74 -74 -74 -74 -74 -74 -74 -74 -74 -72 -72 -72 -72 -72 -72 -72 -72 -72 -71 -71 -71 -71 -71 -71 -71 -71 -71 -71 -71 -71 -71 -71 -71 -71 -71 -71 -71 -71 -71 -71 -71 -71 -74 -74 -75 -75 -75 -75 -75 -75 -75 -75 -75 -75 -76 -76 -76 -76 -77 -77 -78 -78 -78 -78 -78 -78 -78 -78 -77 -77 -77 -77 -77 -77 -77 -77 -77 -77 -77 -77 -77 -77 -77 -77 -77 -76 -76 -76 -76 -76 -76 -76 -76 -76 -76 -75 -75 -75 -74 -74 -74 -74 -74 -74 -74 -74 -74 -74 -74 -74 -74 -74 -74 -74 -74 -74 -74 -73 -73 -73 -72 -72 -72 -72 -72 -73 -73 -73 -73 -73 -73 -73 -73 -74 -74 -74 -74 -74 -75 -75 -75 -75 -75 -76 -76 -77 -77 -77 -77 -77 -77 -77 -77 -76 -76 -76 -76 -75 -75 -75 -75 -75 -74 -74 -74 -73 -73 -73 -73 -73 -73 -73 -73 -73 -73 -73 -73 -73 -73 -73 -74 -74 -74 -75 -75 -75 -75 -75 -76 -76 -76 -76 -77 -77 -79 -79 -79 -79 -80 -80 -80 -81 -81 -81 -81 -82 -82 -82 -82 -82 -82 -82 -82 -82 -82 -82 -82 -82 -82 -81 -81 -81 -81 -81 -81 -81 -81 -81 -81 -81 -81 -81 -80 -80 -80 -80 -80 -80 -80 -80 -80 -80 -80 -80 -80 -80 -80 -80 -80 -80 -79 -79 -79 -79 -80 -80 -80 -80 -80 -80 -80 -80 -80 -80 -80 -80 -80 -80 -79 -79 -79 -79 -79 -79 -79 -79 -79 -78 -78 -78 -78 -78 -78 -78 -78 -78 -78 -77 -77 -77 -77 -77 -77 -77 -77 -77 -77 -77 -77 -77 -77 -77 -77 -77 -77 -77 -77 -77 -77 -77 -77 -76 -76 -76 -76 -76 -76 -76 -76 -76 -76 -76 -76 -76 -76 -76 -76 -76 -76 -74 -74 -74 -74 -74 -74 -74 -74 -74 -74 -73 -73 -73 -73 -73 -73 -73 -73 -73 -73 -72 -72 -72 -72 -72 -72 -72 -72 -72 -72 -72 -72 -72 -72 -73 -73 -74 -74 -74 -74 -74 
CID
13754896 13769745 13769745 13769745 13769745 13769745 13769745 13769745 13769745 13769745 13769745 13769745 13769745 13769745 13769745 13769745 13769745 13769745 13769745 13769745 13769745 13769745 13769745 13769745 13769745 13769745 13769745 13769745 13769745 13769745 13769745 13769745 13769745 13769745 13769745 13769745 13769745 13769745 13769745 13769745 13769745 13769745 13769745 13769745 13769745 13769745 13769745 13769745 13769745 13769745 13769745 13769745 13769745 13769745 13769745 13769745 13769745 13769745 13769745 13769745 13769745 13769745 13769745 13769745 13769745 13769745 13769745 13769745 13769745 13769745 13769745 13769745 13769745 13769745 13769745 13769745 13769745 13769745 13769745 13769745 13769745 13769745 13754896 13754896 13754896 13754896 13754896 13769745 13769745 13769745 13769745 13769745 13769745 13769745 13769745 13769745 13769745 13769745 13769745 13769745 13769745 13769745 13769745 13769745 13769745 13769745 13769745 13769745 13769745 13769745 13769745 13769745 13769745 13769745 13769745 13769745 13769745 13769745 13769745 13769745 13769745 13769745 13769745 13769745 13769745 13769745 13769745 13769745 13769745 13769745 13769745 13769745 13769745 13769745 13769745 13769745 13769745 13769745 13769745 13769745 13769745 13769745 13769745 13769745 13769745 13769745 13769745 13754896 13754896 13754896 13754896 13754896 13754896 13754896 13754896 13754896 13754896 13754896 13754896 13754896 13754896 13754896 13754896 13754896 13754896 13754896 13754896 13754896 13754896 13754896 13754896 13754896 13754896 13754896 13754896 13754896 13754896 13754896 13754896 13754896 13754896 13754896 13754896 13754896 13754896 13754896 13754896 13754896 13754896 13754896 13754896 13754896 13754896 13754896 13754896 13754896 13754896 13754896 13754896 13754896 13754896 13754896 13754896 13754896 13754896 13754896 13754896 13754896 13754896 13754896 13754896 13754896 13754896 13754896 13754896 13754896 13754896 13754896 13754896 13754896 13754896 13754896 13754896 13754896 13754896 13754896 13754896 13754896 13754896 13754896 13754896 13754896 13754896 13792534 13792534 13792534 13792534 13792534 13792534 13792534 13792534 13792534 13792534 13792534 13792534 13792534 13792534 13792534 13754896 13769745 13769745 13769745 13769745 13769745 13769745 13769745 13769745 13769745 13769745 13769745 13769745 13769745 13769745 13769745 13769745 13769745 13769745 13769745 13792279 13792279 13792279 13792279 13792279 13792279 13792279 13792279 13792279 13792279 13792279 13792279 13792279 13792279 13792279 13792279 13792279 13792279 13792279 13792279 13792279 13792279 13792279 13769745 13769745 13769745 13769745 13769745 13769745 13769745 13769745 13769745 13769745 13769745 13769745 13769745 13769745 13769745 13769745 13769745 13769745 13769745 13769745 13769745 13769745 13769745 13769745 13769745 13769745 13769745 13769745 13769745 13769745 13769745 13769745 13769745 13769745 13769745 13769745 13769745 13769745 13769745 13769745 13769745 13769745 13769745 13769745 13769745 13769745 13769745 13769745 13769745 13769745 13769745 13769745 13769745 13769745 13769745 13769745 13769745 13769745 13769745 13769745 13769745 13769745 13769745 13769745 13769745 13769745 13769745 13769745 13769745 13769745 13769745 13769745 13769745 13769745 13769745 13769745 13769745 13769745 13769745 13769745 13769745 13769745 13769745 13769745 13769745 13769745 13754896 13754896 13754896 13754896 13754896 13754896 13754896 
RSRP of 5G
-82 -84 -89 -89 -83 -83 -83 -83 -76 -76 -76 -76 -76 -76 -81 -81 -81 -81 -81 -81 -81 -81 -81 -86 -86 -86 -86 -86 -86 -86 -86 -86 -84 -84 -84 -84 -84 -84 -84 -84 -84 -84 -84 -84 -84 -84 -84 -84 -84 -84 -84 -84 -84 -84 -84 -84 -81 -81 -81 -81 -81 -81 -80 -80 -83 -83 -83 -83 -80 -80 -80 -80 -81 -81 -79 -79 -79 -79 -79 -79 -81 -81 -81 -81 -80 -80 -81 -81 -82 -82 -82 -82 -82 -82 -82 -82 -80 -80 -80 -82 -82 -82 -82 -78 -78 -78 -78 -82 -82 -79 -79 -79 -79 -82 -82 -82 -82 -82 -82 -82 -82 -82 -82 -82 -82 -82 -82 -82 -82 -82 -82 -85 -85 -84 -84 -88 -80 -80 -80 -81 -81 -80 -80 -88 -88 -91 -91 -84 -84 -85 -85 -90 -90 -92 -92 -91 -91 -86 -86 -82 -82 -86 -86 -86 -86 -86 -86 -80 -80 -83 -83 -79 -79 -89 -89 -79 -79 -84 -84 -81 -81 -95 -95 -94 -94 -94 -94 -94 -81 -81 -81 -81 -97 -97 -90 -82 -81 -81 -81 -81 -81 -79 -78 -78 -78 -78 -82 -82 -80 -80 -79 -79 -80 -80 -76 -76 -76 -76 -77 -77 -77 -77 -78 -78 -79 -79 -79 -79 -80 -80 -80 -80 -79 -79 -83 -83 -82 -82 -80 -80 -80 -80 -77 -77 -86 -86 -83 -83 -82 -82 -84 -84 -84 -84 -92 -92 -84 -84 -81 -81 -83 -83 -84 -84 -83 -83 -83 -83 -80 -80 -79 -79 -77 -77 -77 -77 -77 -77 -77 -77 -80 -80 -80 -80 -80 -80 -80 -80 -80 -80 -80 -136 -80 -80 -80 -80 -79 -79 -79 -79 -81 -81 -81 -81 -82 -82 -82 -84 -84 -111 -111 -82 -82 -82 -82 -82 -82 -82 -82 -82 -82 -82 -82 -82 -82 -83 -83 -84 -84 -84 -84 -84 -84 -92 -92 -82 -82 -82 -82 -82 -82 -82 -82 -84 -84 -84 -84 -84 -84 -84 -84 -83 -83 -89 -89 -85 -85 -81 -81 -81 -81 -81 -81 -79 -79 -79 -79 -79 -79 -79 -79 -84 -84 -88 -88 -88 -88 -87 -87 -83 -83 -87 -87 -85 
CQI
2147483647 2147483647 2147483647 2147483647 2147483647 2147483647 2147483647 2147483647 2147483647 2147483647 2147483647 2147483647 2147483647 2147483647 2147483647 2147483647 2147483647 2147483647 2147483647 2147483647 2147483647 2147483647 2147483647 2147483647 2147483647 2147483647 2147483647 2147483647 2147483647 2147483647 2147483647 2147483647 2147483647 2147483647 2147483647 2147483647 2147483647 2147483647 2147483647 2147483647 2147483647 2147483647 2147483647 2147483647 2147483647 2147483647 2147483647 2147483647 2147483647 2147483647 2147483647 2147483647 2147483647 2147483647 2147483647 2147483647 2147483647 2147483647 2147483647 2147483647 2147483647 2147483647 2147483647 2147483647 2147483647 2147483647 2147483647 2147483647 2147483647 2147483647 2147483647 2147483647 2147483647 2147483647 2147483647 2147483647 2147483647 2147483647 2147483647 2147483647 2147483647 2147483647 2147483647 2147483647 2147483647 2147483647 2147483647 2147483647 2147483647 2147483647 2147483647 2147483647 2147483647 2147483647 2147483647 2147483647 2147483647 2147483647 2147483647 2147483647 2147483647 2147483647 2147483647 2147483647 2147483647 2147483647 2147483647 2147483647 2147483647 2147483647 2147483647 2147483647 2147483647 2147483647 2147483647 2147483647 2147483647 2147483647 2147483647 2147483647 2147483647 2147483647 2147483647 2147483647 2147483647 2147483647 2147483647 2147483647 2147483647 2147483647 2147483647 2147483647 2147483647 2147483647 2147483647 2147483647 2147483647 2147483647 2147483647 2147483647 2147483647 2147483647 2147483647 2147483647 2147483647 2147483647 2147483647 2147483647 2147483647 2147483647 2147483647 2147483647 2147483647 2147483647 2147483647 2147483647 2147483647 2147483647 2147483647 2147483647 2147483647 2147483647 2147483647 2147483647 2147483647 2147483647 2147483647 2147483647 2147483647 2147483647 2147483647 2147483647 2147483647 2147483647 2147483647 2147483647 2147483647 2147483647 2147483647 2147483647 2147483647 2147483647 2147483647 2147483647 2147483647 2147483647 2147483647 2147483647 2147483647 2147483647 2147483647 2147483647 2147483647 2147483647 2147483647 2147483647 2147483647 2147483647 2147483647 2147483647 2147483647 2147483647 2147483647 2147483647 2147483647 2147483647 2147483647 2147483647 2147483647 2147483647 2147483647 2147483647 2147483647 2147483647 2147483647 2147483647 2147483647 2147483647 2147483647 2147483647 2147483647 2147483647 2147483647 2147483647 2147483647 2147483647 2147483647 2147483647 2147483647 2147483647 2147483647 2147483647 2147483647 2147483647 2147483647 2147483647 2147483647 2147483647 2147483647 2147483647 2147483647 2147483647 2147483647 2147483647 2147483647 2147483647 2147483647 2147483647 2147483647 2147483647 2147483647 2147483647 2147483647 2147483647 2147483647 2147483647 2147483647 2147483647 2147483647 2147483647 2147483647 2147483647 2147483647 2147483647 2147483647 2147483647 2147483647 2147483647 2147483647 2147483647 2147483647 2147483647 2147483647 2147483647 2147483647 2147483647 2147483647 2147483647 2147483647 2147483647 2147483647 2147483647 2147483647 2147483647 2147483647 2147483647 2147483647 2147483647 2147483647 2147483647 2147483647 2147483647 2147483647 2147483647 2147483647 2147483647 2147483647 2147483647 2147483647 2147483647 2147483647 2147483647 2147483647 2147483647 2147483647 2147483647 2147483647 2147483647 2147483647 2147483647 2147483647 2147483647 2147483647 2147483647 2147483647 2147483647 2147483647 2147483647 2147483647 2147483647 2147483647 2147483647 2147483647 2147483647 2147483647 2147483647 2147483647 2147483647 2147483647 2147483647 2147483647 2147483647 2147483647 2147483647 2147483647 2147483647 2147483647 2147483647 2147483647 2147483647 2147483647 2147483647 2147483647 2147483647 2147483647 2147483647 2147483647 2147483647 2147483647 2147483647 2147483647 2147483647 2147483647 2147483647 2147483647 2147483647 2147483647 2147483647 2147483647 2147483647 2147483647 2147483647 2147483647 2147483647 2147483647 2147483647 2147483647 2147483647 2147483647 2147483647 2147483647 2147483647 2147483647 2147483647 2147483647 2147483647 2147483647 2147483647 2147483647 2147483647 2147483647 2147483647 2147483647 2147483647 
Altitude
-62.2836799621582 -61.60725784301758 -60.74587631225586 -59.87921142578125 -59.2873420715332 -58.44709777832031 -57.41661071777344 -56.06376647949219 -54.23003005981445 -52.04751205444336 -49.87556076049805 -47.6507682800293 -45.547515869140625 -43.42841339111328 -41.325164794921875 -39.24833679199219 -37.129234313964844 -35.068260192871094 -32.78004837036133 -30.999156951904297 -28.79021644592285 -27.08330726623535 -25.059326171875 -23.209733963012695 -21.2650203704834 -19.283315658569336 -17.116649627685547 -15.034538269042969 -13.021125793457031 -11.039420127868652 -9.131698608398438 -6.949180603027344 -4.999182224273682 -2.864224910736084 -0.9670722484588623 1.196950078010559 3.176013231277466 5.244913578033447 7.1182861328125 9.195113182067871 11.179460525512695 13.380475044250488 15.348969459533691 17.528844833374023 19.367868423461914 21.275588989257812 23.336563110351562 25.519081115722656 27.648754119873047 29.593467712402344 31.820903778076172 33.630863189697266 35.578216552734375 37.32476043701172 39.45443344116211 41.1666259765625 42.892032623291016 44.22373962402344 45.28329086303711 46.08654022216797 46.84223175048828 47.47901916503906 48.031253814697266 48.63105010986328 48.998329162597656 49.661537170410156 49.6192626953125 50.303611755371094 50.4912109375 50.4093017578125 50.68938446044922 51.384300231933594 50.92982864379883 51.17820358276367 51.05665969848633 51.26275634765625 51.71458435058594 51.69873046875 52.02373123168945 52.06600570678711 51.90482711791992 51.13328552246094 48.961334228515625 46.8395881652832 44.70991516113281 44.271297454833984 42.818050384521484 41.78491973876953 39.631465911865234 38.74894714355469 36.423744201660156 36.15951919555664 34.52130889892578 33.35606384277344 32.24366760253906 30.542043685913086 27.220705032348633 27.66196632385254 25.513797760009766 25.741031646728516 21.629653930664062 20.725996017456055 18.50912857055664 18.387584686279297 17.047950744628906 15.280269622802734 13.541653633117676 12.186166763305664 10.653648376464844 10.175396919250488 9.395925521850586 8.664015769958496 7.744504928588867 4.5737762451171875 2.888005256652832 1.3449174165725708 -0.4650402069091797 -1.3264214992523193 -2.5682902336120605 -3.5617852210998535 -4.549995422363281 -4.343898296356201 -5.004467010498047 -5.3902387619018555 -6.0666608810424805 -6.198774337768555 -6.272758483886719 -6.980887413024902 -7.76300048828125 -7.567472457885742 -7.8158464431762695 -8.058935165405273 -8.196333885192871 -8.016658782958984 -7.768285274505615 -8.201618194580078 -8.016658782958984 -7.9373908042907715 -7.8158464431762695 -6.4260101318359375 -5.157718658447266 -3.223574161529541 -1.7756080627441406 -1.8125998973846436 -1.5430879592895508 0.08983731269836426 1.8390226364135742 4.158939361572266 5.588409423828125 8.362796783447266 10.569095611572266 12.233728408813477 14.461165428161621 16.540634155273438 18.78656768798828 20.46441078186035 22.385345458984375 24.48331069946289 26.48879623413086 28.65810203552246 30.261962890625 32.20403289794922 34.360130310058594 36.29691696166992 38.24163055419922 39.763580322265625 40.73593521118164 41.35951232910156 43.52089309692383 44.93186950683594 45.49203109741211 45.71926498413086 46.00463104248047 46.963775634765625 47.13816833496094 47.4420280456543 47.76438522338867 47.912353515625 48.3588981628418 49.28369140625 50.155643463134766 50.70787811279297 51.217838287353516 50.76601028442383 49.170074462890625 48.290199279785156 48.90584945678711 49.2546272277832 49.79893493652344 49.73552322387695 48.456661224365234 46.93471145629883 45.119468688964844 43.59751892089844 41.63431167602539 39.877197265625 38.88634490966797 36.47923278808594 35.26378631591797 34.61378860473633 33.37456130981445 31.429847717285156 30.05322265625 28.988386154174805 27.981679916381836 26.943267822265625 25.09367561340332 23.17274284362793 21.447338104248047 19.824981689453125 19.375795364379883 16.952829360961914 15.560351371765137 14.276206016540527 12.817670822143555 10.661575317382812 10.117266654968262 7.55690336227417 6.793286323547363 5.958327770233154 5.02296257019043 3.6463379859924316 2.272355556488037 1.3369905948638916 -0.8560967445373535 -2.267071008682251 -3.0491840839385986 -4.660971164703369 -5.094304084777832 -5.723165512084961 -6.7430830001831055 -7.514626979827881 -7.7735700607299805 -7.403651237487793 -7.673163414001465 -7.947959899902344 -8.175195693969727 -8.455276489257812 -8.708934783935547 -8.730072975158691 -8.46056079864502 -7.704870700836182 -7.572756767272949 -7.255683898925781 -6.721944808959961 -5.464222431182861 -2.8536558151245117 -0.7821130752563477 -0.5601620674133301 -0.20081281661987305 1.4083319902420044 2.4652414321899414 4.79044246673584 7.1024322509765625 9.026007652282715 11.43311882019043 13.354052543640137 15.407098770141602 17.119293212890625 19.04286766052246 21.415630340576172 23.267864227294922 25.262781143188477 26.964405059814453 29.175989151000977 31.36379051208496 33.09976577758789 34.97578048706055 36.95748519897461 39.208702087402344 40.45849609375 41.412357330322266 43.291015625 44.49060821533203 45.33613586425781 47.00605392456055 48.08409881591797 48.98775863647461 49.727596282958984 50.097511291503906 50.446292877197266 50.58369064331055 50.63125228881836 50.91661834716797 50.9906005859375 51.286537170410156 51.49263381958008 51.75950241088867 51.931251525878906 51.64324188232422 51.77535629272461 51.68552017211914 51.1702766418457 51.26803970336914 51.389583587646484 51.32881164550781 51.10157775878906 50.25605010986328 48.874141693115234 47.12759780883789 46.168453216552734 43.91459274291992 43.01622009277344 41.253822326660156 40.413578033447266 38.60362243652344 37.18207931518555 35.53329849243164 33.95586013793945 32.55809783935547 31.633302688598633 29.696516036987305 28.7637939453125 27.233917236328125 25.743675231933594 24.398757934570312 23.045913696289062 20.913597106933594 19.684940338134766 18.41400718688965 16.860349655151367 15.404457092285156 12.680272102355957 11.805679321289062 9.97986888885498 9.295519828796387 7.131497383117676 5.820929527282715 4.309548854827881 3.614630699157715 1.8892258405685425 1.2286573648452759 -0.33292651176452637 -2.430891990661621 -3.899996280670166 -5.062596797943115 -6.367879867553711 -8.032512664794922 -9.744706153869629 -10.764623641967773 -12.402833938598633 -13.940637588500977 -15.716245651245117 -17.222341537475586 -18.770713806152344 -20.3190860748291 -21.84632110595703 -23.098758697509766 -24.641845703125 -26.232494354248047 -27.802005767822266 -29.27639389038086 -30.703222274780273 -32.373138427734375 -33.75240707397461 -34.99956130981445 -36.79630661010742 -38.32353973388672 -39.85077667236328 -41.034515380859375 -42.77841567993164 -44.390201568603516 -45.875160217285156 -47.57149887084961 -48.78166198730469 -50.351173400878906 -51.69344711303711 -53.241817474365234 -54.89059829711914 -56.22758865356445 -57.61214065551758 -59.498722076416016 -60.79343795776367 -60.96254348754883 -61.839778900146484 -62.352378845214844 -62.463356018066406 -62.50034713745117 -62.80156707763672 -62.912540435791016 -63.0499382019043 -63.44628143310547 -63.63652420043945 -63.705223083496094 