LTE(1) or 5G(2)
2 2 2 2 2 2 2 2 2 2 2 2 2 2 2 2 2 2 2 2 2 2 2 2 2 2 2 2 2 2 2 2 2 2 2 2 2 2 2 2 2 2 2 2 2 1 1 2 2 2 2 2 2 2 2 2 2 2 2 2 2 2 2 2 2 2 2 2 2 2 2 2 2 2 2 2 2 2 2 2 2 2 2 2 2 2 2 2 2 2 2 2 2 2 2 2 2 2 2 2 2 2 2 2 2 2 2 2 2 2 2 2 2 2 2 2 2 2 2 2 2 2 2 2 2 2 2 2 2 2 2 2 2 2 2 2 2 2 2 1 1 2 2 2 2 2 2 2 2 1 1 1 2 2 1 1 2 2 2 2 2 2 2 2 2 1 1 1 1 2 2 2 2 2 2 2 2 2 2 2 2 2 2 2 2 2 2 2 2 2 2 2 2 2 2 2 2 2 2 2 2 2 1 1 1 1 1 1 2 2 2 2 2 2 2 2 2 2 2 2 2 2 2 1 1 1 1 1 1 2 2 2 2 2 2 2 2 2 2 2 2 2 2 2 2 2 2 2 2 2 2 2 2 2 2 2 2 2 2 2 2 2 2 2 2 2 2 2 2 2 2 2 2 2 2 2 2 2 2 2 2 2 2 2 2 2 2 2 2 2 2 2 2 2 2 2 2 2 2 2 2 2 2 2 2 2 2 2 2 2 2 2 2 2 2 2 2 2 2 2 2 2 2 2 2 2 2 2 2 2 2 2 2 2 2 2 2 2 2 2 2 2 2 2 2 2 2 2 2 2 
SNR of LTE
2 2 2 2 2 2 2 0 0 0 0 0 0 0 0 0 0 0 0 0 0 0 0 0 0 0 0 0 -1 -1 -1 -1 -1 -1 -1 -1 -1 -1 -3 -3 -3 -3 -3 -3 -3 -3 -3 -3 -3 -3 -3 -3 -3 -3 -3 -4 -4 -4 -4 -4 -4 -4 -4 -4 -4 -4 -4 -4 -4 -4 -4 -4 -4 -4 -4 -4 -4 -4 -4 -4 -4 -4 -4 -4 -4 -4 -4 -3 -3 -3 -3 -3 -3 -3 -3 -3 -4 -4 -4 -4 -4 -4 -3 -3 -3 -3 -3 -3 -3 -3 -3 -3 -3 -1 -1 -1 -1 -1 -1 0 0 0 0 1 1 1 1 0 0 0 0 0 0 0 0 0 0 0 0 -1 -1 -2 -2 -2 -2 -2 -2 -2 -2 -3 -4 -4 -4 -4 -4 -4 -4 -4 -4 -4 -4 -4 -4 -3 -3 -3 -3 -3 -3 -1 -1 -1 -1 -1 -1 -1 -1 -1 -1 0 0 -1 -1 -1 -1 -1 -1 -1 -1 -1 0 0 0 0 0 0 0 0 -1 -1 -1 -1 -2 -2 -4 -4 -4 -4 -4 -4 -4 -4 -4 -4 -4 -4 -4 -4 -5 -5 -5 -5 -5 -5 -5 -5 -5 -5 -5 -5 -5 -6 -6 -6 -6 -6 -6 -6 -6 -6 -6 -6 -6 -5 -4 -4 -4 -4 -4 -5 -5 -5 -5 -4 -4 -4 -4 -4 -4 -3 -3 -3 -3 -3 -3 -3 -3 -3 -3 -3 -3 -3 -3 -3 -3 -3 -4 -4 -4 -4 -4 -4 -4 -4 -4 -4 -4 -4 -4 -4 -4 -4 -4 -4 -4 -4 -4 -4 -4 -5 -5 -4 -4 -4 -4 -4 -4 -4 -4 -4 -4 -4 -4 -4 -4 -4 -4 -4 -4 -4 -4 -3 -3 -3 -3 -3 -3 -2 -2 -1 -1 -1 -1 -1 -1 -1 -1 -1 -1 -1 -1 -1 0 0 0 0 0 1 1 1 
SNR of 5G
8 8 8 8 8 8 8 5 5 5 5 5 5 5 5 5 5 5 5 5 5 5 5 5 5 5 5 5 2 2 2 1 1 0 0 -1 -3 -3 -2 -2 -2 -2 -2 -2 -2 0 0 4 4 4 4 4 4 4 4 5 5 5 5 5 5 5 5 5 5 5 5 5 5 5 4 4 4 5 5 5 5 0 0 -1 -1 0 0 0 0 0 0 0 0 -2 -2 5 5 5 5 5 7 7 7 7 7 7 7 7 7 6 6 6 6 6 6 6 6 7 7 7 7 7 7 0 0 0 0 -1 -1 -1 -1 -2 -2 -1 -1 -2 -2 -2 -2 -3 -3 -3 -3 0 0 -1 -1 -2 -2 -3 -3 -3 -3 0 0 0 -4 -4 0 0 0 0 0 0 -2 -2 -2 -2 -3 0 0 0 0 -5 -5 -1 -1 -1 -1 -1 -1 -1 -1 -2 -2 -3 -3 1 1 -1 -1 -1 -1 0 0 0 0 2 3 3 3 3 4 4 4 4 0 0 0 0 0 0 5 5 6 6 3 3 3 3 0 0 -3 -3 -3 -3 -3 0 0 0 0 0 0 -1 0 0 0 0 0 -1 -1 -1 -1 -1 -1 -1 -1 2 2 -1 -1 0 0 -1 -1 -1 -1 -1 -1 -1 -1 -2 -2 -1 -1 4 4 4 4 0 0 1 1 0 0 0 0 -1 -1 -2 -2 -3 -3 -4 -4 4 4 5 5 5 5 5 5 5 5 2 2 4 4 2 2 -1 -1 -2 -2 1 1 -1 -1 -4 -4 -4 -4 -4 -4 -3 -3 -3 -3 -8 -8 3 3 3 4 2 2 1 1 1 1 2 2 4 4 4 4 7 7 7 7 7 7 7 7 10 10 10 10 3 2 11 11 11 
RSSI
-51 -51 -51 -51 -51 -51 -51 -51 -51 -51 -51 -51 -51 -51 -51 -51 -51 -51 -51 -51 -51 -51 -51 -51 -51 -51 -51 -51 -51 -51 -51 -51 -51 -51 -51 -51 -51 -51 -51 -51 -51 -51 -51 -51 -51 -51 -51 -51 -51 -51 -51 -51 -51 -51 -51 -51 -51 -51 -51 -51 -51 -51 -51 -51 -51 -51 -51 -51 -51 -51 -51 -51 -51 -51 -51 -51 -51 -51 -51 -51 -51 -51 -51 -51 -51 -51 -51 -51 -51 -51 -51 -53 -53 -53 -53 -53 -51 -51 -51 -51 -51 -51 -51 -51 -51 -51 -51 -51 -51 -51 -51 -51 -51 -51 -51 -51 -51 -51 -51 -51 -51 -51 -51 -51 -51 -51 -51 -51 -51 -51 -51 -51 -51 -51 -51 -51 -51 -51 -51 -51 -51 -51 -51 -51 -51 -51 -51 -51 -51 -51 -51 -51 -51 -51 -51 -53 -51 -51 -51 -51 -51 -51 -51 -51 -51 -51 -51 -51 -51 -51 -51 -51 -51 -51 -51 -51 -51 -51 -51 -51 -51 -51 -51 -51 -51 -51 -51 -51 -51 -51 -51 -51 -51 -51 -51 -51 -51 -51 -51 -51 -51 -51 -51 -51 -51 -51 -51 -51 -51 -51 -51 -51 -51 -51 -51 -51 -51 -51 -51 -51 -51 -51 -51 -51 -51 -51 -51 -51 -51 -51 -51 -51 -51 -51 -51 -51 -51 -51 -51 -51 -51 -51 -51 -51 -51 -51 -51 -51 -51 -51 -51 -51 -51 -51 -51 -51 -51 -51 -51 -51 -51 -51 -51 -51 -51 -51 -51 -51 -51 -51 -51 -51 -51 -51 -51 -51 -51 -51 -51 -51 -51 -51 -51 -51 -51 -51 -51 -51 -51 -51 -51 -51 -51 -51 -51 -51 -51 -51 -51 -51 -51 -51 -51 -51 -51 -51 -51 -51 -51 -51 -51 -51 -51 -51 -51 -51 -51 -51 -51 -51 -51 -51 -51 -51 -51 -51 -51 -51 -51 -51 -51 -51 -51 -51 -51 -51 -51 -51 -51 -51 -51 -51 -51 -51 -51 -51 -51 -51 -51 -51 
RSRP
-79 -79 -79 -79 -79 -79 -79 -79 -79 -79 -79 -79 -79 -79 -79 -79 -79 -79 -79 -79 -79 -79 -79 -79 -79 -79 -79 -79 -77 -77 -77 -77 -77 -77 -77 -77 -77 -77 -77 -77 -77 -77 -77 -77 -77 -77 -77 -78 -78 -78 -78 -78 -78 -78 -78 -79 -79 -79 -79 -79 -79 -79 -79 -79 -79 -79 -79 -79 -79 -79 -79 -79 -79 -79 -79 -78 -78 -78 -78 -78 -78 -78 -78 -78 -78 -78 -78 -78 -78 -78 -78 -78 -78 -78 -78 -78 -78 -79 -79 -79 -79 -79 -78 -78 -78 -78 -78 -78 -78 -78 -78 -78 -78 -76 -76 -76 -76 -76 -76 -74 -74 -74 -74 -73 -73 -73 -73 -73 -73 -73 -73 -73 -73 -73 -73 -73 -73 -73 -73 -73 -73 -73 -73 -73 -73 -74 -74 -74 -74 -74 -75 -75 -75 -75 -75 -76 -76 -76 -76 -76 -77 -77 -77 -77 -77 -77 -77 -77 -76 -76 -76 -76 -76 -76 -76 -76 -76 -76 -76 -76 -76 -77 -77 -77 -77 -77 -77 -75 -75 -75 -74 -74 -74 -73 -73 -73 -73 -73 -73 -73 -73 -73 -74 -74 -75 -75 -75 -75 -76 -76 -77 -77 -77 -77 -77 -78 -78 -78 -79 -79 -79 -79 -79 -78 -78 -78 -78 -78 -79 -79 -79 -80 -80 -80 -80 -79 -79 -79 -79 -79 -79 -79 -79 -78 -78 -78 -78 -78 -78 -77 -77 -77 -77 -76 -76 -76 -76 -76 -76 -77 -77 -77 -77 -77 -77 -77 -77 -77 -77 -77 -77 -77 -77 -77 -77 -77 -78 -78 -78 -78 -78 -78 -78 -79 -79 -79 -79 -78 -78 -78 -78 -78 -78 -78 -78 -78 -78 -78 -78 -78 -78 -78 -78 -78 -78 -78 -78 -77 -77 -77 -77 -77 -77 -77 -77 -77 -77 -77 -77 -77 -77 -76 -76 -76 -76 -76 -76 -76 -76 -76 -76 -76 -76 -76 -76 -76 -76 -76 -74 -74 -74 -74 -74 -74 -74 -74 -74 -74 -75 -75 
CID
13792258 13792258 13792258 13792258 13792258 13792258 13792258 13792258 13792258 13792258 13792258 13792258 13792258 13792258 13792258 13792258 13792258 13792258 13792258 13792258 13792258 13792258 13792258 13792258 13792258 13792258 13792258 13792258 13792258 13792258 13792258 13792258 13792258 13792258 13792258 13792258 13792258 13792258 13792258 13792258 13792258 13792258 13792258 13792258 13792258 13769739 13769739 13769739 13769739 13769739 13769739 13769739 13769739 13769739 13769739 13769739 13769739 13769739 13769739 13769739 13769739 13769739 13769739 13769739 13769739 13769739 13769739 13769739 13769739 13769739 13769739 13769739 13769739 13769739 13769739 13769739 13769739 13769739 13792258 13792258 13792258 13792258 13792258 13792258 13792258 13792258 13792258 13792258 13792258 13792258 13792258 13769739 13769739 13769739 13769739 13769739 13769739 13769739 13769739 13769739 13769739 13769739 13769739 13769739 13769739 13769739 13769739 13769739 13769739 13769739 13769739 13769739 13769739 13769739 13769739 13769739 13769739 13769739 13769739 13769739 13769739 13769739 13769739 13769739 13769739 13769739 13769739 13769739 13769739 13769739 13769739 13769739 13769739 13769739 13769739 13769739 13769739 13769739 13769739 13769739 13769739 13769739 13769739 13769739 13769739 13769739 13769739 13769739 13769739 13769739 13769739 13769739 13769739 13754890 13754890 13754890 13754890 13754890 13754890 13754890 13754890 13754890 13754890 13754890 13754890 13754890 13754890 13754890 13754890 13754890 13754890 13754890 13754890 13754890 13754890 13754890 13792523 13792523 13792523 13792523 13792523 13792523 13769739 13769739 13769739 13769739 13769739 13769739 13769739 13769739 13769739 13769739 13769739 13769739 13769739 13769739 13769739 13769739 13792523 13792523 13792523 13792523 13792523 13792523 13792523 13792523 13792513 13792513 13792513 13792513 13792513 13792513 13792513 13792513 13792513 13792513 13792513 13792513 13792513 13792513 13792513 13792513 13792513 13792513 13792513 13792257 13792257 13792257 13792257 13792257 13792522 13792522 13792522 13754890 13754890 13754890 13754890 13754890 13754890 13754890 13754890 13754890 13754890 13754890 13769739 13769739 13792258 13792258 13792258 13792258 13792258 13792258 13792258 13792258 13792258 13792258 13792258 13792258 13792258 13792258 13792258 13792258 13792258 13792258 13792258 13792258 13792258 13792258 13792258 13792258 13792258 13792258 13792258 13792258 13792258 13792258 13792258 13792258 13792258 13792258 13792258 13792258 13792258 13792258 13792258 13792258 13792258 13792258 13792258 13792258 13792258 13792258 13792258 13792258 13792258 13769739 13769739 13792258 13792258 13792258 13792258 13792258 13792258 13792258 13792258 13792258 13792258 13792258 13792258 13792258 13792258 13792258 13792258 13792258 13792258 13792258 13792513 13792513 13792513 13792513 13792258 13792258 13792258 13792258 13792258 13792258 13792258 13792258 13792258 13792258 13792258 13792258 13792258 13792258 13792258 13792258 13792258 13792258 13792258 13792258 13792258 13792258 13792258 13792258 13792258 13792258 13792258 13792258 13792258 13792258 
RSRP of 5G
-84 -84 -84 -84 -84 -84 -84 -84 -84 -84 -84 -84 -84 -84 -84 -84 -84 -84 -84 -84 -84 -84 -84 -84 -84 -84 -84 -84 -86 -86 -86 -82 -82 -80 -80 -80 -80 -80 -81 -81 -81 -81 -87 -87 -87 -107 -107 -84 -84 -84 -84 -84 -84 -84 -84 -82 -82 -82 -82 -82 -82 -82 -82 -82 -82 -82 -82 -82 -82 -82 -82 -82 -82 -80 -80 -79 -79 -80 -80 -82 -82 -80 -80 -80 -80 -81 -81 -83 -83 -90 -80 -81 -81 -81 -81 -81 -81 -80 -80 -82 -82 -82 -82 -78 -78 -81 -81 -81 -81 -81 -81 -81 -81 -80 -80 -80 -80 -80 -80 -84 -84 -88 -88 -89 -89 -88 -88 -85 -85 -87 -87 -91 -91 -85 -85 -105 -105 -93 -93 -93 -93 -83 -83 -93 -93 -89 -89 -89 -89 -89 -89 -89 -89 -89 -89 -89 -88 -88 -81 -81 -105 -105 -86 -86 -89 -89 -89 -89 -89 -84 -84 -87 -87 -86 -86 -83 -83 -81 -81 -85 -85 -79 -79 -78 -78 -80 -80 -81 -81 -79 -79 -79 -79 -78 -78 -78 -78 -78 -79 -79 -79 -79 -79 -79 -79 -79 -79 -79 -77 -77 -78 -78 -81 -81 -81 -83 -81 -81 -85 -85 -85 -85 -85 -85 -85 -85 -85 -85 -85 -82 -86 -84 -84 -81 -81 -83 -83 -84 -84 -81 -81 -81 -81 -82 -80 -79 -79 -79 -79 -80 -80 -80 -80 -80 -80 -80 -80 -81 -81 -80 -80 -79 -79 -81 -81 -79 -79 -79 -79 -80 -80 -80 -80 -81 -81 -82 -82 -83 -83 -82 -82 -78 -78 -84 -84 -84 -84 -80 -80 -82 -82 -82 -82 -81 -81 -86 -86 -83 -83 -79 -79 -77 -77 -81 -81 -84 -84 -86 -86 -87 -87 -83 -83 -83 -83 -79 -79 -85 -85 -85 -85 -86 -86 -85 -85 -85 -85 -83 -83 -80 -80 -81 -81 -80 -80 -80 -80 -80 -78 -78 -78 -82 -82 -82 -82 -89 -80 -78 -78 -82 
CQI
2147483647 2147483647 2147483647 2147483647 2147483647 2147483647 2147483647 2147483647 2147483647 2147483647 2147483647 2147483647 2147483647 2147483647 2147483647 2147483647 2147483647 2147483647 2147483647 2147483647 2147483647 2147483647 2147483647 2147483647 2147483647 2147483647 2147483647 2147483647 2147483647 2147483647 2147483647 2147483647 2147483647 2147483647 2147483647 2147483647 2147483647 2147483647 2147483647 2147483647 2147483647 2147483647 2147483647 2147483647 2147483647 2147483647 2147483647 2147483647 2147483647 2147483647 2147483647 2147483647 2147483647 2147483647 2147483647 2147483647 2147483647 2147483647 2147483647 2147483647 2147483647 2147483647 2147483647 2147483647 2147483647 2147483647 2147483647 2147483647 2147483647 2147483647 2147483647 2147483647 2147483647 2147483647 2147483647 2147483647 2147483647 2147483647 2147483647 2147483647 2147483647 2147483647 2147483647 2147483647 2147483647 2147483647 2147483647 2147483647 2147483647 2147483647 2147483647 2147483647 2147483647 2147483647 2147483647 2147483647 2147483647 2147483647 2147483647 2147483647 2147483647 2147483647 2147483647 2147483647 2147483647 2147483647 2147483647 2147483647 2147483647 2147483647 2147483647 2147483647 2147483647 2147483647 2147483647 2147483647 2147483647 2147483647 2147483647 2147483647 2147483647 2147483647 2147483647 2147483647 2147483647 2147483647 2147483647 2147483647 2147483647 2147483647 2147483647 2147483647 2147483647 2147483647 2147483647 2147483647 2147483647 2147483647 2147483647 2147483647 2147483647 2147483647 2147483647 2147483647 2147483647 2147483647 2147483647 2147483647 2147483647 2147483647 2147483647 2147483647 2147483647 2147483647 2147483647 2147483647 2147483647 2147483647 2147483647 2147483647 2147483647 2147483647 2147483647 2147483647 2147483647 2147483647 2147483647 2147483647 2147483647 2147483647 2147483647 2147483647 2147483647 2147483647 2147483647 2147483647 2147483647 2147483647 2147483647 2147483647 2147483647 2147483647 2147483647 2147483647 2147483647 2147483647 2147483647 2147483647 2147483647 2147483647 2147483647 2147483647 2147483647 2147483647 2147483647 2147483647 2147483647 2147483647 2147483647 2147483647 2147483647 2147483647 2147483647 2147483647 2147483647 2147483647 2147483647 2147483647 2147483647 2147483647 2147483647 2147483647 2147483647 2147483647 2147483647 2147483647 2147483647 2147483647 2147483647 2147483647 2147483647 2147483647 2147483647 2147483647 2147483647 2147483647 2147483647 2147483647 2147483647 2147483647 2147483647 2147483647 2147483647 2147483647 2147483647 2147483647 2147483647 2147483647 2147483647 2147483647 2147483647 2147483647 2147483647 2147483647 2147483647 2147483647 2147483647 2147483647 2147483647 2147483647 2147483647 2147483647 2147483647 2147483647 2147483647 2147483647 2147483647 2147483647 2147483647 2147483647 2147483647 2147483647 2147483647 2147483647 2147483647 2147483647 2147483647 2147483647 2147483647 2147483647 2147483647 2147483647 2147483647 2147483647 2147483647 2147483647 2147483647 2147483647 2147483647 2147483647 2147483647 2147483647 2147483647 2147483647 2147483647 2147483647 2147483647 2147483647 2147483647 2147483647 2147483647 2147483647 2147483647 2147483647 2147483647 2147483647 2147483647 2147483647 2147483647 2147483647 2147483647 2147483647 2147483647 2147483647 2147483647 2147483647 2147483647 2147483647 2147483647 2147483647 2147483647 2147483647 2147483647 2147483647 2147483647 2147483647 2147483647 2147483647 2147483647 2147483647 2147483647 2147483647 2147483647 2147483647 2147483647 2147483647 2147483647 2147483647 2147483647 2147483647 2147483647 2147483647 2147483647 2147483647 2147483647 2147483647 2147483647 2147483647 2147483647 2147483647 2147483647 2147483647 2147483647 2147483647 2147483647 2147483647 2147483647 2147483647 2147483647 2147483647 
Altitude
-62.45806884765625 -61.73408889770508 -61.01010513305664 -60.328399658203125 -59.64140701293945 -58.774742126464844 -58.10888671875 -57.03612518310547 -55.725555419921875 -53.564178466796875 -51.61417770385742 -49.288978576660156 -47.43410110473633 -45.27272033691406 -43.40727615356445 -41.27760314941406 -39.491424560546875 -37.335330963134766 -35.210941314697266 -33.10240936279297 -31.104848861694336 -29.181272506713867 -27.08330726623535 -25.165016174316406 -23.17802619934082 -21.24916648864746 -19.056079864501953 -17.169496536254883 -14.971123695373535 -13.142670631408691 -11.081696510314941 -9.052430152893066 -7.1024322509765625 -5.205279350280762 -2.948777675628662 -1.0252022743225098 0.9882104396820068 3.1363792419433594 4.88556432723999 6.972960948944092 8.962593078613281 10.90994930267334 12.90750789642334 14.934131622314453 16.704456329345703 18.77335548400879 20.564817428588867 22.56766128540039 24.554651260375977 26.811153411865234 28.740013122558594 30.51297950744629 32.60037612915039 34.434112548828125 36.468666076660156 38.563987731933594 40.553619384765625 42.759918212890625 44.21845245361328 45.745689392089844 46.98491287231445 47.78288269042969 48.69974899291992 49.42108917236328 50.24812316894531 50.55462646484375 50.84791946411133 51.62738800048828 51.667022705078125 51.81763458251953 52.298526763916016 52.42007064819336 52.47820281982422 52.673728942871094 53.014583587646484 52.83755111694336 51.60889434814453 51.368446350097656 48.81865310668945 46.76032257080078 44.79711151123047 43.668861389160156 41.67658615112305 40.59589767456055 39.213985443115234 37.322120666503906 35.37476348876953 35.0180549621582 33.149967193603516 30.909320831298828 30.066434860229492 29.15749168395996 29.884117126464844 25.2310733795166 24.755464553833008 25.220504760742188 24.311561584472656 23.846521377563477 23.154245376586914 22.9349365234375 22.44347381591797 21.365427017211914 22.184532165527344 19.943883895874023 21.436767578125 22.411767959594727 21.375995635986328 22.00749969482422 22.210954666137695 22.314002990722656 22.660140991210938 22.438190460205078 22.271726608276367 22.385345458984375 22.668067932128906 21.724775314331055 22.020709991455078 21.912378311157227 21.32579231262207 20.533109664916992 20.379858016967773 20.44591522216797 21.90973472595215 23.16481590270996 24.2613582611084 26.790014266967773 27.157291412353516 28.415014266967773 29.68594741821289 31.487977981567383 33.10240936279297 35.723541259765625 37.293052673339844 38.92862319946289 40.21805191040039 41.407073974609375 43.19325256347656 44.67292404174805 44.12861633300781 43.816829681396484 44.593658447265625 45.69020080566406 45.45503616333008 45.94121551513672 46.30320739746094 47.54507827758789 47.79609298706055 47.81987380981445 48.12373352050781 48.06560516357422 46.85808563232422 47.05625534057617 49.598121643066406 50.08430099487305 49.288978576660156 48.81865310668945 49.011539459228516 48.662757873535156 48.91377258300781 49.06174087524414 49.85442352294922 49.804222106933594 49.89670181274414 49.582271575927734 49.75666046142578 49.34975051879883 50.36174011230469 49.719669342041016 49.85442352294922 49.016822814941406 47.79344940185547 45.954429626464844 44.617435455322266 42.670082092285156 39.79792785644531 40.03044891357422 38.76744079589844 36.968055725097656 35.440818786621094 33.54631042480469 32.994075775146484 31.807693481445312 30.029443740844727 28.557697296142578 26.853429794311523 25.910137176513672 24.266643524169922 23.434328079223633 23.722335815429688 22.689205169677734 20.609737396240234 21.06949234008789 21.452621459960938 21.169898986816406 20.57802963256836 19.928030014038086 19.534330368041992 20.453842163085938 21.09062957763672 20.842256546020508 21.206890106201172 20.636159896850586 20.263599395751953 20.25831413269043 20.456483840942383 20.533109664916992 20.739208221435547 20.65993881225586 20.22396469116211 20.551607131958008 20.200183868408203 20.12091636657715 21.204248428344727 21.793476104736328 22.049776077270508 22.61786460876465 23.880870819091797 26.142658233642578 27.809932708740234 28.20098876953125 29.641029357910156 31.08106803894043 32.82761001586914 34.571510314941406 36.90199661254883 38.60626220703125 40.70951461791992 41.82719421386719 42.823333740234375 43.732276916503906 44.95564651489258 45.666419982910156 46.453819274902344 46.37190628051758 46.8607292175293 46.99283981323242 47.589996337890625 47.825157165527344 48.27698516845703 48.247920989990234 48.42230987548828 48.69974899291992 49.06438446044922 49.62982940673828 50.1477165222168 50.87434005737305 51.02759552001953 50.91397476196289 51.1702766418457 51.466209411621094 51.60625076293945 51.6168212890625 51.571903228759766 51.69873046875 51.56133270263672 51.659095764160156 51.68552017211914 51.71458435058594 51.79649353027344 51.812347412109375 51.452999114990234 51.18084716796875 51.18613052368164 51.434505462646484 51.10422134399414 51.54812240600586 51.225765228271484 50.219058990478516 48.393245697021484 46.099754333496094 45.7588996887207 44.44304656982422 41.88532638549805 40.767642974853516 38.76215744018555 38.5587043762207 36.52151107788086 35.31663131713867 34.57679748535156 32.66379165649414 31.030864715576172 30.293670654296875 28.758508682250977 26.221925735473633 24.77396011352539 24.139814376831055 21.822540283203125 21.169898986816406 19.375795364379883 18.250185012817383 15.755879402160645 14.07275104522705 12.965638160705566 11.892874717712402 10.331291198730469 8.978446960449219 6.965034008026123 5.852636814117432 2.4573147296905518 3.3134114742279053 0.834958553314209 -0.597153902053833 -2.0821118354797363 -3.387395143508911 -5.020320415496826 -6.124791145324707 -7.984951972961426 -9.179259300231934 -10.310153007507324 -9.850397109985352 -11.921939849853516 -14.157303810119629 -16.091447830200195 -18.004453659057617 -18.173559188842773 -20.04429054260254 -21.82518196105957 -22.633718490600586 -25.0223331451416 -26.982900619506836 -27.469079971313477 -29.107288360595703 -29.329240798950195 -31.347938537597656 -32.22517395019531 -34.634925842285156 -35.147525787353516 -37.710533142089844 -39.94589614868164 -41.45199203491211 -41.5312614440918 -41.50483703613281 -43.93044662475586 -45.71133804321289 -48.27962875366211 -49.25727081298828 -51.28125 -52.42271423339844 -53.90238952636719 -55.2922248840332 -56.32799530029297 -57.61214065551758 -58.83815383911133 -60.52392578125 -62.00360107421875 -63.2824592590332 -63.488555908203125 -63.5942497253418 -63.837337493896484 -63.610103607177734 