LTE(1) or 5G(2)
2 2 2 2 2 2 2 2 2 2 2 2 2 2 2 2 2 2 2 2 2 2 2 2 2 2 2 2 2 2 2 2 2 2 2 2 2 2 2 2 2 2 2 2 2 2 2 2 2 2 2 2 2 2 2 1 1 2 2 2 2 2 2 2 2 2 2 2 2 2 2 2 2 2 2 2 2 2 2 2 2 2 2 2 2 2 2 2 2 2 2 2 2 2 2 2 2 2 2 2 2 2 2 2 2 2 2 1 1 2 2 2 2 2 2 2 2 2 2 2 2 2 2 2 2 2 2 2 2 2 2 2 2 2 2 2 2 2 2 2 2 2 2 2 2 2 2 2 2 2 2 2 2 2 2 2 2 2 2 2 2 2 2 2 2 2 2 2 2 2 2 2 2 2 2 2 2 2 2 2 2 2 2 2 2 2 2 2 2 2 2 2 2 2 2 2 2 2 2 2 2 2 1 1 2 2 2 2 2 2 2 2 2 2 2 2 2 2 2 2 2 2 2 2 2 2 2 2 2 2 2 2 2 2 2 2 2 2 2 2 2 2 2 2 2 2 2 2 2 2 2 2 2 2 2 2 2 2 2 2 2 2 2 2 2 2 2 2 2 2 2 2 2 2 2 2 
SNR of LTE
10 10 10 10 10 10 10 8 8 8 8 8 7 7 6 6 6 6 5 5 5 5 5 5 5 5 5 5 5 5 2 2 2 2 2 2 1 1 1 1 1 1 0 0 -1 -1 -1 -1 -1 -1 -1 -1 -1 -1 -1 -1 -1 -1 -1 -1 -2 -2 -2 -2 -2 -2 -2 -2 -2 -2 -2 -2 -2 -1 -1 -1 -1 -1 -1 -1 -1 -1 -1 -1 -1 -1 -1 -1 -1 -1 -1 -1 -1 -1 -1 0 0 0 0 -2 -2 -3 -3 -3 -3 -4 -4 -4 -5 -5 -5 -6 -6 -6 -6 -6 -6 -6 -6 -6 -6 -6 -6 -6 -6 -5 -5 -5 -5 -5 -5 -5 -5 -5 -5 -5 -5 -4 -4 -4 -4 -4 -4 -4 -4 -4 -4 -4 -4 -4 -4 -4 -4 -4 -4 -4 -4 -1 -1 0 0 0 0 0 0 0 0 0 0 0 0 0 0 0 0 0 0 0 0 0 0 -1 -1 -1 -1 -1 -1 -1 -1 -1 0 0 1 1 1 3 3 3 3 4 4 5 5 6 7 7 7 7 7 7 7 7 7 7 7 7 7 5 5 5 5 5 5 5 5 5 6 5 5 5 5 5 5 5 4 4 4 4 4 4 3 3 3 3 3 2 2 2 2 1 1 1 1 1 1 1 1 1 2 2 2 2 2 3 3 3 4 4 4 4 4 4 4 4 4 4 
SNR of 5G
4 4 4 4 2 2 8 8 8 8 8 8 6 6 3 3 1 1 0 0 2 2 5 5 5 5 5 5 5 5 3 3 2 2 3 3 3 3 3 3 3 3 4 4 2 2 2 2 0 0 4 4 4 4 2 0 0 3 3 4 4 4 4 4 4 3 3 3 3 3 3 3 3 7 7 8 8 8 8 8 8 7 7 7 7 7 7 7 7 7 7 7 7 7 7 0 0 0 0 0 0 0 0 0 0 0 0 0 0 -1 -1 -2 -2 -2 -2 -2 -2 -2 -2 -2 -2 -2 -4 -2 -2 -4 -6 3 3 2 2 0 0 -3 -3 0 0 3 3 6 6 6 6 6 6 6 7 6 6 1 1 2 2 1 1 1 1 2 2 1 1 0 0 0 0 -1 -1 -1 -1 -2 -2 -1 0 5 5 5 5 5 5 5 5 4 4 4 4 4 4 4 4 2 2 0 -1 0 0 -1 -5 -2 -2 -3 -3 -5 0 0 -3 -3 0 0 3 3 3 3 3 3 3 3 3 8 8 8 9 9 9 9 9 9 9 9 9 9 9 9 9 9 5 5 5 5 1 1 2 2 -2 -2 -3 -2 5 5 5 6 6 6 3 3 1 1 0 0 2 2 0 0 2 2 2 2 2 2 2 2 3 3 3 2 9 9 
RSSI
-51 -51 -51 -51 -51 -51 -51 -51 -51 -51 -51 -51 -51 -51 -51 -51 -51 -51 -51 -51 -51 -51 -51 -51 -51 -51 -51 -51 -51 -51 -51 -51 -51 -51 -51 -51 -51 -51 -51 -51 -51 -51 -51 -51 -51 -51 -51 -51 -51 -51 -51 -51 -51 -51 -51 -51 -51 -51 -51 -51 -51 -51 -51 -51 -51 -51 -51 -51 -51 -51 -51 -51 -51 -51 -51 -51 -51 -51 -51 -51 -51 -51 -51 -51 -51 -51 -51 -51 -51 -51 -51 -51 -51 -51 -51 -51 -51 -51 -51 -51 -51 -51 -51 -51 -51 -51 -51 -51 -51 -51 -51 -51 -51 -51 -51 -51 -51 -51 -51 -51 -51 -51 -51 -51 -51 -51 -51 -51 -51 -51 -51 -51 -51 -51 -51 -51 -51 -51 -51 -51 -51 -51 -51 -51 -51 -51 -51 -51 -51 -51 -51 -51 -51 -51 -51 -51 -51 -51 -51 -51 -51 -51 -51 -51 -51 -51 -51 -51 -51 -51 -51 -51 -51 -51 -51 -51 -51 -51 -51 -51 -51 -51 -51 -51 -51 -51 -51 -51 -51 -51 -51 -51 -51 -51 -51 -51 -51 -51 -51 -51 -51 -51 -51 -51 -51 -51 -51 -51 -51 -51 -51 -51 -51 -51 -51 -51 -51 -51 -51 -51 -51 -51 -51 -51 -51 -51 -51 -51 -51 -51 -51 -51 -51 -51 -51 -51 -51 -51 -51 -51 -51 -51 -51 -51 -51 -51 -51 -51 -51 -51 -51 -51 -51 -51 -51 -51 -51 -51 -51 -51 -51 -51 -51 -51 -51 -51 -51 -51 -51 -51 -51 -51 -51 -51 -51 -51 
RSRP
-69 -69 -69 -69 -69 -69 -69 -69 -69 -69 -69 -69 -69 -69 -69 -69 -69 -69 -69 -69 -69 -69 -69 -69 -69 -69 -69 -69 -69 -69 -69 -69 -69 -69 -69 -69 -70 -70 -70 -70 -70 -70 -71 -71 -72 -72 -72 -72 -72 -72 -73 -73 -73 -73 -73 -73 -73 -73 -73 -73 -74 -74 -74 -74 -74 -75 -75 -75 -75 -75 -75 -75 -75 -75 -75 -75 -75 -75 -75 -75 -75 -75 -75 -75 -74 -74 -74 -74 -74 -74 -74 -74 -74 -74 -74 -74 -74 -74 -74 -74 -74 -75 -75 -76 -76 -77 -77 -77 -78 -78 -78 -78 -78 -78 -81 -81 -81 -81 -81 -82 -82 -82 -82 -82 -82 -81 -80 -80 -79 -79 -79 -79 -79 -79 -79 -79 -79 -79 -79 -78 -78 -78 -78 -78 -78 -78 -77 -77 -77 -76 -76 -77 -77 -77 -77 -77 -77 -75 -75 -74 -74 -74 -74 -74 -74 -74 -74 -74 -74 -74 -74 -74 -74 -73 -73 -73 -73 -73 -73 -73 -73 -75 -75 -75 -75 -74 -74 -74 -74 -72 -71 -71 -69 -69 -69 -68 -68 -68 -68 -66 -66 -66 -66 -65 -63 -63 -63 -63 -63 -63 -63 -63 -63 -63 -63 -63 -63 -65 -65 -65 -65 -65 -65 -65 -65 -65 -65 -66 -66 -66 -66 -66 -66 -66 -67 -67 -67 -67 -67 -67 -67 -67 -67 -67 -67 -68 -68 -68 -68 -69 -69 -69 -70 -70 -70 -70 -70 -70 -69 -69 -69 -69 -69 -69 -69 -69 -68 -68 -68 -68 -68 -68 -68 -68 -68 -68 
CID
13678086 13678086 13678086 13678086 13678086 13678086 13678086 13678086 13678086 13678086 13678086 13678086 13678086 13678086 13678086 13678086 13678086 13678086 13678086 13678086 13678086 13678086 13678086 13678086 13678086 13678086 13678086 13678086 13678086 13678086 13678086 13678086 13678086 13678086 13678086 13678086 13678086 13678086 13678086 13678086 13678086 13678086 13678086 13678086 13678086 13678086 13678086 13678086 13678086 13678086 13678086 13678086 13678086 13678086 13678086 13678086 13678086 13678086 13678086 13678086 13769742 13769742 13769742 13769742 13769742 13769742 13769742 13769742 13769742 13769742 13769742 13769742 13769742 13769742 13769742 13769742 13769742 13769742 13769742 13769742 13769742 13769742 13769742 13769742 13769742 13769742 13769742 13769742 13769742 13769742 13769742 13769742 13769742 13769742 13769742 13769742 13769742 13769742 13769742 13769742 13769742 13769742 13769742 13769742 13769742 13769742 13769742 13769742 13769742 13769742 13754893 13754893 13754893 13754893 13754893 13754893 13754893 13754893 13754893 13754893 13754893 13754893 13754893 13754893 13754893 13769742 13769742 13769742 13769742 13769742 13769742 13769742 13769742 13769742 13769742 13792526 13792526 13792526 13792526 13754893 13754893 13754893 13754893 13754893 13754893 13754893 13754893 13678086 13678086 13769742 13769742 13769742 13769742 13769742 13769742 13769742 13769742 13769742 13769742 13769742 13769742 13769742 13769742 13769742 13769742 13769742 13769742 13769742 13769742 13769742 13769742 13769742 13792526 13792526 13792526 13678086 13678086 13678086 13678086 13678086 13678086 13678086 13678086 13678086 13678086 13678086 13678086 13678086 13678086 13678086 13678086 13678086 13678086 13678086 13678086 13678086 13678086 13678086 13678086 13678086 13678086 13678086 13678086 13678086 13678086 13678086 13678086 13678086 13678086 13678086 13678086 13678086 13678086 13678086 13678086 13678086 13678086 13678086 13678086 13678086 13678086 13678086 13678086 13678086 13678086 13678086 13678086 13678086 13678086 13678086 13678086 13678086 13678086 13678086 13678086 13678086 13678086 13678086 13678086 13678086 13678086 13678086 13678086 13678086 13678086 13678086 13678086 13678086 13678086 13678086 13678086 13678086 13678086 13678086 13678086 13678086 13678086 13678086 13678086 13678086 13678086 13678086 13678086 13678086 13678086 13678086 13678086 13678086 13678086 13678086 13678086 13678086 13678086 13678086 13678086 13678086 
RSRP of 5G
-80 -80 -80 -80 -74 -74 -77 -77 -77 -77 -77 -77 -81 -81 -87 -87 -88 -88 -85 -85 -84 -84 -83 -83 -83 -83 -83 -83 -83 -83 -82 -82 -87 -87 -88 -88 -83 -83 -83 -83 -83 -83 -85 -85 -90 -90 -84 -84 -84 -84 -89 -89 -89 -89 -83 -83 -83 -88 -88 -86 -86 -86 -86 -86 -86 -84 -84 -84 -84 -84 -84 -84 -84 -80 -80 -82 -82 -80 -80 -80 -80 -81 -81 -81 -84 -84 -84 -84 -84 -84 -84 -84 -84 -84 -84 -84 -84 -84 -84 -86 -86 -87 -87 -88 -88 -96 -96 -96 -96 -105 -112 -92 -92 -86 -86 -82 -82 -85 -85 -91 -91 -91 -80 -82 -82 -101 -82 -82 -82 -83 -83 -84 -84 -77 -77 -83 -83 -81 -81 -77 -77 -77 -77 -77 -77 -77 -76 -83 -83 -78 -78 -78 -78 -78 -78 -78 -78 -79 -79 -80 -80 -80 -80 -80 -80 -80 -80 -80 -80 -80 -80 -79 -78 -77 -77 -77 -77 -77 -77 -77 -77 -78 -78 -78 -78 -77 -77 -77 -77 -83 -83 -97 -80 -80 -80 -86 -83 -110 -110 -116 -116 -127 -127 -127 -81 -81 -80 -80 -79 -79 -79 -79 -79 -79 -79 -79 -79 -77 -77 -77 -69 -69 -69 -69 -69 -69 -71 -71 -71 -71 -71 -71 -71 -71 -75 -75 -75 -75 -85 -85 -81 -81 -80 -80 -87 -81 -86 -86 -86 -83 -83 -83 -89 -89 -88 -88 -90 -82 -81 -81 -82 -82 -80 -80 -80 -80 -81 -81 -85 -85 -80 -80 -80 -74 -77 -77 
CQI
2147483647 2147483647 2147483647 2147483647 2147483647 2147483647 2147483647 2147483647 2147483647 2147483647 2147483647 2147483647 2147483647 2147483647 2147483647 2147483647 2147483647 2147483647 2147483647 2147483647 2147483647 2147483647 2147483647 2147483647 2147483647 2147483647 2147483647 2147483647 2147483647 2147483647 2147483647 2147483647 2147483647 2147483647 2147483647 2147483647 2147483647 2147483647 2147483647 2147483647 2147483647 2147483647 2147483647 2147483647 2147483647 2147483647 2147483647 2147483647 2147483647 2147483647 2147483647 2147483647 2147483647 2147483647 2147483647 2147483647 2147483647 2147483647 2147483647 2147483647 2147483647 2147483647 2147483647 2147483647 2147483647 2147483647 2147483647 2147483647 2147483647 2147483647 2147483647 2147483647 2147483647 2147483647 2147483647 2147483647 2147483647 2147483647 2147483647 2147483647 2147483647 2147483647 2147483647 2147483647 2147483647 2147483647 2147483647 2147483647 2147483647 2147483647 2147483647 2147483647 2147483647 2147483647 2147483647 2147483647 2147483647 2147483647 2147483647 2147483647 2147483647 2147483647 2147483647 2147483647 2147483647 2147483647 2147483647 2147483647 2147483647 2147483647 2147483647 2147483647 2147483647 2147483647 2147483647 2147483647 2147483647 2147483647 2147483647 2147483647 2147483647 2147483647 2147483647 2147483647 2147483647 2147483647 2147483647 2147483647 2147483647 2147483647 2147483647 2147483647 2147483647 2147483647 2147483647 2147483647 2147483647 2147483647 2147483647 2147483647 2147483647 2147483647 2147483647 2147483647 2147483647 2147483647 2147483647 2147483647 2147483647 2147483647 2147483647 2147483647 2147483647 2147483647 2147483647 2147483647 2147483647 2147483647 2147483647 2147483647 2147483647 2147483647 2147483647 2147483647 2147483647 2147483647 2147483647 2147483647 2147483647 2147483647 2147483647 2147483647 2147483647 2147483647 2147483647 2147483647 2147483647 2147483647 2147483647 2147483647 2147483647 2147483647 2147483647 2147483647 2147483647 2147483647 2147483647 2147483647 2147483647 2147483647 2147483647 2147483647 2147483647 2147483647 2147483647 2147483647 2147483647 2147483647 2147483647 2147483647 2147483647 2147483647 2147483647 2147483647 2147483647 2147483647 2147483647 2147483647 2147483647 2147483647 2147483647 2147483647 2147483647 2147483647 2147483647 2147483647 2147483647 2147483647 2147483647 2147483647 2147483647 2147483647 2147483647 2147483647 2147483647 2147483647 2147483647 2147483647 2147483647 2147483647 2147483647 2147483647 2147483647 2147483647 2147483647 2147483647 2147483647 2147483647 2147483647 2147483647 2147483647 2147483647 2147483647 2147483647 2147483647 2147483647 2147483647 2147483647 2147483647 2147483647 2147483647 2147483647 2147483647 2147483647 2147483647 2147483647 2147483647 2147483647 2147483647 2147483647 2147483647 2147483647 2147483647 2147483647 2147483647 2147483647 2147483647 2147483647 2147483647 2147483647 2147483647 2147483647 2147483647 2147483647 2147483647 2147483647 
Altitude
-128.26654052734375 -127.57427215576172 -126.31126403808594 -124.20272827148438 -122.21573638916016 -120.0702133178711 -117.92996978759766 -115.67346954345703 -113.54379272460938 -111.54094696044922 -109.54338836669922 -107.4982681274414 -105.57469940185547 -103.40274810791016 -101.39461517333984 -99.32307434082031 -97.48933410644531 -95.35437774658203 -93.10844421386719 -91.12673950195312 -89.07105255126953 -86.9783706665039 -85.37187194824219 -83.91861724853516 -82.55520629882812 -81.5300064086914 -80.55236053466797 -79.79138946533203 -79.2999267578125 -78.67106628417969 -78.35398864746094 -78.01577758789062 -77.53488159179688 -77.3974838256836 -77.05399322509766 -76.7369155883789 -76.37228393554688 -76.29830169677734 -76.14505004882812 -76.2348861694336 -75.75927734375 -76.81090545654297 -75.94952392578125 -75.3629379272461 -76.012939453125 -76.65765380859375 -77.0698471069336 -75.75399017333984 -76.58366394042969 -76.55724334716797 -76.26130676269531 -75.75399017333984 -74.55968475341797 -72.48285675048828 -70.51700592041016 -70.43244934082031 -69.25928497314453 -67.36212921142578 -65.2958755493164 -63.44099807739258 -61.2320556640625 -59.45644760131836 -57.70197677612305 -56.211734771728516 -54.89588165283203 -54.11905288696289 -53.03043746948242 -52.12149429321289 -51.529624938964844 -51.06986999511719 -50.441009521484375 -50.27718734741211 -49.78044128417969 -49.664180755615234 -49.27312469482422 -49.27312469482422 -48.9401969909668 -49.05645751953125 -48.71296310424805 -48.50686264038086 -47.56092834472656 -47.317840576171875 -47.28084945678711 -47.00605392456055 -47.13816833496094 -47.101173400878906 -47.08531951904297 -47.04304504394531 -47.095890045166016 -46.9954833984375 -47.122314453125 -47.090606689453125 -47.095890045166016 -46.953208923339844 -46.84223175048828 -46.17109298706055 -46.72597122192383 -48.7552375793457 -50.83206558227539 -51.730438232421875 -54.441410064697266 -55.70970153808594 -57.1629524230957 -58.499942779541016 -59.19221878051758 -60.19099807739258 -61.401161193847656 -62.399940490722656 -65.32758331298828 -66.84424591064453 -67.80075073242188 -69.24871826171875 -70.77066040039062 -71.4523696899414 -72.71009063720703 -74.9454574584961 -75.83325958251953 -77.01699829101562 -76.98529052734375 -77.61415100097656 -77.99464416503906 -78.4649658203125 -78.50724029541016 -78.89301300048828 -79.54301452636719 -79.92350006103516 -80.41496276855469 -80.2300033569336 -80.03976440429688 -78.37512969970703 -78.62350463867188 -78.66577911376953 -79.51659393310547 -79.90764617919922 -79.69097900390625 -79.9393539428711 -79.83366394042969 -80.03976440429688 -80.21943664550781 -79.9869155883789 -80.15602111816406 -80.41496276855469 -80.36212158203125 -79.66455841064453 -79.24707794189453 -78.43325805664062 -78.01577758789062 -75.0722885131836 -74.51212310791016 -73.56619262695312 -73.76171875 -72.37187957763672 -70.84992980957031 -69.43895721435547 -66.97107696533203 -64.9946517944336 -62.89668655395508 -60.78815460205078 -59.688968658447266 -58.293846130371094 -57.08368682861328 -56.33327865600586 -55.762550354003906 -54.90645217895508 -54.140193939208984 -53.78084182739258 -53.53775405883789 -53.03572082519531 -53.00401306152344 -52.660518646240234 -52.348731994628906 -52.61824417114258 -53.8759651184082 -53.817832946777344 -52.12149429321289 -50.91133499145508 -49.63775634765625 -50.377593994140625 -50.176780700683594 -49.954830169677734 -49.61661911010742 -49.68531799316406 -49.59019470214844 -49.532066345214844 -49.58491134643555 -49.38938522338867 -49.669464111328125 -49.83328628540039 -48.311336517333984 -48.08409881591797 -47.19629669189453 -49.00889587402344 -51.27068328857422 -52.803199768066406 -55.493038177490234 -57.421897888183594 -58.499942779541016 -60.03774642944336 -61.18449401855469 -62.53733825683594 -64.2495346069336 -65.43855285644531 -67.00806427001953 -68.6991195678711 -70.08895874023438 -72.01781463623047 -73.65074157714844 -75.35765075683594 -75.00358581542969 -76.64179992675781 -77.25480651855469 -77.593017578125 -78.03163146972656 -77.91008758544922 -78.74504852294922 -79.2999267578125 -79.37390899658203 -79.66984558105469 -80.39382934570312 -79.72797393798828 -79.2312240600586 -79.1942367553711 -78.91415405273438 -78.72919464111328 -79.10968017578125 -78.99870300292969 -79.17838287353516 -79.36334228515625 -79.61170959472656 -79.24707794189453 -78.24829864501953 -78.17960357666016 -78.10033416748047 -77.95764923095703 -78.05805206298828 -77.95236206054688 -78.20602416992188 -78.03163146972656 -77.75154876708984 -77.95764923095703 -78.30642700195312 -78.33285522460938 -78.88772583007812 -80.27227783203125 -81.97390747070312 -83.2369155883789 -84.88040924072266 -86.39178466796875 -87.59137725830078 -88.56902313232422 -90.22308349609375 -91.38040161132812 -93.16129302978516 -95.13243103027344 -96.72836303710938 -98.36128997802734 -100.30599975585938 -102.38282775878906 -102.7950210571289 -105.41087341308594 -106.62103271484375 -108.89339447021484 -110.46290588378906 -112.03240966796875 -113.62834930419922 -115.23484802246094 -115.9482650756836 -117.66574096679688 -119.43606567382812 -120.12834167480469 -121.09541320800781 -122.74419403076172 -123.96492004394531 -126.37467956542969 -128.52548217773438 -129.03280639648438 