LTE(1) or 5G(2)
2 2 2 2 2 2 2 2 2 2 2 2 2 2 2 2 2 2 2 2 2 2 2 2 2 2 2 2 1 1 1 1 1 1 1 1 1 1 1 1 1 1 1 1 1 1 1 1 1 1 1 1 1 1 1 1 1 1 1 1 1 1 1 1 1 2 2 2 2 2 2 2 2 2 2 2 2 2 2 2 2 2 2 2 1 1 1 1 1 1 1 1 1 1 1 1 1 1 1 1 1 1 1 1 1 1 1 1 1 1 1 1 1 1 1 1 1 1 1 1 1 1 1 1 1 1 1 1 1 1 1 1 1 1 1 1 1 1 1 1 1 1 1 1 1 1 1 1 2 2 2 2 2 2 2 2 2 2 2 2 2 2 2 2 2 2 2 2 2 2 2 2 2 2 2 2 2 1 1 1 1 1 1 1 1 1 1 1 1 1 1 1 1 1 1 1 1 1 1 1 1 1 1 1 1 1 1 1 1 1 1 1 1 1 1 1 1 1 1 1 1 1 1 1 1 1 1 1 1 1 1 1 1 1 2 2 2 2 2 2 2 2 2 2 2 2 2 2 2 2 2 2 2 2 2 2 2 2 2 2 2 2 2 2 2 2 2 2 2 2 2 2 2 2 2 1 1 1 1 1 1 1 1 1 1 1 1 1 1 1 1 1 1 1 1 1 1 1 1 1 1 1 1 1 1 1 1 1 1 1 1 1 1 1 2 2 2 2 2 2 2 2 2 2 
SNR of LTE
1 1 1 1 1 1 1 2 2 2 2 3 3 3 3 3 3 5 5 5 5 5 5 4 4 4 4 4 4 4 4 4 4 4 4 2 2 2 2 2 2 2 2 2 2 2 2 0 0 0 0 0 0 0 0 0 0 0 0 0 0 0 0 0 -1 -1 -1 -1 -1 -1 -1 -1 -1 -1 -1 -1 -1 -1 -1 -1 -1 -1 -1 -1 -1 -1 -1 -1 -1 -1 -1 -1 -1 -1 -1 -1 -1 -1 -1 -1 -1 0 0 0 0 0 -1 -1 -1 -1 -1 -1 -1 -1 -2 -2 -2 -2 -2 -2 -2 -2 -2 -2 -2 -2 -2 -2 -2 -2 -2 -2 -2 -2 -2 -2 -2 0 0 0 0 0 0 0 0 0 0 0 0 0 1 1 1 1 1 1 1 1 1 1 0 0 0 0 0 0 0 0 0 0 0 0 0 0 -1 -1 -1 -1 -1 -1 -1 -1 -2 -2 -3 -3 -4 -4 -4 -4 -4 -4 -4 -4 -4 -4 -4 -4 -4 -4 -4 -4 -4 -4 -4 -4 -4 -4 -4 -4 -4 -4 -4 -4 -5 -5 -5 -5 -5 -5 -4 -4 -4 -4 -4 -4 -4 -4 -4 -4 -4 -4 -4 -4 -4 -4 -4 -4 -3 -3 -3 -3 -3 -3 -3 -3 -3 -3 -3 -3 -3 -3 -3 -3 -2 -2 -2 -2 -2 -2 -2 -2 -2 -1 -1 -1 -1 -1 -1 0 0 0 0 0 0 0 0 0 0 0 0 0 0 0 0 0 0 0 0 0 0 0 0 0 0 0 0 0 0 0 0 0 0 0 0 0 0 0 0 0 3 3 3 3 3 3 3 3 3 3 3 3 3 3 
SNR of 5G
13 11 11 7 7 7 7 3 3 3 3 1 1 3 3 3 3 3 3 4 4 3 3 1 1 1 1 1 0 0 0 0 0 0 0 0 0 0 0 0 0 0 0 0 0 0 0 0 0 0 0 0 0 0 0 0 0 0 0 0 0 0 0 0 0 7 7 2 2 6 6 6 6 5 5 5 5 3 3 1 1 2 2 3 0 0 0 0 0 0 0 0 0 0 0 0 0 0 0 0 0 0 0 0 0 0 0 0 0 0 0 0 0 0 0 0 0 0 0 0 0 0 0 0 0 0 0 0 0 0 0 0 0 0 0 0 0 0 0 0 0 0 0 0 0 0 0 0 -1 -1 -1 -1 -2 -2 -3 -3 2 2 1 1 0 0 2 2 -1 -1 2 2 0 0 0 0 0 0 -1 -1 -1 0 0 0 0 0 0 0 0 0 0 0 0 0 0 0 0 0 0 0 0 0 0 0 0 0 0 0 0 0 0 0 0 0 0 0 0 0 0 0 0 0 0 0 0 0 0 0 0 0 0 0 0 0 0 0 0 0 7 7 7 7 5 5 5 5 5 5 5 5 3 3 3 3 3 3 3 0 0 0 0 -1 -1 -1 -1 -2 -2 -2 -2 -2 -2 -1 -1 -2 -2 0 0 0 0 0 0 0 0 0 0 0 0 0 0 0 0 0 0 0 0 0 0 0 0 0 0 0 0 0 0 0 0 0 0 0 0 0 0 0 0 0 0 0 6 6 12 12 12 12 12 12 12 12 
RSSI
-51 -51 -51 -51 -51 -51 -51 -51 -51 -51 -51 -51 -51 -51 -51 -51 -51 -51 -51 -51 -51 -51 -51 -51 -51 -51 -51 -51 -51 -51 -51 -51 -51 -51 -51 -51 -51 -51 -51 -51 -51 -51 -51 -51 -51 -51 -51 -51 -51 -51 -51 -51 -51 -51 -51 -51 -51 -51 -51 -51 -51 -51 -51 -51 -51 -51 -51 -51 -51 -51 -51 -51 -51 -51 -51 -51 -51 -51 -51 -51 -51 -51 -51 -51 -51 -51 -51 -51 -51 -51 -51 -51 -51 -51 -51 -51 -51 -51 -51 -51 -51 -51 -51 -51 -51 -51 -51 -51 -51 -51 -51 -51 -51 -51 -51 -51 -51 -51 -51 -51 -51 -51 -51 -51 -51 -51 -51 -51 -51 -51 -51 -51 -51 -51 -51 -51 -51 -51 -51 -51 -51 -51 -51 -51 -51 -51 -51 -51 -51 -51 -51 -51 -51 -51 -51 -51 -51 -51 -51 -51 -51 -51 -51 -51 -51 -51 -51 -51 -51 -51 -51 -51 -51 -51 -51 -51 -51 -51 -51 -51 -51 -51 -51 -51 -51 -51 -51 -51 -51 -51 -51 -51 -51 -51 -51 -51 -51 -51 -51 -51 -51 -51 -51 -51 -51 -51 -51 -51 -51 -51 -51 -51 -51 -51 -51 -51 -51 -51 -51 -51 -51 -51 -51 -51 -51 -51 -51 -51 -51 -51 -51 -51 -51 -51 -51 -51 -51 -51 -51 -51 -51 -51 -51 -51 -51 -51 -51 -51 -51 -51 -51 -51 -51 -51 -51 -51 -51 -51 -51 -51 -51 -51 -51 -51 -51 -51 -51 -51 -51 -51 -51 -51 -51 -51 -51 -51 -51 -51 -51 -51 -51 -51 -51 -51 -51 -51 -51 -51 -51 -51 -51 -51 -51 -51 -51 -51 -51 -51 -51 -51 -51 -51 -51 -51 -51 -51 -51 -51 -51 -51 -51 -51 -51 -51 -51 -51 -51 -51 -51 -51 -51 -51 -51 -51 
RSRP
-84 -84 -84 -84 -84 -84 -84 -82 -82 -81 -81 -79 -79 -77 -77 -77 -77 -74 -74 -74 -74 -74 -74 -72 -72 -72 -72 -71 -71 -71 -71 -71 -71 -71 -71 -72 -72 -72 -72 -72 -72 -72 -72 -72 -72 -72 -72 -74 -75 -75 -75 -75 -75 -75 -75 -75 -75 -75 -75 -75 -75 -75 -75 -75 -75 -76 -76 -76 -76 -76 -76 -76 -76 -76 -76 -76 -76 -77 -77 -77 -77 -77 -77 -76 -76 -76 -76 -76 -76 -76 -76 -76 -76 -76 -76 -76 -76 -76 -76 -76 -76 -74 -74 -74 -74 -74 -75 -75 -75 -75 -75 -75 -75 -75 -77 -77 -77 -77 -77 -77 -77 -77 -77 -77 -77 -77 -77 -77 -77 -77 -77 -77 -77 -77 -77 -77 -77 -76 -76 -76 -76 -76 -76 -76 -76 -76 -76 -75 -75 -75 -75 -75 -75 -75 -75 -75 -75 -75 -75 -75 -75 -75 -75 -75 -75 -75 -76 -76 -76 -76 -77 -77 -77 -77 -79 -79 -79 -79 -79 -79 -79 -79 -80 -80 -81 -81 -81 -81 -81 -81 -81 -81 -81 -81 -81 -81 -81 -81 -81 -81 -81 -81 -81 -81 -81 -81 -81 -81 -81 -81 -81 -81 -81 -82 -82 -82 -82 -82 -82 -82 -82 -82 -82 -82 -82 -82 -81 -81 -81 -81 -81 -81 -81 -81 -81 -81 -81 -81 -80 -80 -80 -80 -80 -80 -80 -80 -80 -80 -80 -80 -80 -80 -79 -79 -79 -79 -79 -78 -78 -78 -78 -78 -78 -77 -77 -77 -77 -77 -77 -76 -76 -76 -76 -76 -76 -75 -74 -74 -74 -74 -74 -74 -74 -74 -74 -74 -74 -74 -74 -74 -74 -74 -74 -74 -74 -74 -74 -74 -74 -74 -74 -74 -74 -74 -74 -74 -74 -74 -74 -74 -72 -72 -72 -72 -72 -72 -72 -72 -73 -73 -73 -73 -73 -73 
CID
13754896 13754896 13754896 13754896 13754896 13754896 13754896 13769745 13769745 13769745 13769745 13769745 13769745 13769745 13769745 13769745 13769745 13769745 13769745 13769745 13769745 13769745 13769745 13769745 13769745 13769745 13769745 13769745 13769745 13769745 13769745 13769745 13769745 13769745 13769745 13769745 13769745 13769745 13769745 13769745 13769745 13769745 13769745 13769745 13769745 13769745 13769745 13769745 13769745 13769745 13769745 13769745 13769745 13769745 13769745 13769745 13769745 13769745 13769745 13769745 13769745 13769745 13769745 13769745 13769745 13769745 13769745 13769745 13769745 13769745 13769745 13769745 13769745 13769745 13769745 13769745 13769745 13769745 13769745 13769745 13769745 13769745 13769745 13769745 13769745 13769745 13769745 13769745 13769745 13769745 13769745 13769745 13769745 13769745 13769745 13769745 13769745 13769745 13769745 13769745 13769745 13769745 13769745 13769745 13769745 13769745 13769745 13769745 13769745 13769745 13769745 13769745 13769745 13769745 13754896 13754896 13754896 13754896 13754896 13754896 13754896 13754896 13754896 13754896 13754896 13754896 13754896 13754896 13754896 13754896 13754896 13754896 13754896 13754896 13754896 13754896 13754896 13754896 13754896 13754896 13754896 13754896 13754896 13754896 13754896 13754896 13754896 13754896 13754896 13754896 13754896 13754896 13754896 13754896 13754896 13754896 13754896 13754896 13769745 13769745 13769745 13769745 13769745 13769745 13769745 13769745 13769745 13769745 13769745 13769745 13769745 13769745 13769745 13769745 13769745 13769745 13769745 13769745 13769745 13769745 13769745 13769745 13769745 13769745 13769745 13769745 13769745 13769745 13769745 13769745 13769745 13769745 13769745 13769745 13769745 13769745 13769745 13769745 13769745 13769745 13769745 13769745 13769745 13769745 13769745 13769745 13769745 13769745 13769745 13769745 13769745 13769745 13769745 13769745 13769745 13769745 13769745 13769745 13769745 13769745 13769745 13769745 13769745 13769745 13769745 13769745 13769745 13769745 13769745 13769745 13769745 13769745 13769745 13769745 13769745 13769745 13769745 13769745 13792279 13792279 13792279 13792279 13792279 13792279 13792279 13792279 13792279 13792279 13792279 13792279 13792279 13792279 13792279 13792279 13769745 13769745 13769745 13769745 13769745 13769745 13769745 13769745 13769745 13769745 13769745 13769745 13769745 13769745 13769745 13769745 13769745 13769745 13769745 13769745 13769745 13769745 13769745 13769745 13769745 13769745 13769745 13769745 13769745 13769745 13769745 13769745 13769745 13769745 13769745 13769745 13769745 13769745 13769745 13769745 13769745 13769745 13769745 13769745 13769745 13769745 13769745 13769745 13769745 13769745 13769745 13769745 13769745 13769745 13769745 13769745 13769745 13769745 13769745 13769745 13769745 13769745 13754896 13754896 13754896 13754896 13754896 13754896 13754896 13754896 
RSRP of 5G
-82 -80 -80 -81 -81 -81 -81 -82 -82 -80 -80 -81 -81 -79 -79 -79 -79 -80 -80 -81 -81 -85 -85 -83 -83 -83 -83 -80 -80 -80 -80 -80 -80 -80 -80 -80 -80 -80 -80 -80 -80 -80 -80 -80 -80 -80 -80 -80 -80 -80 -80 -80 -80 -80 -80 -80 -80 -80 -80 -80 -80 -80 -80 -80 -80 -82 -82 -81 -81 -76 -76 -76 -76 -83 -83 -83 -83 -79 -79 -83 -83 -85 -85 -82 -82 -82 -82 -82 -82 -82 -82 -82 -82 -82 -82 -82 -82 -82 -82 -82 -82 -82 -82 -82 -82 -82 -82 -82 -82 -82 -82 -82 -82 -82 -82 -82 -82 -82 -82 -82 -82 -82 -82 -82 -82 -82 -82 -82 -82 -82 -82 -82 -82 -82 -82 -82 -82 -82 -82 -82 -82 -82 -82 -82 -82 -82 -82 -82 -88 -88 -83 -83 -87 -87 -79 -79 -84 -84 -85 -85 -83 -83 -83 -83 -81 -81 -79 -79 -82 -82 -89 -89 -80 -80 -82 -82 -82 -82 -82 -82 -82 -82 -82 -82 -82 -82 -82 -82 -82 -82 -82 -82 -82 -82 -82 -82 -82 -82 -82 -82 -82 -82 -82 -82 -82 -82 -82 -82 -82 -82 -82 -82 -82 -82 -82 -82 -82 -82 -82 -82 -82 -82 -82 -82 -82 -82 -82 -82 -82 -82 -82 -82 -82 -82 -75 -75 -75 -75 -81 -81 -78 -78 -78 -78 -78 -78 -81 -81 -81 -81 -81 -81 -88 -80 -80 -88 -88 -83 -83 -83 -83 -85 -85 -84 -84 -84 -84 -83 -83 -84 -84 -80 -80 -84 -84 -84 -84 -84 -84 -84 -84 -84 -84 -84 -84 -84 -84 -84 -84 -84 -84 -84 -84 -84 -84 -84 -84 -84 -84 -84 -84 -84 -84 -84 -84 -84 -84 -84 -84 -84 -84 -84 -84 -84 -80 -80 -81 -81 -77 -77 -77 -77 -77 -77 
CQI
2147483647 2147483647 2147483647 2147483647 2147483647 2147483647 2147483647 2147483647 2147483647 2147483647 2147483647 2147483647 2147483647 2147483647 2147483647 2147483647 2147483647 2147483647 2147483647 2147483647 2147483647 2147483647 2147483647 2147483647 2147483647 2147483647 2147483647 2147483647 2147483647 2147483647 2147483647 2147483647 2147483647 2147483647 2147483647 2147483647 2147483647 2147483647 2147483647 2147483647 2147483647 2147483647 2147483647 2147483647 2147483647 2147483647 2147483647 2147483647 2147483647 2147483647 2147483647 2147483647 2147483647 2147483647 2147483647 2147483647 2147483647 2147483647 2147483647 2147483647 2147483647 2147483647 2147483647 2147483647 2147483647 2147483647 2147483647 2147483647 2147483647 2147483647 2147483647 2147483647 2147483647 2147483647 2147483647 2147483647 2147483647 2147483647 2147483647 2147483647 2147483647 2147483647 2147483647 2147483647 2147483647 2147483647 2147483647 2147483647 2147483647 2147483647 2147483647 2147483647 2147483647 2147483647 2147483647 2147483647 2147483647 2147483647 2147483647 2147483647 2147483647 2147483647 2147483647 2147483647 2147483647 2147483647 2147483647 2147483647 2147483647 2147483647 2147483647 2147483647 2147483647 2147483647 2147483647 2147483647 2147483647 2147483647 2147483647 2147483647 2147483647 2147483647 2147483647 2147483647 2147483647 2147483647 2147483647 2147483647 2147483647 2147483647 2147483647 2147483647 2147483647 2147483647 2147483647 2147483647 2147483647 2147483647 2147483647 2147483647 2147483647 2147483647 2147483647 2147483647 2147483647 2147483647 2147483647 2147483647 2147483647 2147483647 2147483647 2147483647 2147483647 2147483647 2147483647 2147483647 2147483647 2147483647 2147483647 2147483647 2147483647 2147483647 2147483647 2147483647 2147483647 2147483647 2147483647 2147483647 2147483647 2147483647 2147483647 2147483647 2147483647 2147483647 2147483647 2147483647 2147483647 2147483647 2147483647 2147483647 2147483647 2147483647 2147483647 2147483647 2147483647 2147483647 2147483647 2147483647 2147483647 2147483647 2147483647 2147483647 2147483647 2147483647 2147483647 2147483647 2147483647 2147483647 2147483647 2147483647 2147483647 2147483647 2147483647 2147483647 2147483647 2147483647 2147483647 2147483647 2147483647 2147483647 2147483647 2147483647 2147483647 2147483647 2147483647 2147483647 2147483647 2147483647 2147483647 2147483647 2147483647 2147483647 2147483647 2147483647 2147483647 2147483647 2147483647 2147483647 2147483647 2147483647 2147483647 2147483647 2147483647 2147483647 2147483647 2147483647 2147483647 2147483647 2147483647 2147483647 2147483647 2147483647 2147483647 2147483647 2147483647 2147483647 2147483647 2147483647 2147483647 2147483647 2147483647 2147483647 2147483647 2147483647 2147483647 2147483647 2147483647 2147483647 2147483647 2147483647 2147483647 2147483647 2147483647 2147483647 2147483647 2147483647 2147483647 2147483647 2147483647 2147483647 2147483647 2147483647 2147483647 2147483647 2147483647 2147483647 2147483647 2147483647 2147483647 2147483647 2147483647 2147483647 2147483647 2147483647 2147483647 2147483647 2147483647 2147483647 2147483647 2147483647 2147483647 2147483647 2147483647 2147483647 2147483647 2147483647 2147483647 2147483647 2147483647 2147483647 2147483647 2147483647 2147483647 2147483647 2147483647 2147483647 2147483647 2147483647 2147483647 2147483647 2147483647 2147483647 2147483647 2147483647 2147483647 2147483647 2147483647 2147483647 2147483647 2147483647 2147483647 2147483647 2147483647 2147483647 
Altitude
-93.17185974121094 -92.53243255615234 -91.84544372558594 -91.22186279296875 -90.32877349853516 -89.62064361572266 -88.90194702148438 -88.24137878417969 -87.27959442138672 -85.25560760498047 -82.750732421875 -80.84300994873047 -79.22593688964844 -76.84789276123047 -75.0722885131836 -73.09058380126953 -71.12472534179688 -69.01091003417969 -67.21945190429688 -65.15847778320312 -63.20319366455078 -61.136932373046875 -59.12351989746094 -57.09954071044922 -55.12311935424805 -53.12556076049805 -51.05401611328125 -49.25727081298828 -47.249141693115234 -45.35727310180664 -43.33857727050781 -41.335731506347656 -39.354026794433594 -37.54671096801758 -35.5174446105957 -33.03899383544922 -31.35850715637207 -29.20769500732422 -27.490217208862305 -25.423959732055664 -23.48981475830078 -21.677215576171875 -19.53697395324707 -17.861770629882812 -16.37152862548828 -14.907709121704102 -14.157303810119629 -13.380475044250488 -12.508524894714355 -11.900801658630371 -11.472753524780273 -11.086980819702148 -10.791046142578125 -10.484542846679688 -10.088201522827148 -9.681291580200195 -9.496332168579102 -9.369503021240234 -9.158121109008789 -8.983731269836426 -8.904462814331055 -8.76177978515625 -8.756495475769043 -8.47113037109375 -7.699585914611816 -5.157718658447266 -2.071542739868164 -2.1666646003723145 -3.0333304405212402 -1.4849579334259033 0.3699183464050293 2.333127975463867 4.494507789611816 6.4075140953063965 8.69308090209961 10.35771369934082 11.784542083740234 13.06340217590332 13.930068016052246 14.63819694519043 15.586773872375488 16.252626419067383 16.659536361694336 17.19856071472168 17.5235595703125 17.999170303344727 18.102218627929688 18.427217483520508 18.477420806884766 18.6121768951416 18.236974716186523 18.921323776245117 20.01522445678711 20.36928939819336 20.649370193481445 20.61766242980957 20.50140380859375 20.50933074951172 20.744491577148438 21.243881225585938 21.241239547729492 21.156686782836914 21.15404510498047 20.744491577148438 20.525184631347656 22.07619857788086 21.732702255249023 21.518678665161133 21.2650203704834 19.2674617767334 17.608112335205078 16.120513916015625 14.94998550415039 13.298564910888672 11.364419937133789 9.990437507629395 8.352228164672852 7.432716369628906 6.111579418182373 4.563207149505615 4.151012420654297 2.137599468231201 0.3144305944442749 -1.2524378299713135 -2.4837374687194824 -2.943493127822876 -3.572354316711426 -5.823571681976318 -5.453653335571289 -6.188205718994141 -7.176415920257568 -7.472350597381592 -8.18576431274414 -8.645520210266113 -9.089422225952148 -9.04714584350586 -10.230884552001953 -9.792266845703125 -8.745926856994629 -8.465845108032227 -8.41828441619873 -8.983731269836426 -8.376008033752441 -7.9796671867370605 -7.947959899902344 -8.016658782958984 -8.101211547851562 -8.191049575805664 -8.122349739074707 -8.23861026763916 -8.312593460083008 -8.243894577026367 -8.386577606201172 -8.212186813354492 -8.080073356628418 -7.694301605224609 -6.949180603027344 -5.3955230712890625 -3.387395143508911 -2.827233076095581 -1.9024372100830078 -0.33292651176452637 1.5827220678329468 3.3530454635620117 5.184141159057617 7.1182861328125 9.123771667480469 10.825396537780762 12.249582290649414 13.203442573547363 14.247140884399414 15.111164093017578 15.76909065246582 16.424373626708984 16.770511627197266 17.380878448486328 17.520917892456055 18.062583923339844 18.297746658325195 18.860551834106445 18.97416877746582 18.810348510742188 18.77335548400879 18.17620277404785 18.997949600219727 20.062786102294922 20.25831413269043 20.62558937072754 21.2359561920166 21.41034507751465 21.436767578125 21.574167251586914 21.4737606048584 21.4737606048584 21.72213363647461 21.605873107910156 21.600589752197266 21.664003372192383 21.608516693115234 21.627012252807617 21.560955047607422 21.420913696289062 20.54896354675293 18.14185333251953 17.264617919921875 15.96726131439209 14.823156356811523 13.557507514953613 11.446331024169922 10.072347640991211 7.963813781738281 6.716660499572754 5.641254901885986 4.568491458892822 2.1296727657318115 1.231299638748169 -0.18495917320251465 -1.4056897163391113 -2.261786460876465 -2.515444755554199 -4.465442657470703 -5.416661262512207 -6.050806999206543 -6.912188529968262 -7.646740913391113 -8.3073091506958 -8.666658401489258 -8.730072975158691 -8.952024459838867 -9.274381637573242 -10.389421463012695 -10.12519359588623 -10.326005935668945 -9.448771476745605 -8.809341430664062 -8.449992179870605 -8.645520210266113 -9.353649139404297 -9.099990844726562 -8.846332550048828 -9.242673873901367 -9.686575889587402 -9.940234184265137 -9.871535301208496 -9.464625358581543 -9.887389183044434 -9.961372375488281 -9.860965728759766 -9.596738815307617 -8.962593078613281 -8.708934783935547 -8.222756385803223 -8.222756385803223 -8.217472076416016 -8.217472076416016 -8.344301223754883 -8.93617057800293 -10.510965347290039 -11.282509803771973 -11.435761451721191 -12.619500160217285 -14.955270767211914 -15.716245651245117 -16.931690216064453 -18.390226364135742 -19.44713592529297 -19.6109561920166 -20.947948455810547 -23.056482315063477 -23.75404167175293 -24.832090377807617 -27.4373722076416 -28.74265480041504 -32.056068420410156 -33.762977600097656 -35.269073486328125 -36.51094055175781 -37.80036926269531 -39.53898620605469 -39.628822326660156 -40.65402603149414 -42.524757385253906 -43.35971450805664 -45.251583099365234 -45.76947021484375 -48.866214752197266 -50.70523452758789 -51.98409652709961 -53.6434440612793 -55.572303771972656 -57.1629524230957 -58.341407775878906 -58.986122131347656 -61.23733901977539 -63.197906494140625 -63.72107696533203 -65.49140167236328 -67.92229461669922 -69.35440826416016 -71.0348892211914 -72.50399780273438 -73.8885498046875 -74.95074462890625 -76.16619110107422 -77.95764923095703 -79.13610076904297 -80.89057159423828 -82.4812240600586 -83.91333770751953 -85.45114135742188 -87.59137725830078 -88.91251373291016 -90.18609619140625 -92.07267761230469 -92.95519256591797 -93.10844421386719 -93.16129302978516 -93.1190185546875 -93.20885467529297 -93.3515396118164 -93.44137573242188 -93.85356903076172 -94.00153350830078 -94.29218292236328 